11.0
8.0
8.0
11.0
10.0
10.0
9.0
9.0
10.0
9.0
10.0
10.0
10.0
10.0
10.0
10.0
11.0
10.0
10.0
11.0
11.0
10.0
9.0
11.0
10.0
12.0
12.0
9.0
11.0
11.0
11.0
10.0
14.0
12.0
12.0
11.0
13.0
18.0
14.0
17.0
15.0
18.0
19.0
22.0
24.0
28.0
28.0
36.0
26.0
11.0
11.0
22.0
14.0
21.0
14.0
16.0
30.0
13.0
16.0
48.0
15.0
28.0
43.0
40.0
22.0
21.0
32.0
21.0
33.0
42.0
11.0
30.0
33.0
36.0
46.0
39.0
39.0
53.0
139.0
61.0
34.0
26.0
35.0
112.0
138.0
82.0
48.0
175.0
197.0
76.0
120.0
43.0
152.0
95.0
45.0
244.0
255.0
104.0
121.0
87.0
31.0
500.0
155.0
474.0
28.0
164.0
427.0
236.0
125.0
131.0
121.0
59.0
90.0
47.0
37.0
203.0
43.0
181.0
34.0
91.0
229.0
49.0
99.0
47.0
135.0
59.0
48.0
167.0
102.0
86.0
80.0
117.0
135.0
67.0
138.0
63.0
118.0
118.0
74.0
69.0
52.0
134.0
39.0
117.0
171.0
68.0
98.0
40.0
82.0
137.0
391.0
69.0
345.0
69.0
283.0
55.0
289.0
350.0
93.0
95.0
272.0
264.0
457.0
53.0
58.0
335.0
83.0
369.0
251.0
59.0
288.0
288.0
195.0
74.0
179.0
309.0
361.0
275.0
68.0
253.0
185.0
89.0
156.0
262.0
63.0
344.0
81.0
275.0
207.0
176.0
202.0
243.0
236.0
62.0
108.0
220.0
180.0
80.0
268.0
77.0
137.0
388.0
196.0
294.0
56.0
54.0
94.0
279.0
130.0
207.0
91.0
243.0
187.0
79.0
58.0
203.0
212.0
191.0
145.0
92.0
83.0
71.0
187.0
76.0
241.0
323.0
232.0
148.0
70.0
288.0
324.0
133.0
303.0
319.0
209.0
285.0
256.0
72.0
140.0
187.0
210.0
85.0
347.0
140.0
42.0
67.0
181.0
166.0
245.0
209.0
300.0
132.0
57.0
266.0
286.0
277.0
61.0
242.0
278.0
323.0
53.0
164.0
142.0
200.0
90.0
115.0
95.0
102.0
301.0
38.0
100.0
81.0
206.0
268.0
270.0
402.0
248.0
103.0
137.0
132.0
117.0
110.0
186.0
308.0
289.0
233.0
137.0
115.0
174.0
120.0
286.0
96.0
153.0
322.0
109.0
293.0
300.0
307.0
153.0
108.0
193.0
245.0
165.0
156.0
67.0
140.0
120.0
231.0
227.0
88.0
130.0
351.0
84.0
206.0
76.0
126.0
87.0
109.0
189.0
98.0
128.0
175.0
87.0
129.0
133.0
145.0
194.0
106.0
115.0
186.0
110.0
209.0
121.0
106.0
207.0
121.0
168.0
111.0
128.0
253.0
126.0
113.0
110.0
247.0
333.0
100.0
126.0
218.0
112.0
111.0
248.0
129.0
254.0
100.0
219.0
398.0
243.0
226.0
105.0
329.0
221.0
206.0
120.0
109.0
253.0
277.0
244.0
108.0
274.0
183.0
285.0
230.0
111.0
43.0
281.0
262.0
212.0
313.0
288.0
305.0
194.0
302.0
278.0
133.0
131.0
103.0
133.0
330.0
216.0
342.0
125.0
199.0
117.0
123.0
338.0
294.0
277.0
189.0
213.0
134.0
167.0
142.0
127.0
188.0
320.0
271.0
183.0
114.0
96.0
285.0
165.0
375.0
326.0
128.0
132.0
258.0
226.0
118.0
90.0
250.0
184.0
113.0
128.0
183.0
138.0
163.0
84.0
139.0
120.0
242.0
135.0
180.0
100.0
197.0
153.0
185.0
160.0
184.0
131.0
154.0
259.0
98.0
163.0
126.0
142.0
217.0
88.0
138.0
221.0
163.0
154.0
147.0
135.0
115.0
159.0
91.0
132.0
208.0
126.0
128.0
144.0
156.0
246.0
166.0
227.0
133.0
157.0
222.0
140.0
119.0
102.0
278.0
180.0
180.0
205.0
138.0
155.0
106.0
146.0
175.0
226.0
263.0
145.0
159.0
126.0
147.0
124.0
171.0
164.0
199.0
175.0
124.0
123.0
77.0
103.0
166.0
148.0
261.0
179.0
131.0
185.0
147.0
219.0
132.0
201.0
140.0
106.0
257.0
227.0
150.0
265.0
227.0
237.0
136.0
149.0
110.0
293.0
94.0
216.0
221.0
141.0
278.0
127.0
121.0
255.0
111.0
214.0
100.0
267.0
199.0
180.0
145.0
188.0
123.0
94.0
162.0
307.0
262.0
125.0
139.0
180.0
216.0
139.0
304.0
220.0
197.0
211.0
262.0
119.0
222.0
102.0
208.0
274.0
138.0
194.0
181.0
166.0
151.0
133.0
274.0
146.0
137.0
114.0
228.0
114.0
175.0
149.0
282.0
241.0
130.0
92.0
120.0
127.0
244.0
190.0
116.0
195.0
329.0
121.0
136.0
218.0
128.0
219.0
182.0
42.0
118.0
264.0
104.0
104.0
229.0
109.0
200.0
138.0
120.0
128.0
171.0
100.0
162.0
189.0
103.0
247.0
115.0
232.0
144.0
178.0
208.0
74.0
141.0
126.0
200.0
220.0
106.0
328.0
107.0
153.0
238.0
78.0
132.0
79.0
230.0
56.0
101.0
64.0
274.0
184.0
119.0
113.0
170.0
110.0
195.0
396.0
203.0
143.0
205.0
211.0
213.0
177.0
229.0
173.0
281.0
255.0
276.0
173.0
168.0
100.0
118.0
219.0
106.0
162.0
218.0
148.0
162.0
152.0
214.0
271.0
193.0
197.0
200.0
137.0
205.0
172.0
216.0
206.0
148.0
162.0
187.0
325.0
237.0
228.0
161.0
105.0
221.0
198.0
186.0
103.0
127.0
129.0
171.0
199.0
237.0
103.0
159.0
185.0
150.0
201.0
290.0
134.0
196.0
136.0
258.0
110.0
222.0
220.0
171.0
164.0
147.0
138.0
234.0
240.0
201.0
183.0
205.0
173.0
278.0
214.0
161.0
208.0
155.0
197.0
193.0
231.0
309.0
223.0
245.0
169.0
206.0
199.0
204.0
159.0
215.0
147.0
246.0
236.0
269.0
154.0
173.0
122.0
110.0
148.0
156.0
212.0
258.0
346.0
168.0
118.0
248.0
187.0
144.0
184.0
156.0
182.0
213.0
162.0
214.0
170.0
178.0
189.0
221.0
160.0
261.0
205.0
228.0
146.0
120.0
244.0
277.0
168.0
172.0
202.0
123.0
162.0
167.0
215.0
179.0
182.0
170.0
136.0
113.0
205.0
168.0
212.0
162.0
205.0
148.0
131.0
201.0
207.0
159.0
198.0
180.0
218.0
148.0
205.0
196.0
142.0
209.0
171.0
191.0
245.0
379.0
134.0
184.0
166.0
144.0
124.0
200.0
178.0
252.0
230.0
175.0
113.0
181.0
168.0
185.0
159.0
276.0
179.0
254.0
174.0
226.0
121.0
136.0
158.0
139.0
140.0
152.0
160.0
125.0
156.0
134.0
176.0
99.0
90.0
179.0
176.0
129.0
150.0
111.0
177.0
168.0
111.0
112.0
88.0
115.0
46.0
166.0
100.0
73.0
69.0
46.0
71.0
75.0
191.0
129.0
105.0
199.0
103.0
64.0
106.0
154.0
111.0
122.0
41.0
54.0
46.0
117.0
61.0
74.0
122.0
100.0
55.0
163.0
53.0
104.0
139.0
33.0
126.0
127.0
39.0
84.0
106.0
90.0
62.0
132.0
68.0
86.0
222.0
228.0
105.0
89.0
113.0
143.0
75.0
35.0
123.0
57.0
80.0
25.0
31.0
102.0
56.0
139.0
14.0
23.0
24.0
21.0
19.0
90.0
64.0
93.0
225.0
33.0
159.0
63.0
42.0
19.0
53.0
15.0
104.0
12.0
98.0
105.0
90.0
20.0
21.0
19.0
55.0
22.0
24.0
24.0
22.0
15.0
13.0
48.0
22.0
21.0
12.0
15.0
15.0
13.0
13.0
73.0
55.0
12.0
27.0
103.0
53.0
143.0
15.0
33.0
136.0
68.0
55.0
37.0
55.0
259.0
165.0
52.0
16.0
83.0
79.0
69.0
73.0
36.0
13.0
20.0
44.0
62.0
67.0
18.0
101.0
46.0
67.0
11.0
50.0
17.0
13.0
56.0
117.0
70.0
13.0
46.0
12.0
53.0
13.0
19.0
16.0
81.0
48.0
12.0
11.0
38.0
24.0
14.0
105.0
15.0
63.0
52.0
42.0
46.0
22.0
64.0
48.0
212.0
34.0
343.0
322.0
113.0
408.0
500.0
216.0
318.0
462.0
386.0
284.0
295.0
266.0
38.0
477.0
97.0
10.0
48.0
34.0
47.0
500.0
57.0
342.0
144.0
12.0
500.0
203.0
84.0
9.0
184.0
413.0
18.0
105.0
9.0
46.0
16.0
38.0
433.0
52.0
20.0
43.0
106.0
453.0
179.0
493.0
500.0
78.0
422.0
464.0
461.0
500.0
500.0
500.0
500.0
483.0
500.0
500.0
429.0
500.0
500.0
465.0
413.0
500.0
77.0
500.0
447.0
452.0
408.0
500.0
500.0
500.0
500.0
500.0
500.0
500.0
457.0
500.0
500.0
482.0
500.0
442.0
500.0
500.0
500.0
500.0
493.0
500.0
457.0
454.0
397.0
415.0
495.0
500.0
500.0
500.0
500.0
485.0
419.0
497.0
500.0
500.0
434.0
500.0
498.0
15.0
413.0
500.0
443.0
500.0
363.0
55.0
438.0
500.0
432.0
429.0
500.0
500.0
500.0
500.0
485.0
393.0
494.0
396.0
500.0
500.0
500.0
500.0
500.0
500.0
438.0
500.0
432.0
458.0
493.0
235.0
241.0
252.0
133.0
96.0
135.0
394.0
299.0
286.0
500.0
329.0
77.0
486.0
500.0
500.0
432.0
462.0
359.0
500.0
461.0
424.0
408.0
217.0
100.0
225.0
365.0
237.0
185.0
164.0
88.0
500.0
299.0
140.0
242.0
54.0
120.0
356.0
288.0
364.0
406.0
164.0
431.0
444.0
311.0
315.0
53.0
305.0
414.0
289.0
152.0
79.0
414.0
297.0
75.0
172.0
179.0
257.0
500.0
449.0
488.0
497.0
445.0
493.0
500.0
500.0
500.0
500.0
153.0
14.0
458.0
162.0
150.0
500.0
500.0
500.0
21.0
445.0
40.0
500.0
94.0
500.0
16.0
500.0
500.0
500.0
500.0
500.0
500.0
500.0
500.0
481.0
500.0
458.0
500.0
500.0
500.0
500.0
500.0
160.0
468.0
58.0
500.0
500.0
257.0
412.0
479.0
500.0
135.0
500.0
500.0
494.0
363.0
436.0
39.0
200.0
48.0
351.0
115.0
111.0
92.0
500.0
160.0
121.0
119.0
500.0
173.0
63.0
500.0
199.0
184.0
500.0
500.0
500.0
396.0
500.0
497.0
83.0
500.0
459.0
423.0
491.0
500.0
456.0
51.0
500.0
38.0
473.0
460.0
34.0
500.0
494.0
500.0
300.0
500.0
345.0
37.0
127.0
314.0
428.0
500.0
411.0
71.0
500.0
46.0
107.0
145.0
450.0
500.0
500.0
88.0
60.0
500.0
43.0
498.0
500.0
500.0
489.0
447.0
438.0
87.0
37.0
43.0
113.0
471.0
308.0
427.0
495.0
67.0
500.0
407.0
210.0
29.0
500.0
419.0
56.0
123.0
500.0
500.0
500.0
315.0
442.0
361.0
409.0
79.0
419.0
500.0
456.0
500.0
96.0
456.0
404.0
500.0
484.0
492.0
459.0
448.0
472.0
500.0
500.0
409.0
313.0
500.0
423.0
446.0
487.0
500.0
187.0
480.0
500.0
334.0
500.0
500.0
395.0
376.0
274.0
500.0
158.0
169.0
360.0
500.0
251.0
359.0
74.0
75.0
83.0
278.0
500.0
203.0
500.0
281.0
500.0
301.0
227.0
115.0
196.0
373.0
311.0
500.0
307.0
139.0
189.0
67.0
236.0
500.0
137.0
216.0
230.0
205.0
500.0
285.0
213.0
199.0
71.0
237.0
375.0
500.0
500.0
142.0
500.0
500.0
500.0
274.0
245.0
340.0
311.0
198.0
293.0
309.0
500.0
500.0
500.0
97.0
77.0
69.0
500.0
252.0
500.0
198.0
500.0
131.0
116.0
369.0
500.0
216.0
251.0
306.0
272.0
500.0
73.0
131.0
479.0
192.0
154.0
224.0
313.0
122.0
147.0
500.0
170.0
252.0
247.0
127.0
132.0
65.0
141.0
264.0
418.0
252.0
500.0
137.0
186.0
134.0
500.0
282.0
500.0
500.0
245.0
209.0
53.0
275.0
500.0
215.0
121.0
500.0
77.0
72.0
451.0
227.0
126.0
129.0
59.0
200.0
136.0
55.0
73.0
244.0
249.0
199.0
71.0
225.0
99.0
185.0
500.0
145.0
66.0
500.0
53.0
83.0
440.0
478.0
499.0
53.0
166.0
261.0
500.0
232.0
162.0
300.0
220.0
89.0
248.0
264.0
293.0
28.0
207.0
85.0
116.0
207.0
234.0
224.0
310.0
51.0
238.0
265.0
304.0
234.0
180.0
269.0
228.0
183.0
203.0
18.0
245.0
314.0
194.0
281.0
226.0
305.0
204.0
167.0
115.0
164.0
381.0
248.0
441.0
178.0
30.0
260.0
500.0
203.0
223.0
264.0
104.0
225.0
387.0
240.0
59.0
226.0
332.0
256.0
92.0
125.0
306.0
147.0
317.0
120.0
259.0
356.0
416.0
265.0
311.0
284.0
104.0
39.0
80.0
202.0
216.0
192.0
179.0
262.0
42.0
126.0
177.0
141.0
100.0
106.0
64.0
160.0
347.0
300.0
302.0
87.0
211.0
316.0
237.0
58.0
151.0
270.0
213.0
85.0
227.0
445.0
187.0
198.0
13.0
38.0
172.0
192.0
304.0
286.0
140.0
181.0
55.0
77.0
131.0
142.0
131.0
314.0
35.0
165.0
287.0
168.0
66.0
126.0
217.0
274.0
191.0
286.0
140.0
86.0
90.0
361.0
272.0
143.0
381.0
151.0
354.0
180.0
297.0
134.0
297.0
56.0
222.0
229.0
86.0
167.0
72.0
242.0
188.0
263.0
307.0
235.0
59.0
206.0
148.0
296.0
217.0
150.0
273.0
220.0
127.0
146.0
155.0
170.0
132.0
91.0
206.0
148.0
175.0
86.0
157.0
239.0
108.0
161.0
167.0
314.0
333.0
208.0
364.0
154.0
276.0
86.0
429.0
274.0
65.0
225.0
97.0
101.0
71.0
160.0
185.0
124.0
65.0
94.0
153.0
90.0
53.0
145.0
147.0
148.0
85.0
155.0
138.0
107.0
192.0
149.0
84.0
219.0
174.0
246.0
157.0
37.0
257.0
180.0
43.0
232.0
161.0
251.0
302.0
253.0
500.0
183.0
239.0
405.0
217.0
275.0
74.0
226.0
304.0
287.0
347.0
161.0
129.0
140.0
324.0
171.0
139.0
292.0
203.0
182.0
273.0
116.0
375.0
220.0
134.0
380.0
116.0
119.0
210.0
187.0
186.0
119.0
165.0
198.0
281.0
163.0
147.0
146.0
195.0
235.0
222.0
325.0
239.0
127.0
500.0
238.0
119.0
223.0
359.0
219.0
490.0
248.0
139.0
165.0
207.0
280.0
349.0
298.0
384.0
94.0
98.0
167.0
111.0
362.0
145.0
208.0
226.0
500.0
366.0
500.0
362.0
186.0
235.0
33.0
61.0
149.0
500.0
272.0
500.0
364.0
234.0
131.0
335.0
155.0
108.0
405.0
107.0
213.0
308.0
310.0
180.0
131.0
165.0
379.0
432.0
386.0
40.0
173.0
180.0
151.0
176.0
343.0
380.0
500.0
55.0
500.0
486.0
154.0
382.0
394.0
225.0
177.0
141.0
304.0
235.0
384.0
449.0
221.0
323.0
345.0
132.0
408.0
419.0
185.0
365.0
150.0
112.0
135.0
44.0
147.0
107.0
138.0
45.0
207.0
258.0
155.0
203.0
234.0
259.0
396.0
155.0
91.0
117.0
32.0
191.0
107.0
358.0
330.0
139.0
275.0
500.0
146.0
198.0
260.0
254.0
313.0
100.0
186.0
127.0
67.0
113.0
197.0
71.0
72.0
238.0
97.0
96.0
12.0
204.0
148.0
142.0
199.0
143.0
99.0
138.0
151.0
109.0
195.0
411.0
113.0
53.0
373.0
122.0
49.0
426.0
54.0
97.0
61.0
34.0
121.0
56.0
193.0
272.0
500.0
370.0
440.0
314.0
356.0
428.0
101.0
173.0
305.0
160.0
131.0
183.0
233.0
203.0
112.0
157.0
143.0
33.0
87.0
227.0
185.0
135.0
170.0
343.0
200.0
437.0
372.0
251.0
269.0
51.0
31.0
226.0
266.0
269.0
284.0
215.0
215.0
337.0
310.0
264.0
254.0
216.0
269.0
229.0
227.0
270.0
305.0
293.0
165.0
248.0
157.0
201.0
303.0
223.0
210.0
99.0
36.0
164.0
172.0
274.0
201.0
253.0
234.0
243.0
33.0
343.0
173.0
258.0
433.0
179.0
72.0
189.0
342.0
298.0
226.0
137.0
250.0
242.0
228.0
199.0
259.0
249.0
168.0
79.0
202.0
327.0
139.0
173.0
157.0
218.0
236.0
276.0
162.0
198.0
169.0
349.0
33.0
165.0
224.0
221.0
211.0
288.0
163.0
212.0
299.0
76.0
51.0
176.0
227.0
228.0
443.0
249.0
215.0
33.0
229.0
227.0
221.0
203.0
86.0
450.0
214.0
248.0
285.0
261.0
181.0
391.0
416.0
214.0
228.0
268.0
432.0
441.0
244.0
500.0
275.0
466.0
195.0
318.0
195.0
274.0
500.0
41.0
259.0
251.0
276.0
82.0
225.0
226.0
145.0
293.0
411.0
444.0
230.0
189.0
424.0
310.0
217.0
180.0
140.0
500.0
319.0
413.0
278.0
253.0
231.0
478.0
451.0
228.0
225.0
85.0
478.0
209.0
244.0
237.0
273.0
197.0
186.0
253.0
500.0
69.0
500.0
126.0
206.0
400.0
196.0
466.0
333.0
305.0
258.0
168.0
408.0
64.0
185.0
348.0
259.0
366.0
298.0
177.0
367.0
222.0
202.0
484.0
374.0
431.0
296.0
456.0
220.0
464.0
500.0
346.0
500.0
265.0
245.0
478.0
318.0
445.0
263.0
451.0
255.0
282.0
241.0
259.0
279.0
500.0
275.0
460.0
195.0
295.0
500.0
486.0
500.0
500.0
203.0
197.0
360.0
487.0
404.0
161.0
430.0
500.0
58.0
293.0
85.0
206.0
387.0
500.0
268.0
262.0
147.0
234.0
286.0
383.0
247.0
195.0
453.0
475.0
261.0
414.0
500.0
393.0
481.0
500.0
239.0
500.0
211.0
291.0
357.0
500.0
500.0
221.0
500.0
500.0
233.0
500.0
308.0
267.0
500.0
500.0
220.0
500.0
141.0
289.0
217.0
292.0
349.0
500.0
297.0
253.0
353.0
291.0
279.0
371.0
426.0
146.0
373.0
281.0
424.0
317.0
324.0
500.0
268.0
274.0
304.0
218.0
500.0
463.0
500.0
208.0
450.0
275.0
263.0
247.0
490.0
148.0
326.0
357.0
207.0
315.0
272.0
294.0
358.0
376.0
355.0
206.0
222.0
279.0
363.0
388.0
299.0
266.0
500.0
226.0
500.0
213.0
261.0
230.0
500.0
251.0
500.0
500.0
280.0
334.0
258.0
500.0
499.0
308.0
152.0
262.0
303.0
350.0
500.0
278.0
500.0
500.0
500.0
279.0
205.0
265.0
290.0
500.0
240.0
303.0
464.0
241.0
500.0
332.0
359.0
406.0
500.0
225.0
117.0
279.0
500.0
500.0
276.0
168.0
500.0
500.0
500.0
348.0
344.0
205.0
230.0
500.0
246.0
500.0
215.0
283.0
283.0
420.0
323.0
500.0
303.0
252.0
283.0
283.0
411.0
287.0
500.0
500.0
279.0
435.0
500.0
475.0
330.0
244.0
219.0
250.0
271.0
308.0
500.0
240.0
193.0
500.0
390.0
338.0
340.0
331.0
457.0
442.0
137.0
500.0
342.0
500.0
282.0
500.0
317.0
500.0
247.0
217.0
500.0
500.0
500.0
281.0
253.0
331.0
336.0
404.0
237.0
267.0
273.0
500.0
500.0
319.0
432.0
369.0
248.0
283.0
500.0
266.0
255.0
303.0
305.0
203.0
500.0
318.0
500.0
500.0
220.0
225.0
500.0
500.0
500.0
200.0
217.0
211.0
334.0
500.0
267.0
364.0
262.0
184.0
325.0
235.0
273.0
260.0
500.0
355.0
236.0
293.0
230.0
299.0
299.0
500.0
500.0
413.0
419.0
327.0
383.0
500.0
500.0
500.0
500.0
500.0
500.0
291.0
500.0
407.0
218.0
500.0
500.0
308.0
243.0
500.0
500.0
500.0
295.0
249.0
231.0
217.0
266.0
159.0
500.0
210.0
282.0
248.0
157.0
273.0
205.0
500.0
156.0
233.0
500.0
253.0
236.0
169.0
161.0
500.0
500.0
297.0
367.0
311.0
263.0
333.0
291.0
500.0
189.0
263.0
331.0
500.0
283.0
400.0
447.0
500.0
487.0
181.0
247.0
263.0
500.0
500.0
232.0
500.0
319.0
500.0
181.0
349.0
242.0
329.0
257.0
500.0
273.0
245.0
297.0
389.0
500.0
401.0
500.0
500.0
352.0
129.0
387.0
173.0
258.0
281.0
237.0
213.0
244.0
268.0
500.0
500.0
312.0
164.0
238.0
500.0
421.0
500.0
205.0
215.0
311.0
237.0
299.0
316.0
296.0
317.0
409.0
211.0
469.0
322.0
255.0
500.0
310.0
276.0
275.0
500.0
397.0
277.0
226.0
198.0
500.0
352.0
500.0
204.0
270.0
250.0
500.0
259.0
228.0
373.0
500.0
500.0
236.0
358.0
248.0
396.0
500.0
500.0
405.0
260.0
500.0
188.0
393.0
500.0
277.0
369.0
241.0
192.0
467.0
500.0
500.0
338.0
500.0
269.0
500.0
500.0
500.0
322.0
255.0
465.0
256.0
357.0
500.0
500.0
235.0
236.0
276.0
243.0
500.0
351.0
500.0
500.0
260.0
262.0
283.0
218.0
297.0
196.0
402.0
269.0
463.0
500.0
316.0
500.0
232.0
500.0
300.0
205.0
500.0
235.0
474.0
500.0
500.0
329.0
275.0
500.0
340.0
340.0
500.0
500.0
500.0
344.0
272.0
500.0
267.0
500.0
500.0
481.0
428.0
268.0
287.0
500.0
382.0
282.0
326.0
218.0
275.0
221.0
500.0
500.0
326.0
302.0
284.0
500.0
397.0
500.0
500.0
318.0
285.0
230.0
500.0
214.0
201.0
300.0
261.0
344.0
193.0
500.0
252.0
405.0
500.0
341.0
172.0
231.0
500.0
278.0
255.0
500.0
236.0
271.0
500.0
500.0
500.0
149.0
260.0
148.0
295.0
220.0
232.0
359.0
214.0
208.0
406.0
413.0
473.0
500.0
203.0
214.0
399.0
346.0
201.0
315.0
243.0
272.0
430.0
285.0
500.0
398.0
500.0
270.0
122.0
318.0
500.0
352.0
374.0
232.0
209.0
294.0
176.0
217.0
150.0
205.0
500.0
500.0
475.0
315.0
500.0
282.0
427.0
500.0
289.0
500.0
208.0
223.0
378.0
453.0
354.0
500.0
247.0
489.0
242.0
500.0
394.0
241.0
211.0
289.0
500.0
411.0
297.0
267.0
500.0
500.0
332.0
500.0
110.0
500.0
407.0
179.0
500.0
500.0
77.0
500.0
500.0
255.0
307.0
500.0
317.0
500.0
487.0
256.0
221.0
500.0
500.0
500.0
268.0
418.0
500.0
177.0
262.0
197.0
500.0
175.0
243.0
424.0
500.0
500.0
220.0
500.0
324.0
500.0
278.0
500.0
500.0
240.0
90.0
328.0
464.0
259.0
374.0
456.0
198.0
500.0
500.0
268.0
240.0
428.0
500.0
500.0
364.0
500.0
500.0
207.0
306.0
204.0
237.0
161.0
195.0
500.0
136.0
314.0
210.0
229.0
444.0
292.0
321.0
500.0
191.0
197.0
195.0
500.0
305.0
165.0
500.0
183.0
477.0
300.0
500.0
500.0
256.0
370.0
500.0
196.0
500.0
357.0
220.0
199.0
177.0
238.0
76.0
369.0
167.0
500.0
500.0
204.0
300.0
500.0
500.0
500.0
500.0
315.0
187.0
158.0
213.0
500.0
500.0
500.0
206.0
500.0
171.0
296.0
221.0
169.0
211.0
477.0
263.0
500.0
128.0
219.0
500.0
292.0
500.0
175.0
155.0
179.0
278.0
500.0
224.0
500.0
500.0
500.0
262.0
280.0
293.0
326.0
104.0
500.0
257.0
190.0
324.0
268.0
124.0
500.0
500.0
500.0
185.0
211.0
272.0
400.0
500.0
500.0
382.0
354.0
495.0
500.0
316.0
189.0
248.0
183.0
500.0
198.0
500.0
500.0
222.0
227.0
102.0
200.0
313.0
500.0
323.0
152.0
500.0
186.0
244.0
79.0
139.0
242.0
184.0
216.0
101.0
298.0
200.0
204.0
500.0
350.0
500.0
243.0
500.0
174.0
160.0
187.0
265.0
328.0
280.0
500.0
205.0
171.0
128.0
98.0
398.0
73.0
152.0
218.0
500.0
500.0
353.0
133.0
155.0
184.0
234.0
185.0
500.0
500.0
500.0
114.0
164.0
176.0
166.0
500.0
500.0
500.0
150.0
262.0
230.0
192.0
178.0
263.0
500.0
168.0
161.0
500.0
131.0
146.0
500.0
148.0
182.0
127.0
155.0
169.0
500.0
264.0
483.0
500.0
141.0
500.0
500.0
500.0
238.0
500.0
500.0
207.0
500.0
500.0
500.0
500.0
152.0
210.0
162.0
500.0
500.0
203.0
222.0
331.0
500.0
214.0
500.0
191.0
145.0
245.0
184.0
244.0
231.0
266.0
200.0
425.0
194.0
239.0
357.0
500.0
180.0
190.0
164.0
223.0
220.0
455.0
124.0
248.0
209.0
165.0
61.0
238.0
179.0
500.0
191.0
393.0
191.0
64.0
210.0
140.0
259.0
202.0
166.0
500.0
500.0
261.0
217.0
186.0
146.0
500.0
467.0
88.0
155.0
500.0
164.0
268.0
500.0
273.0
130.0
186.0
259.0
287.0
500.0
262.0
235.0
253.0
176.0
500.0
500.0
140.0
500.0
151.0
345.0
465.0
221.0
273.0
500.0
500.0
500.0
500.0
453.0
500.0
449.0
221.0
500.0
500.0
486.0
212.0
500.0
241.0
244.0
180.0
500.0
137.0
500.0
336.0
500.0
500.0
206.0
500.0
180.0
500.0
500.0
124.0
219.0
227.0
120.0
383.0
500.0
200.0
275.0
189.0
224.0
361.0
423.0
172.0
179.0
181.0
500.0
170.0
269.0
500.0
500.0
500.0
500.0
377.0
160.0
170.0
151.0
222.0
202.0
151.0
276.0
157.0
241.0
254.0
137.0
290.0
144.0
500.0
284.0
280.0
500.0
196.0
154.0
312.0
500.0
216.0
354.0
165.0
247.0
500.0
500.0
106.0
244.0
500.0
234.0
500.0
161.0
273.0
255.0
191.0
334.0
500.0
201.0
291.0
500.0
129.0
320.0
252.0
177.0
292.0
216.0
457.0
188.0
263.0
500.0
275.0
94.0
500.0
286.0
315.0
265.0
500.0
500.0
230.0
347.0
178.0
189.0
63.0
201.0
204.0
381.0
172.0
153.0
175.0
251.0
241.0
177.0
201.0
173.0
500.0
217.0
239.0
137.0
179.0
130.0
162.0
218.0
161.0
328.0
171.0
149.0
163.0
500.0
357.0
122.0
184.0
233.0
500.0
174.0
500.0
190.0
500.0
168.0
191.0
372.0
268.0
179.0
211.0
156.0
181.0
188.0
101.0
500.0
167.0
294.0
181.0
500.0
147.0
248.0
185.0
162.0
232.0
196.0
185.0
500.0
500.0
388.0
500.0
500.0
235.0
207.0
445.0
217.0
500.0
500.0
254.0
203.0
289.0
232.0
152.0
493.0
264.0
225.0
142.0
202.0
309.0
291.0
500.0
233.0
453.0
339.0
500.0
407.0
137.0
131.0
322.0
61.0
215.0
236.0
199.0
249.0
500.0
266.0
212.0
212.0
179.0
138.0
500.0
235.0
178.0
198.0
190.0
189.0
500.0
500.0
500.0
500.0
353.0
234.0
500.0
288.0
276.0
260.0
288.0
182.0
377.0
185.0
500.0
183.0
245.0
135.0
151.0
500.0
201.0
500.0
274.0
500.0
329.0
195.0
217.0
235.0
500.0
500.0
231.0
178.0
224.0
500.0
500.0
500.0
208.0
274.0
199.0
215.0
265.0
281.0
169.0
122.0
481.0
188.0
164.0
205.0
308.0
285.0
165.0
311.0
169.0
500.0
201.0
129.0
494.0
155.0
192.0
149.0
497.0
250.0
266.0
211.0
262.0
252.0
171.0
148.0
172.0
245.0
207.0
148.0
500.0
342.0
157.0
159.0
317.0
141.0
288.0
145.0
500.0
209.0
198.0
173.0
500.0
343.0
187.0
210.0
205.0
463.0
195.0
226.0
316.0
500.0
357.0
250.0
221.0
104.0
264.0
239.0
94.0
500.0
500.0
115.0
302.0
305.0
500.0
339.0
162.0
500.0
225.0
295.0
286.0
500.0
242.0
235.0
500.0
500.0
175.0
149.0
500.0
500.0
290.0
289.0
137.0
266.0
500.0
500.0
306.0
252.0
336.0
236.0
150.0
215.0
196.0
141.0
319.0
185.0
170.0
500.0
304.0
223.0
292.0
227.0
252.0
159.0
500.0
203.0
261.0
207.0
153.0
500.0
500.0
238.0
500.0
255.0
238.0
191.0
202.0
183.0
261.0
459.0
500.0
187.0
500.0
261.0
326.0
186.0
305.0
500.0
212.0
95.0
161.0
153.0
169.0
500.0
245.0
309.0
132.0
158.0
125.0
200.0
167.0
204.0
500.0
170.0
500.0
162.0
500.0
170.0
263.0
147.0
187.0
500.0
151.0
139.0
500.0
500.0
500.0
239.0
333.0
500.0
500.0
187.0
158.0
233.0
500.0
92.0
500.0
500.0
500.0
228.0
285.0
182.0
171.0
467.0
500.0
500.0
500.0
500.0
500.0
154.0
408.0
241.0
99.0
207.0
194.0
140.0
211.0
500.0
405.0
358.0
383.0
500.0
331.0
500.0
155.0
280.0
307.0
370.0
246.0
233.0
165.0
500.0
500.0
500.0
500.0
233.0
278.0
235.0
291.0
500.0
136.0
153.0
218.0
75.0
210.0
193.0
187.0
203.0
500.0
398.0
500.0
106.0
367.0
221.0
292.0
337.0
500.0
500.0
393.0
269.0
452.0
313.0
500.0
500.0
169.0
500.0
296.0
500.0
305.0
500.0
500.0
145.0
140.0
499.0
191.0
193.0
158.0
377.0
196.0
500.0
181.0
145.0
224.0
187.0
213.0
236.0
248.0
315.0
319.0
500.0
500.0
500.0
304.0
259.0
205.0
427.0
229.0
500.0
163.0
300.0
187.0
282.0
156.0
222.0
500.0
500.0
290.0
163.0
500.0
500.0
500.0
500.0
123.0
240.0
500.0
211.0
243.0
500.0
347.0
247.0
207.0
267.0
175.0
264.0
199.0
173.0
471.0
199.0
221.0
256.0
202.0
342.0
500.0
213.0
255.0
500.0
191.0
276.0
179.0
500.0
242.0
171.0
291.0
180.0
238.0
500.0
500.0
500.0
258.0
500.0
218.0
273.0
500.0
500.0
298.0
218.0
152.0
500.0
190.0
208.0
220.0
377.0
465.0
246.0
135.0
159.0
219.0
500.0
500.0
499.0
500.0
500.0
239.0
162.0
262.0
220.0
194.0
236.0
244.0
148.0
193.0
329.0
487.0
500.0
302.0
169.0
500.0
238.0
194.0
133.0
246.0
204.0
294.0
247.0
500.0
500.0
157.0
196.0
232.0
465.0
406.0
236.0
245.0
349.0
145.0
207.0
261.0
210.0
500.0
214.0
271.0
249.0
500.0
127.0
226.0
124.0
500.0
199.0
294.0
227.0
500.0
500.0
359.0
215.0
270.0
172.0
500.0
236.0
142.0
140.0
349.0
500.0
296.0
298.0
265.0
191.0
385.0
168.0
292.0
162.0
280.0
148.0
269.0
207.0
158.0
500.0
272.0
423.0
337.0
500.0
248.0
205.0
500.0
330.0
145.0
500.0
354.0
493.0
361.0
137.0
500.0
191.0
500.0
157.0
215.0
500.0
276.0
251.0
296.0
500.0
500.0
216.0
147.0
144.0
167.0
320.0
500.0
160.0
299.0
263.0
324.0
206.0
408.0
296.0
287.0
311.0
218.0
500.0
278.0
304.0
500.0
293.0
226.0
191.0
235.0
136.0
500.0
239.0
242.0
500.0
243.0
279.0
500.0
500.0
224.0
139.0
252.0
393.0
186.0
231.0
195.0
205.0
238.0
179.0
202.0
178.0
467.0
136.0
381.0
323.0
121.0
311.0
174.0
170.0
393.0
265.0
500.0
167.0
220.0
244.0
231.0
308.0
252.0
248.0
293.0
451.0
333.0
184.0
187.0
228.0
171.0
168.0
238.0
130.0
283.0
275.0
283.0
500.0
352.0
287.0
247.0
177.0
305.0
209.0
500.0
328.0
248.0
194.0
193.0
201.0
151.0
282.0
240.0
155.0
213.0
314.0
106.0
261.0
191.0
287.0
233.0
329.0
242.0
280.0
168.0
207.0
176.0
246.0
267.0
402.0
255.0
264.0
347.0
164.0
221.0
463.0
339.0
280.0
244.0
438.0
266.0
500.0
192.0
234.0
500.0
146.0
343.0
267.0
171.0
232.0
171.0
249.0
227.0
290.0
490.0
338.0
220.0
440.0
500.0
164.0
229.0
285.0
312.0
172.0
198.0
259.0
354.0
223.0
182.0
152.0
267.0
164.0
188.0
177.0
208.0
237.0
461.0
317.0
307.0
257.0
194.0
336.0
171.0
314.0
283.0
141.0
244.0
298.0
500.0
349.0
208.0
273.0
500.0
253.0
206.0
203.0
251.0
359.0
217.0
284.0
296.0
494.0
175.0
195.0
216.0
421.0
371.0
357.0
292.0
369.0
322.0
453.0
380.0
150.0
267.0
203.0
470.0
408.0
169.0
221.0
292.0
348.0
159.0
415.0
368.0
363.0
474.0
173.0
245.0
266.0
500.0
200.0
151.0
254.0
361.0
182.0
395.0
263.0
414.0
500.0
333.0
430.0
273.0
354.0
470.0
221.0
188.0
294.0
319.0
500.0
219.0
263.0
302.0
175.0
331.0
342.0
176.0
295.0
192.0
500.0
194.0
159.0
168.0
198.0
228.0
181.0
500.0
141.0
166.0
236.0
238.0
176.0
186.0
259.0
191.0
243.0
419.0
200.0
347.0
243.0
500.0
500.0
500.0
500.0
171.0
500.0
260.0
325.0
206.0
153.0
224.0
181.0
468.0
276.0
177.0
351.0
322.0
212.0
500.0
309.0
268.0
197.0
394.0
224.0
304.0
238.0
421.0
197.0
200.0
404.0
328.0
287.0
500.0
186.0
241.0
195.0
335.0
210.0
500.0
177.0
135.0
269.0
285.0
455.0
231.0
271.0
231.0
500.0
296.0
302.0
230.0
184.0
160.0
307.0
264.0
221.0
454.0
341.0
261.0
231.0
201.0
270.0
361.0
500.0
252.0
264.0
291.0
283.0
217.0
269.0
450.0
178.0
298.0
220.0
342.0
294.0
422.0
343.0
288.0
204.0
153.0
217.0
233.0
265.0
182.0
297.0
399.0
224.0
165.0
208.0
446.0
197.0
500.0
275.0
223.0
14.0
242.0
257.0
193.0
362.0
153.0
186.0
298.0
222.0
128.0
272.0
334.0
215.0
161.0
12.0
266.0
181.0
500.0
208.0
191.0
208.0
122.0
190.0
246.0
312.0
258.0
250.0
13.0
164.0
369.0
168.0
313.0
270.0
311.0
205.0
272.0
301.0
204.0
143.0
121.0
184.0
200.0
358.0
156.0
409.0
267.0
448.0
464.0
243.0
305.0
500.0
500.0
211.0
126.0
202.0
16.0
291.0
285.0
346.0
416.0
294.0
231.0
489.0
500.0
222.0
194.0
207.0
500.0
204.0
246.0
335.0
228.0
283.0
222.0
277.0
191.0
243.0
239.0
469.0
258.0
273.0
500.0
166.0
378.0
299.0
328.0
296.0
113.0
385.0
328.0
234.0
126.0
235.0
296.0
121.0
206.0
202.0
385.0
200.0
342.0
298.0
204.0
190.0
113.0
196.0
250.0
199.0
178.0
171.0
250.0
267.0
500.0
200.0
236.0
245.0
500.0
215.0
192.0
437.0
284.0
448.0
312.0
189.0
265.0
306.0
164.0
206.0
201.0
238.0
212.0
228.0
249.0
112.0
306.0
291.0
207.0
225.0
191.0
277.0
500.0
355.0
174.0
237.0
436.0
268.0
500.0
237.0
296.0
209.0
457.0
312.0
146.0
137.0
240.0
196.0
170.0
417.0
324.0
500.0
234.0
160.0
292.0
227.0
500.0
250.0
185.0
210.0
300.0
315.0
408.0
214.0
279.0
182.0
452.0
232.0
361.0
361.0
246.0
198.0
220.0
132.0
263.0
434.0
433.0
359.0
193.0
222.0
134.0
170.0
314.0
458.0
373.0
132.0
249.0
168.0
113.0
300.0
210.0
211.0
214.0
221.0
153.0
240.0
242.0
261.0
287.0
390.0
285.0
306.0
109.0
427.0
154.0
146.0
175.0
212.0
116.0
313.0
211.0
341.0
500.0
389.0
286.0
451.0
124.0
219.0
210.0
316.0
500.0
221.0
245.0
244.0
248.0
263.0
180.0
263.0
195.0
258.0
385.0
216.0
286.0
297.0
500.0
447.0
500.0
373.0
195.0
345.0
327.0
349.0
500.0
213.0
500.0
427.0
112.0
248.0
379.0
366.0
187.0
208.0
245.0
95.0
500.0
246.0
140.0
188.0
500.0
313.0
328.0
104.0
500.0
209.0
229.0
127.0
205.0
500.0
197.0
347.0
192.0
498.0
500.0
460.0
214.0
371.0
500.0
268.0
105.0
197.0
199.0
500.0
450.0
238.0
216.0
149.0
483.0
500.0
400.0
270.0
500.0
292.0
303.0
363.0
334.0
183.0
228.0
289.0
287.0
267.0
253.0
201.0
397.0
257.0
492.0
280.0
177.0
270.0
342.0
271.0
254.0
243.0
431.0
234.0
223.0
190.0
353.0
302.0
304.0
342.0
333.0
240.0
208.0
208.0
221.0
200.0
206.0
236.0
500.0
225.0
216.0
193.0
222.0
288.0
302.0
164.0
417.0
246.0
301.0
303.0
459.0
309.0
253.0
229.0
222.0
307.0
286.0
214.0
265.0
124.0
357.0
233.0
456.0
279.0
258.0
219.0
286.0
250.0
390.0
426.0
251.0
193.0
281.0
264.0
312.0
185.0
140.0
220.0
449.0
238.0
320.0
217.0
260.0
196.0
392.0
343.0
211.0
221.0
222.0
264.0
237.0
103.0
209.0
192.0
395.0
261.0
494.0
218.0
190.0
184.0
241.0
309.0
500.0
258.0
291.0
500.0
271.0
332.0
203.0
206.0
225.0
394.0
250.0
288.0
268.0
500.0
300.0
500.0
133.0
376.0
234.0
195.0
158.0
271.0
273.0
238.0
224.0
237.0
260.0
310.0
500.0
258.0
279.0
416.0
278.0
475.0
196.0
181.0
222.0
257.0
500.0
185.0
352.0
206.0
298.0
302.0
431.0
215.0
277.0
277.0
185.0
237.0
303.0
290.0
226.0
320.0
222.0
206.0
264.0
217.0
274.0
220.0
500.0
443.0
223.0
461.0
176.0
257.0
325.0
249.0
307.0
217.0
360.0
200.0
244.0
201.0
228.0
305.0
303.0
299.0
322.0
209.0
500.0
417.0
500.0
246.0
405.0
359.0
157.0
289.0
195.0
466.0
202.0
262.0
197.0
245.0
339.0
362.0
218.0
276.0
331.0
221.0
265.0
331.0
500.0
198.0
315.0
180.0
206.0
130.0
275.0
199.0
348.0
305.0
241.0
446.0
243.0
259.0
206.0
267.0
302.0
201.0
500.0
264.0
230.0
500.0
221.0
309.0
320.0
227.0
222.0
206.0
293.0
229.0
302.0
338.0
174.0
255.0
500.0
214.0
203.0
221.0
230.0
500.0
43.0
207.0
298.0
206.0
216.0
216.0
217.0
210.0
221.0
388.0
202.0
286.0
199.0
488.0
256.0
232.0
294.0
282.0
197.0
212.0
216.0
393.0
166.0
356.0
216.0
211.0
210.0
270.0
500.0
230.0
208.0
315.0
338.0
252.0
151.0
225.0
184.0
221.0
223.0
292.0
385.0
190.0
214.0
500.0
238.0
208.0
275.0
254.0
214.0
232.0
204.0
371.0
228.0
459.0
215.0
500.0
233.0
193.0
216.0
210.0
241.0
145.0
398.0
409.0
235.0
177.0
415.0
264.0
233.0
184.0
500.0
264.0
395.0
246.0
200.0
332.0
309.0
500.0
252.0
299.0
163.0
433.0
430.0
239.0
147.0
223.0
212.0
372.0
173.0
257.0
246.0
259.0
208.0
364.0
224.0
192.0
194.0
215.0
257.0
247.0
223.0
273.0
374.0
259.0
328.0
310.0
248.0
213.0
257.0
262.0
197.0
193.0
235.0
411.0
305.0
171.0
366.0
218.0
219.0
243.0
266.0
235.0
324.0
200.0
244.0
198.0
215.0
184.0
280.0
248.0
190.0
317.0
388.0
213.0
227.0
500.0
205.0
358.0
212.0
291.0
283.0
210.0
214.0
300.0
205.0
332.0
237.0
151.0
372.0
261.0
196.0
328.0
261.0
261.0
217.0
159.0
284.0
244.0
233.0
332.0
240.0
209.0
304.0
500.0
247.0
337.0
342.0
255.0
238.0
399.0
292.0
226.0
232.0
249.0
229.0
407.0
259.0
299.0
500.0
231.0
500.0
412.0
319.0
215.0
225.0
325.0
244.0
264.0
466.0
305.0
349.0
226.0
240.0
216.0
308.0
276.0
469.0
203.0
188.0
231.0
203.0
320.0
365.0
360.0
352.0
170.0
228.0
262.0
259.0
495.0
220.0
284.0
208.0
258.0
176.0
252.0
275.0
406.0
271.0
305.0
269.0
335.0
323.0
268.0
222.0
218.0
223.0
309.0
318.0
291.0
426.0
371.0
215.0
500.0
223.0
208.0
415.0
310.0
404.0
308.0
359.0
232.0
388.0
499.0
180.0
219.0
318.0
500.0
231.0
201.0
290.0
219.0
206.0
211.0
219.0
331.0
216.0
226.0
438.0
425.0
374.0
202.0
211.0
358.0
261.0
223.0
215.0
470.0
208.0
186.0
168.0
310.0
211.0
231.0
333.0
500.0
244.0
359.0
202.0
204.0
315.0
236.0
239.0
375.0
316.0
266.0
206.0
281.0
226.0
224.0
500.0
303.0
336.0
215.0
238.0
199.0
295.0
222.0
293.0
287.0
500.0
320.0
363.0
298.0
442.0
500.0
338.0
302.0
477.0
321.0
500.0
205.0
331.0
324.0
153.0
285.0
331.0
244.0
406.0
143.0
186.0
367.0
239.0
142.0
388.0
287.0
373.0
199.0
284.0
216.0
333.0
217.0
263.0
411.0
247.0
197.0
175.0
266.0
314.0
403.0
426.0
54.0
328.0
260.0
260.0
227.0
195.0
304.0
204.0
216.0
191.0
179.0
266.0
202.0
208.0
202.0
347.0
467.0
199.0
244.0
246.0
300.0
201.0
212.0
281.0
217.0
266.0
14.0
361.0
166.0
192.0
228.0
359.0
271.0
263.0
312.0
436.0
293.0
250.0
428.0
167.0
108.0
201.0
195.0
295.0
194.0
312.0
164.0
201.0
214.0
248.0
365.0
199.0
273.0
200.0
265.0
194.0
153.0
500.0
201.0
500.0
248.0
202.0
293.0
215.0
207.0
500.0
183.0
193.0
201.0
201.0
233.0
255.0
234.0
208.0
210.0
297.0
209.0
500.0
457.0
500.0
209.0
171.0
207.0
216.0
221.0
211.0
245.0
165.0
287.0
265.0
388.0
217.0
377.0
487.0
222.0
224.0
390.0
500.0
203.0
173.0
321.0
257.0
210.0
212.0
403.0
392.0
244.0
500.0
213.0
179.0
354.0
220.0
264.0
230.0
293.0
223.0
316.0
234.0
203.0
205.0
385.0
351.0
368.0
303.0
207.0
265.0
222.0
260.0
253.0
183.0
223.0
230.0
468.0
490.0
242.0
200.0
360.0
500.0
229.0
270.0
426.0
183.0
321.0
350.0
193.0
222.0
239.0
255.0
180.0
262.0
243.0
240.0
203.0
182.0
356.0
264.0
285.0
216.0
216.0
224.0
222.0
190.0
164.0
293.0
500.0
417.0
459.0
366.0
286.0
189.0
211.0
338.0
419.0
384.0
226.0
500.0
237.0
226.0
279.0
283.0
220.0
211.0
197.0
249.0
251.0
277.0
259.0
361.0
337.0
327.0
411.0
322.0
222.0
349.0
438.0
245.0
207.0
379.0
199.0
202.0
389.0
296.0
268.0
364.0
500.0
280.0
359.0
245.0
256.0
451.0
171.0
132.0
237.0
176.0
351.0
381.0
310.0
500.0
254.0
500.0
316.0
230.0
292.0
396.0
218.0
299.0
215.0
341.0
132.0
464.0
388.0
229.0
191.0
188.0
205.0
494.0
281.0
307.0
295.0
292.0
220.0
204.0
203.0
402.0
362.0
206.0
266.0
383.0
246.0
278.0
500.0
243.0
189.0
216.0
197.0
205.0
190.0
225.0
225.0
399.0
242.0
164.0
308.0
394.0
250.0
228.0
500.0
198.0
204.0
472.0
317.0
228.0
292.0
199.0
214.0
265.0
404.0
173.0
247.0
428.0
378.0
161.0
312.0
212.0
235.0
297.0
204.0
363.0
353.0
233.0
189.0
253.0
350.0
187.0
340.0
189.0
206.0
297.0
500.0
297.0
192.0
500.0
500.0
251.0
267.0
439.0
198.0
263.0
204.0
149.0
303.0
248.0
500.0
343.0
232.0
220.0
437.0
192.0
211.0
224.0
257.0
248.0
208.0
315.0
318.0
277.0
188.0
279.0
260.0
259.0
192.0
217.0
255.0
265.0
245.0
219.0
200.0
208.0
267.0
200.0
235.0
432.0
410.0
243.0
219.0
195.0
203.0
207.0
317.0
323.0
220.0
321.0
254.0
282.0
215.0
206.0
481.0
211.0
223.0
253.0
479.0
300.0
119.0
203.0
215.0
325.0
236.0
261.0
184.0
207.0
281.0
225.0
382.0
221.0
213.0
500.0
237.0
351.0
201.0
214.0
351.0
292.0
179.0
337.0
197.0
221.0
216.0
322.0
271.0
211.0
185.0
219.0
202.0
195.0
293.0
218.0
249.0
264.0
456.0
500.0
348.0
500.0
261.0
265.0
267.0
207.0
403.0
204.0
206.0
216.0
500.0
351.0
196.0
257.0
500.0
500.0
226.0
328.0
224.0
212.0
337.0
169.0
279.0
287.0
220.0
185.0
256.0
352.0
230.0
383.0
249.0
222.0
441.0
203.0
206.0
500.0
328.0
238.0
233.0
214.0
213.0
171.0
305.0
224.0
199.0
252.0
467.0
218.0
211.0
202.0
201.0
284.0
266.0
222.0
208.0
224.0
286.0
243.0
206.0
251.0
176.0
198.0
228.0
240.0
240.0
250.0
266.0
312.0
159.0
218.0
256.0
192.0
330.0
286.0
270.0
283.0
208.0
185.0
208.0
345.0
226.0
500.0
490.0
257.0
213.0
231.0
467.0
222.0
326.0
216.0
481.0
336.0
181.0
191.0
287.0
183.0
256.0
180.0
235.0
289.0
184.0
226.0
216.0
173.0
234.0
262.0
194.0
210.0
236.0
240.0
219.0
238.0
212.0
500.0
280.0
271.0
188.0
370.0
493.0
350.0
207.0
423.0
286.0
386.0
229.0
192.0
224.0
268.0
217.0
305.0
175.0
296.0
288.0
254.0
298.0
270.0
500.0
180.0
214.0
206.0
245.0
471.0
227.0
465.0
476.0
270.0
196.0
167.0
282.0
201.0
200.0
183.0
263.0
274.0
293.0
205.0
203.0
253.0
332.0
256.0
414.0
203.0
219.0
195.0
325.0
343.0
500.0
226.0
224.0
217.0
208.0
284.0
415.0
238.0
191.0
227.0
169.0
219.0
500.0
245.0
210.0
196.0
188.0
434.0
206.0
414.0
208.0
202.0
254.0
231.0
280.0
331.0
257.0
251.0
158.0
184.0
176.0
220.0
239.0
201.0
236.0
144.0
321.0
227.0
223.0
430.0
180.0
228.0
229.0
186.0
247.0
281.0
268.0
226.0
197.0
241.0
205.0
194.0
212.0
426.0
409.0
198.0
235.0
222.0
223.0
227.0
500.0
208.0
168.0
198.0
218.0
397.0
190.0
221.0
251.0
217.0
289.0
120.0
147.0
193.0
275.0
360.0
207.0
359.0
360.0
359.0
500.0
190.0
263.0
219.0
293.0
259.0
381.0
224.0
240.0
258.0
500.0
231.0
294.0
209.0
112.0
222.0
369.0
409.0
229.0
337.0
231.0
437.0
312.0
195.0
365.0
227.0
219.0
336.0
365.0
247.0
199.0
328.0
354.0
267.0
278.0
443.0
170.0
209.0
193.0
191.0
317.0
209.0
500.0
268.0
262.0
239.0
340.0
212.0
328.0
492.0
217.0
250.0
211.0
193.0
212.0
447.0
214.0
195.0
199.0
209.0
269.0
244.0
331.0
190.0
200.0
336.0
348.0
395.0
208.0
188.0
282.0
221.0
424.0
370.0
260.0
228.0
197.0
386.0
202.0
226.0
266.0
286.0
214.0
181.0
219.0
218.0
193.0
202.0
160.0
253.0
222.0
218.0
264.0
383.0
308.0
229.0
430.0
245.0
211.0
314.0
272.0
197.0
213.0
227.0
206.0
398.0
312.0
289.0
249.0
299.0
215.0
207.0
203.0
500.0
210.0
393.0
318.0
395.0
274.0
354.0
325.0
230.0
236.0
248.0
266.0
218.0
235.0
197.0
290.0
249.0
500.0
324.0
413.0
231.0
196.0
354.0
222.0
256.0
236.0
277.0
284.0
407.0
243.0
435.0
222.0
363.0
459.0
202.0
500.0
309.0
277.0
240.0
221.0
372.0
191.0
222.0
194.0
216.0
254.0
221.0
414.0
276.0
238.0
166.0
294.0
200.0
186.0
190.0
201.0
169.0
209.0
218.0
500.0
287.0
246.0
201.0
454.0
350.0
217.0
245.0
456.0
254.0
223.0
336.0
350.0
210.0
187.0
227.0
404.0
227.0
223.0
223.0
374.0
243.0
227.0
500.0
389.0
358.0
283.0
237.0
320.0
251.0
248.0
446.0
189.0
288.0
500.0
203.0
208.0
308.0
431.0
214.0
254.0
500.0
344.0
232.0
289.0
211.0
216.0
201.0
449.0
223.0
406.0
195.0
110.0
197.0
239.0
296.0
203.0
195.0
325.0
488.0
213.0
394.0
360.0
221.0
427.0
229.0
219.0
188.0
213.0
361.0
485.0
228.0
201.0
210.0
223.0
447.0
269.0
237.0
370.0
218.0
383.0
284.0
293.0
359.0
166.0
500.0
250.0
169.0
229.0
227.0
230.0
189.0
163.0
317.0
500.0
212.0
208.0
297.0
271.0
331.0
453.0
236.0
385.0
253.0
201.0
202.0
343.0
271.0
288.0
304.0
273.0
212.0
196.0
286.0
268.0
433.0
344.0
500.0
312.0
338.0
330.0
500.0
417.0
500.0
267.0
233.0
232.0
453.0
321.0
225.0
180.0
301.0
411.0
216.0
500.0
218.0
263.0
203.0
182.0
203.0
308.0
374.0
461.0
272.0
362.0
199.0
226.0
198.0
327.0
227.0
327.0
362.0
341.0
224.0
289.0
211.0
443.0
224.0
500.0
213.0
215.0
176.0
246.0
360.0
209.0
500.0
176.0
247.0
203.0
203.0
202.0
413.0
381.0
325.0
175.0
207.0
255.0
211.0
243.0
290.0
257.0
195.0
212.0
249.0
217.0
213.0
248.0
204.0
204.0
205.0
364.0
272.0
429.0
179.0
250.0
233.0
226.0
386.0
319.0
361.0
500.0
163.0
196.0
196.0
167.0
268.0
219.0
180.0
500.0
173.0
411.0
500.0
211.0
209.0
226.0
217.0
227.0
356.0
191.0
217.0
242.0
214.0
306.0
187.0
500.0
326.0
500.0
205.0
241.0
500.0
355.0
449.0
205.0
406.0
305.0
320.0
238.0
241.0
329.0
500.0
223.0
201.0
276.0
201.0
194.0
184.0
225.0
221.0
338.0
202.0
203.0
227.0
500.0
175.0
439.0
500.0
203.0
275.0
222.0
196.0
206.0
207.0
256.0
372.0
181.0
192.0
254.0
500.0
209.0
500.0
313.0
200.0
227.0
342.0
500.0
211.0
176.0
201.0
272.0
223.0
462.0
500.0
267.0
231.0
211.0
214.0
397.0
500.0
281.0
266.0
233.0
203.0
239.0
453.0
257.0
500.0
453.0
197.0
211.0
485.0
305.0
235.0
249.0
447.0
335.0
289.0
295.0
212.0
227.0
427.0
500.0
204.0
231.0
428.0
210.0
269.0
500.0
212.0
357.0
250.0
237.0
161.0
163.0
304.0
198.0
368.0
264.0
500.0
386.0
240.0
247.0
188.0
273.0
213.0
319.0
249.0
261.0
192.0
235.0
255.0
196.0
430.0
249.0
377.0
191.0
199.0
497.0
191.0
212.0
259.0
311.0
338.0
222.0
316.0
500.0
498.0
194.0
500.0
263.0
227.0
382.0
298.0
350.0
348.0
406.0
336.0
229.0
377.0
242.0
235.0
200.0
303.0
297.0
500.0
400.0
213.0
236.0
235.0
261.0
196.0
304.0
212.0
247.0
229.0
208.0
276.0
179.0
394.0
232.0
400.0
261.0
220.0
233.0
317.0
264.0
500.0
376.0
206.0
182.0
198.0
277.0
368.0
249.0
283.0
381.0
500.0
266.0
222.0
345.0
302.0
188.0
429.0
199.0
209.0
316.0
212.0
195.0
230.0
213.0
370.0
204.0
193.0
445.0
500.0
500.0
500.0
244.0
220.0
260.0
221.0
217.0
500.0
284.0
217.0
224.0
212.0
381.0
237.0
273.0
205.0
231.0
233.0
324.0
500.0
272.0
500.0
262.0
202.0
500.0
500.0
208.0
452.0
201.0
232.0
330.0
190.0
361.0
257.0
500.0
224.0
335.0
215.0
249.0
232.0
479.0
164.0
425.0
245.0
211.0
213.0
500.0
188.0
259.0
345.0
213.0
227.0
416.0
271.0
261.0
230.0
205.0
172.0
196.0
500.0
313.0
293.0
229.0
500.0
213.0
218.0
210.0
431.0
243.0
389.0
229.0
500.0
232.0
435.0
500.0
246.0
217.0
205.0
276.0
476.0
220.0
230.0
285.0
188.0
452.0
313.0
347.0
500.0
500.0
424.0
196.0
208.0
262.0
270.0
235.0
168.0
500.0
421.0
500.0
297.0
277.0
415.0
189.0
327.0
276.0
199.0
500.0
291.0
275.0
171.0
272.0
500.0
215.0
166.0
169.0
288.0
500.0
382.0
268.0
213.0
215.0
201.0
215.0
354.0
500.0
402.0
340.0
280.0
209.0
234.0
500.0
202.0
296.0
452.0
500.0
294.0
226.0
235.0
252.0
323.0
364.0
334.0
198.0
398.0
227.0
179.0
293.0
220.0
500.0
269.0
180.0
205.0
212.0
250.0
221.0
200.0
500.0
207.0
365.0
206.0
193.0
323.0
198.0
215.0
213.0
251.0
453.0
223.0
239.0
278.0
184.0
401.0
290.0
500.0
333.0
189.0
274.0
217.0
500.0
204.0
379.0
301.0
222.0
214.0
206.0
291.0
450.0
200.0
304.0
224.0
231.0
204.0
198.0
500.0
388.0
218.0
205.0
261.0
199.0
216.0
199.0
231.0
200.0
348.0
500.0
316.0
246.0
447.0
381.0
216.0
245.0
219.0
500.0
297.0
255.0
319.0
291.0
210.0
221.0
388.0
500.0
289.0
415.0
500.0
241.0
224.0
254.0
365.0
173.0
500.0
220.0
287.0
181.0
360.0
201.0
255.0
223.0
149.0
315.0
197.0
383.0
206.0
225.0
500.0
105.0
246.0
389.0
449.0
217.0
211.0
500.0
500.0
224.0
265.0
179.0
191.0
258.0
239.0
268.0
254.0
298.0
197.0
221.0
213.0
210.0
281.0
500.0
500.0
212.0
326.0
254.0
228.0
370.0
292.0
210.0
218.0
249.0
198.0
296.0
270.0
221.0
200.0
238.0
500.0
197.0
227.0
379.0
205.0
500.0
254.0
267.0
310.0
215.0
183.0
221.0
143.0
316.0
197.0
500.0
273.0
311.0
168.0
404.0
378.0
304.0
201.0
213.0
221.0
205.0
289.0
244.0
220.0
311.0
299.0
243.0
241.0
221.0
500.0
186.0
159.0
196.0
211.0
177.0
277.0
176.0
379.0
221.0
500.0
193.0
328.0
204.0
253.0
336.0
500.0
479.0
227.0
222.0
225.0
223.0
500.0
201.0
280.0
276.0
290.0
202.0
233.0
252.0
185.0
199.0
500.0
184.0
212.0
211.0
313.0
233.0
276.0
204.0
225.0
500.0
195.0
204.0
242.0
380.0
500.0
409.0
202.0
297.0
486.0
500.0
223.0
384.0
203.0
391.0
210.0
274.0
233.0
240.0
203.0
377.0
233.0
222.0
275.0
253.0
258.0
279.0
212.0
213.0
500.0
268.0
252.0
214.0
316.0
244.0
209.0
500.0
500.0
394.0
285.0
189.0
232.0
303.0
356.0
337.0
292.0
288.0
500.0
211.0
215.0
301.0
214.0
208.0
500.0
314.0
173.0
229.0
174.0
282.0
184.0
446.0
370.0
345.0
387.0
214.0
379.0
205.0
242.0
272.0
500.0
272.0
292.0
273.0
283.0
202.0
300.0
291.0
294.0
282.0
212.0
197.0
326.0
295.0
204.0
500.0
500.0
260.0
184.0
500.0
266.0
229.0
392.0
239.0
186.0
348.0
446.0
202.0
241.0
230.0
241.0
217.0
193.0
260.0
192.0
170.0
234.0
394.0
180.0
209.0
200.0
193.0
284.0
206.0
500.0
242.0
355.0
500.0
500.0
500.0
219.0
291.0
177.0
227.0
315.0
500.0
297.0
251.0
391.0
185.0
232.0
259.0
500.0
297.0
256.0
337.0
225.0
500.0
243.0
367.0
257.0
234.0
339.0
204.0
360.0
249.0
131.0
217.0
270.0
215.0
314.0
297.0
245.0
253.0
500.0
349.0
207.0
210.0
190.0
173.0
324.0
224.0
305.0
173.0
500.0
192.0
472.0
210.0
207.0
240.0
217.0
194.0
275.0
319.0
500.0
223.0
243.0
500.0
280.0
390.0
285.0
360.0
500.0
196.0
227.0
312.0
260.0
274.0
200.0
257.0
205.0
197.0
185.0
195.0
217.0
263.0
175.0
229.0
217.0
226.0
219.0
231.0
272.0
265.0
225.0
500.0
193.0
213.0
168.0
267.0
221.0
237.0
262.0
262.0
336.0
336.0
171.0
327.0
272.0
342.0
145.0
198.0
500.0
395.0
233.0
261.0
296.0
312.0
246.0
211.0
202.0
336.0
212.0
500.0
220.0
264.0
185.0
192.0
204.0
231.0
309.0
276.0
206.0
402.0
354.0
202.0
309.0
302.0
270.0
500.0
206.0
372.0
191.0
500.0
176.0
218.0
233.0
234.0
236.0
220.0
355.0
249.0
325.0
500.0
210.0
188.0
500.0
324.0
214.0
188.0
198.0
270.0
210.0
332.0
250.0
318.0
253.0
212.0
212.0
180.0
435.0
196.0
211.0
215.0
197.0
251.0
233.0
500.0
305.0
227.0
217.0
500.0
205.0
430.0
250.0
408.0
500.0
303.0
368.0
185.0
205.0
244.0
500.0
285.0
417.0
500.0
217.0
218.0
454.0
349.0
218.0
227.0
172.0
237.0
243.0
314.0
271.0
216.0
212.0
379.0
222.0
220.0
226.0
212.0
500.0
210.0
244.0
334.0
231.0
403.0
296.0
323.0
223.0
289.0
253.0
286.0
198.0
228.0
264.0
361.0
216.0
210.0
500.0
219.0
335.0
201.0
500.0
500.0
500.0
224.0
322.0
500.0
355.0
337.0
224.0
354.0
433.0
445.0
350.0
244.0
323.0
274.0
214.0
395.0
206.0
199.0
500.0
219.0
246.0
211.0
245.0
198.0
263.0
268.0
500.0
257.0
198.0
213.0
219.0
247.0
500.0
283.0
467.0
500.0
500.0
241.0
212.0
263.0
254.0
233.0
232.0
500.0
247.0
211.0
263.0
278.0
210.0
234.0
210.0
331.0
216.0
197.0
217.0
327.0
230.0
184.0
220.0
360.0
326.0
322.0
500.0
295.0
204.0
222.0
344.0
186.0
190.0
235.0
202.0
183.0
275.0
248.0
500.0
371.0
189.0
205.0
279.0
500.0
207.0
192.0
500.0
500.0
326.0
219.0
318.0
437.0
232.0
449.0
452.0
204.0
386.0
191.0
349.0
171.0
172.0
322.0
252.0
222.0
205.0
268.0
287.0
190.0
217.0
209.0
230.0
181.0
211.0
247.0
203.0
257.0
181.0
212.0
343.0
199.0
225.0
269.0
500.0
207.0
238.0
208.0
368.0
215.0
281.0
213.0
265.0
206.0
208.0
304.0
202.0
439.0
208.0
387.0
257.0
275.0
200.0
240.0
228.0
218.0
175.0
393.0
470.0
368.0
500.0
237.0
221.0
262.0
227.0
200.0
500.0
277.0
205.0
240.0
314.0
218.0
500.0
335.0
188.0
500.0
293.0
191.0
230.0
500.0
226.0
168.0
184.0
500.0
398.0
410.0
460.0
368.0
284.0
223.0
231.0
223.0
215.0
500.0
300.0
274.0
273.0
356.0
392.0
351.0
230.0
307.0
210.0
243.0
500.0
233.0
202.0
276.0
286.0
500.0
229.0
480.0
500.0
174.0
224.0
443.0
417.0
194.0
214.0
279.0
358.0
500.0
500.0
215.0
327.0
222.0
331.0
282.0
299.0
377.0
328.0
198.0
211.0
261.0
500.0
364.0
298.0
166.0
193.0
206.0
337.0
500.0
314.0
214.0
173.0
235.0
264.0
500.0
308.0
368.0
500.0
250.0
238.0
338.0
237.0
227.0
388.0
245.0
222.0
198.0
240.0
314.0
447.0
214.0
313.0
185.0
285.0
174.0
273.0
181.0
433.0
240.0
305.0
500.0
317.0
245.0
500.0
500.0
413.0
272.0
252.0
173.0
296.0
196.0
320.0
500.0
278.0
256.0
214.0
208.0
174.0
259.0
220.0
263.0
195.0
261.0
314.0
246.0
204.0
438.0
363.0
471.0
322.0
198.0
295.0
199.0
251.0
227.0
343.0
245.0
347.0
244.0
335.0
206.0
225.0
223.0
248.0
245.0
250.0
500.0
210.0
183.0
333.0
195.0
211.0
235.0
185.0
271.0
229.0
250.0
500.0
230.0
208.0
390.0
209.0
204.0
500.0
500.0
299.0
500.0
173.0
215.0
249.0
500.0
248.0
228.0
240.0
285.0
229.0
500.0
412.0
211.0
224.0
406.0
218.0
266.0
208.0
208.0
178.0
374.0
323.0
164.0
387.0
222.0
500.0
470.0
422.0
316.0
265.0
248.0
229.0
407.0
240.0
199.0
500.0
458.0
416.0
308.0
247.0
196.0
374.0
216.0
214.0
300.0
312.0
226.0
198.0
228.0
220.0
165.0
500.0
263.0
263.0
250.0
275.0
326.0
411.0
346.0
198.0
201.0
500.0
274.0
239.0
253.0
216.0
500.0
208.0
242.0
468.0
500.0
453.0
212.0
500.0
197.0
200.0
186.0
226.0
321.0
167.0
500.0
500.0
344.0
232.0
234.0
226.0
198.0
500.0
171.0
187.0
207.0
296.0
500.0
500.0
231.0
203.0
186.0
196.0
220.0
196.0
211.0
500.0
214.0
182.0
230.0
263.0
278.0
177.0
209.0
216.0
333.0
178.0
226.0
500.0
193.0
361.0
244.0
208.0
241.0
191.0
450.0
305.0
305.0
228.0
254.0
264.0
205.0
213.0
269.0
363.0
214.0
274.0
500.0
486.0
365.0
208.0
266.0
201.0
235.0
280.0
211.0
209.0
203.0
356.0
353.0
500.0
318.0
382.0
195.0
500.0
235.0
276.0
471.0
200.0
236.0
353.0
243.0
412.0
223.0
343.0
293.0
376.0
236.0
500.0
226.0
225.0
263.0
436.0
443.0
208.0
500.0
306.0
277.0
200.0
196.0
500.0
500.0
227.0
186.0
275.0
245.0
500.0
240.0
500.0
299.0
500.0
214.0
305.0
215.0
254.0
363.0
175.0
234.0
500.0
298.0
179.0
208.0
178.0
207.0
301.0
500.0
213.0
203.0
211.0
207.0
500.0
173.0
228.0
209.0
207.0
198.0
322.0
190.0
182.0
362.0
500.0
403.0
163.0
211.0
360.0
367.0
216.0
407.0
220.0
233.0
235.0
197.0
312.0
500.0
236.0
222.0
186.0
500.0
218.0
263.0
303.0
379.0
208.0
376.0
329.0
232.0
285.0
393.0
440.0
500.0
500.0
302.0
292.0
211.0
500.0
257.0
262.0
500.0
190.0
204.0
224.0
200.0
235.0
220.0
232.0
354.0
500.0
207.0
334.0
305.0
346.0
448.0
349.0
500.0
289.0
213.0
266.0
253.0
206.0
315.0
282.0
188.0
248.0
383.0
232.0
205.0
261.0
317.0
376.0
335.0
451.0
429.0
436.0
268.0
191.0
436.0
213.0
202.0
207.0
231.0
213.0
293.0
196.0
241.0
500.0
270.0
269.0
260.0
241.0
226.0
232.0
220.0
224.0
293.0
213.0
216.0
500.0
231.0
272.0
201.0
279.0
205.0
251.0
266.0
494.0
316.0
500.0
211.0
500.0
500.0
196.0
215.0
363.0
294.0
196.0
202.0
220.0
354.0
500.0
500.0
223.0
255.0
241.0
233.0
218.0
338.0
181.0
221.0
216.0
220.0
500.0
195.0
209.0
204.0
500.0
205.0
300.0
192.0
248.0
224.0
500.0
297.0
200.0
253.0
222.0
183.0
409.0
319.0
439.0
232.0
215.0
224.0
500.0
205.0
390.0
281.0
228.0
395.0
195.0
261.0
200.0
500.0
210.0
275.0
269.0
219.0
500.0
226.0
500.0
244.0
246.0
238.0
236.0
290.0
219.0
349.0
399.0
190.0
472.0
222.0
241.0
250.0
500.0
500.0
276.0
317.0
179.0
500.0
226.0
261.0
343.0
190.0
198.0
231.0
231.0
246.0
220.0
199.0
223.0
236.0
500.0
190.0
290.0
424.0
210.0
481.0
213.0
222.0
216.0
202.0
306.0
262.0
220.0
208.0
236.0
215.0
168.0
202.0
356.0
206.0
326.0
190.0
291.0
210.0
336.0
334.0
500.0
202.0
205.0
401.0
500.0
291.0
500.0
500.0
201.0
227.0
143.0
315.0
215.0
273.0
228.0
220.0
198.0
431.0
199.0
234.0
291.0
211.0
308.0
500.0
295.0
229.0
234.0
243.0
500.0
237.0
202.0
500.0
159.0
218.0
183.0
500.0
201.0
500.0
230.0
331.0
193.0
195.0
252.0
208.0
197.0
354.0
292.0
208.0
335.0
348.0
379.0
192.0
500.0
342.0
500.0
167.0
205.0
500.0
252.0
302.0
241.0
418.0
210.0
500.0
136.0
206.0
183.0
308.0
350.0
273.0
207.0
393.0
209.0
323.0
355.0
198.0
260.0
244.0
372.0
240.0
439.0
389.0
178.0
383.0
227.0
217.0
236.0
203.0
173.0
223.0
180.0
217.0
210.0
500.0
219.0
218.0
186.0
253.0
432.0
207.0
238.0
248.0
344.0
221.0
500.0
217.0
266.0
232.0
417.0
274.0
199.0
257.0
445.0
220.0
388.0
250.0
379.0
243.0
263.0
178.0
344.0
359.0
244.0
289.0
209.0
500.0
500.0
434.0
212.0
207.0
300.0
189.0
235.0
281.0
241.0
279.0
178.0
195.0
259.0
246.0
240.0
223.0
357.0
235.0
227.0
206.0
201.0
211.0
219.0
166.0
500.0
349.0
172.0
188.0
191.0
274.0
204.0
228.0
201.0
282.0
215.0
276.0
172.0
295.0
243.0
320.0
202.0
272.0
242.0
230.0
225.0
241.0
209.0
211.0
214.0
183.0
291.0
195.0
226.0
187.0
287.0
214.0
206.0
435.0
471.0
326.0
259.0
227.0
299.0
186.0
222.0
251.0
163.0
229.0
259.0
269.0
232.0
206.0
229.0
249.0
500.0
274.0
209.0
226.0
228.0
479.0
362.0
473.0
223.0
390.0
204.0
216.0
278.0
215.0
195.0
257.0
283.0
218.0
418.0
211.0
219.0
247.0
202.0
368.0
177.0
187.0
348.0
190.0
316.0
211.0
285.0
226.0
166.0
357.0
500.0
217.0
253.0
208.0
228.0
215.0
356.0
224.0
263.0
454.0
197.0
185.0
395.0
283.0
237.0
173.0
232.0
398.0
264.0
196.0
208.0
500.0
184.0
225.0
242.0
239.0
224.0
264.0
266.0
197.0
204.0
310.0
198.0
214.0
199.0
225.0
208.0
223.0
330.0
382.0
190.0
237.0
208.0
500.0
500.0
161.0
473.0
404.0
230.0
301.0
291.0
239.0
251.0
224.0
237.0
389.0
380.0
254.0
215.0
222.0
320.0
265.0
170.0
226.0
282.0
197.0
217.0
233.0
225.0
305.0
133.0
216.0
500.0
211.0
203.0
333.0
341.0
500.0
475.0
385.0
195.0
204.0
385.0
263.0
500.0
292.0
441.0
207.0
269.0
366.0
255.0
290.0
361.0
478.0
201.0
500.0
210.0
212.0
500.0
224.0
320.0
305.0
174.0
301.0
244.0
303.0
235.0
293.0
217.0
281.0
416.0
292.0
272.0
500.0
187.0
313.0
429.0
285.0
252.0
219.0
208.0
213.0
247.0
405.0
371.0
170.0
213.0
248.0
428.0
326.0
252.0
307.0
263.0
232.0
224.0
235.0
307.0
500.0
201.0
192.0
228.0
238.0
500.0
257.0
276.0
298.0
196.0
166.0
247.0
352.0
500.0
236.0
203.0
271.0
372.0
238.0
321.0
203.0
241.0
268.0
226.0
224.0
228.0
500.0
329.0
242.0
221.0
205.0
183.0
500.0
210.0
258.0
313.0
201.0
234.0
225.0
500.0
206.0
231.0
219.0
215.0
123.0
223.0
215.0
207.0
220.0
230.0
228.0
216.0
500.0
195.0
326.0
237.0
335.0
500.0
249.0
307.0
500.0
500.0
171.0
250.0
241.0
317.0
181.0
287.0
468.0
270.0
204.0
455.0
368.0
202.0
240.0
272.0
269.0
226.0
383.0
433.0
492.0
241.0
253.0
193.0
435.0
214.0
500.0
274.0
210.0
281.0
190.0
235.0
382.0
207.0
269.0
219.0
500.0
261.0
239.0
285.0
241.0
192.0
420.0
260.0
248.0
177.0
211.0
216.0
220.0
286.0
445.0
456.0
204.0
410.0
219.0
237.0
500.0
210.0
263.0
193.0
215.0
243.0
500.0
236.0
496.0
500.0
210.0
346.0
194.0
313.0
500.0
220.0
221.0
455.0
110.0
197.0
214.0
500.0
224.0
280.0
257.0
377.0
285.0
164.0
198.0
233.0
197.0
462.0
214.0
198.0
219.0
287.0
218.0
210.0
215.0
249.0
216.0
350.0
273.0
274.0
211.0
500.0
197.0
269.0
334.0
293.0
353.0
215.0
218.0
307.0
224.0
197.0
290.0
500.0
500.0
241.0
500.0
346.0
264.0
201.0
239.0
215.0
254.0
248.0
191.0
232.0
211.0
500.0
246.0
500.0
244.0
172.0
323.0
210.0
248.0
383.0
218.0
210.0
182.0
500.0
293.0
423.0
500.0
180.0
291.0
500.0
228.0
500.0
442.0
211.0
263.0
212.0
209.0
200.0
194.0
217.0
297.0
214.0
229.0
198.0
312.0
500.0
500.0
214.0
500.0
234.0
312.0
245.0
196.0
217.0
500.0
375.0
203.0
245.0
237.0
465.0
232.0
212.0
330.0
217.0
198.0
219.0
406.0
173.0
280.0
211.0
215.0
285.0
180.0
203.0
218.0
209.0
251.0
184.0
229.0
270.0
180.0
210.0
500.0
174.0
280.0
207.0
317.0
195.0
300.0
206.0
344.0
158.0
217.0
500.0
228.0
240.0
242.0
197.0
187.0
199.0
199.0
500.0
226.0
203.0
235.0
421.0
500.0
500.0
255.0
208.0
414.0
220.0
344.0
283.0
253.0
301.0
224.0
229.0
500.0
232.0
202.0
465.0
273.0
195.0
211.0
197.0
181.0
215.0
255.0
203.0
210.0
419.0
500.0
179.0
373.0
279.0
244.0
500.0
185.0
293.0
263.0
206.0
234.0
219.0
325.0
269.0
210.0
500.0
239.0
500.0
487.0
204.0
205.0
290.0
214.0
192.0
240.0
191.0
214.0
256.0
313.0
249.0
255.0
170.0
285.0
242.0
273.0
202.0
500.0
500.0
154.0
304.0
340.0
212.0
500.0
220.0
238.0
365.0
221.0
209.0
212.0
217.0
301.0
294.0
337.0
280.0
254.0
225.0
199.0
203.0
500.0
214.0
151.0
265.0
500.0
179.0
301.0
224.0
371.0
237.0
179.0
268.0
209.0
155.0
212.0
218.0
304.0
349.0
235.0
500.0
202.0
224.0
214.0
193.0
500.0
261.0
325.0
191.0
500.0
203.0
234.0
326.0
186.0
239.0
500.0
209.0
500.0
220.0
500.0
303.0
247.0
215.0
169.0
500.0
245.0
500.0
454.0
163.0
228.0
202.0
229.0
500.0
250.0
194.0
225.0
239.0
179.0
181.0
170.0
184.0
259.0
500.0
288.0
266.0
247.0
238.0
315.0
140.0
202.0
221.0
363.0
500.0
249.0
238.0
240.0
350.0
359.0
231.0
233.0
500.0
500.0
500.0
213.0
272.0
210.0
216.0
370.0
217.0
254.0
295.0
215.0
321.0
224.0
239.0
500.0
267.0
198.0
181.0
212.0
290.0
221.0
213.0
500.0
201.0
186.0
217.0
216.0
264.0
164.0
500.0
205.0
238.0
276.0
241.0
231.0
262.0
256.0
455.0
500.0
115.0
211.0
410.0
215.0
404.0
249.0
209.0
212.0
211.0
241.0
247.0
143.0
244.0
372.0
189.0
346.0
219.0
201.0
500.0
327.0
235.0
177.0
355.0
285.0
267.0
257.0
283.0
401.0
262.0
221.0
253.0
213.0
332.0
215.0
500.0
214.0
277.0
215.0
419.0
500.0
353.0
322.0
204.0
175.0
160.0
202.0
201.0
231.0
190.0
256.0
453.0
340.0
187.0
242.0
180.0
500.0
218.0
154.0
193.0
246.0
265.0
245.0
194.0
236.0
235.0
362.0
181.0
215.0
157.0
210.0
290.0
373.0
245.0
347.0
265.0
210.0
236.0
500.0
128.0
198.0
223.0
229.0
207.0
196.0
302.0
214.0
221.0
220.0
232.0
246.0
298.0
500.0
217.0
269.0
222.0
283.0
207.0
286.0
214.0
259.0
309.0
233.0
439.0
221.0
500.0
404.0
325.0
207.0
247.0
216.0
231.0
203.0
230.0
183.0
198.0
217.0
178.0
223.0
500.0
188.0
472.0
282.0
500.0
247.0
500.0
259.0
500.0
199.0
244.0
273.0
222.0
195.0
216.0
500.0
229.0
124.0
212.0
500.0
232.0
283.0
268.0
500.0
193.0
310.0
500.0
209.0
500.0
224.0
445.0
255.0
292.0
203.0
245.0
193.0
343.0
500.0
203.0
273.0
199.0
206.0
500.0
218.0
226.0
218.0
500.0
264.0
175.0
250.0
220.0
269.0
252.0
219.0
388.0
232.0
472.0
265.0
260.0
466.0
500.0
166.0
500.0
489.0
243.0
291.0
233.0
224.0
333.0
309.0
224.0
279.0
500.0
196.0
304.0
500.0
397.0
500.0
179.0
369.0
367.0
236.0
301.0
471.0
483.0
500.0
202.0
192.0
225.0
226.0
285.0
480.0
249.0
381.0
272.0
200.0
281.0
231.0
376.0
196.0
267.0
331.0
277.0
136.0
399.0
427.0
271.0
196.0
341.0
198.0
229.0
206.0
500.0
255.0
237.0
250.0
237.0
324.0
343.0
457.0
210.0
183.0
500.0
209.0
500.0
199.0
233.0
333.0
500.0
500.0
208.0
243.0
195.0
262.0
337.0
206.0
233.0
218.0
219.0
278.0
220.0
252.0
222.0
456.0
199.0
224.0
378.0
219.0
231.0
252.0
272.0
282.0
318.0
500.0
232.0
385.0
261.0
207.0
454.0
195.0
271.0
248.0
500.0
203.0
265.0
500.0
208.0
186.0
382.0
212.0
192.0
202.0
198.0
221.0
190.0
257.0
199.0
254.0
339.0
272.0
349.0
264.0
273.0
246.0
329.0
209.0
245.0
388.0
275.0
500.0
385.0
500.0
337.0
222.0
191.0
261.0
367.0
277.0
417.0
242.0
500.0
237.0
208.0
387.0
212.0
337.0
252.0
192.0
282.0
500.0
500.0
312.0
200.0
500.0
244.0
371.0
215.0
277.0
458.0
265.0
300.0
247.0
210.0
394.0
192.0
221.0
249.0
203.0
183.0
234.0
477.0
206.0
301.0
215.0
500.0
249.0
432.0
225.0
252.0
500.0
205.0
189.0
500.0
227.0
199.0
337.0
197.0
204.0
373.0
377.0
199.0
168.0
223.0
344.0
339.0
222.0
231.0
230.0
204.0
260.0
271.0
248.0
210.0
333.0
295.0
265.0
297.0
294.0
237.0
211.0
218.0
266.0
259.0
500.0
500.0
447.0
351.0
330.0
235.0
500.0
243.0
194.0
208.0
500.0
225.0
257.0
303.0
389.0
214.0
220.0
390.0
207.0
286.0
282.0
500.0
245.0
226.0
215.0
220.0
287.0
244.0
335.0
200.0
471.0
338.0
208.0
366.0
265.0
256.0
195.0
331.0
254.0
216.0
500.0
233.0
414.0
216.0
219.0
214.0
265.0
296.0
500.0
199.0
258.0
208.0
444.0
201.0
385.0
254.0
248.0
200.0
218.0
209.0
262.0
250.0
262.0
331.0
238.0
193.0
205.0
252.0
398.0
247.0
191.0
221.0
205.0
405.0
290.0
270.0
243.0
500.0
237.0
226.0
500.0
229.0
346.0
183.0
253.0
215.0
286.0
208.0
250.0
238.0
500.0
181.0
221.0
307.0
225.0
299.0
294.0
454.0
232.0
203.0
184.0
279.0
500.0
500.0
187.0
188.0
202.0
219.0
201.0
496.0
242.0
250.0
276.0
375.0
214.0
341.0
283.0
389.0
249.0
284.0
209.0
500.0
236.0
208.0
500.0
500.0
204.0
500.0
218.0
185.0
500.0
243.0
174.0
195.0
357.0
152.0
148.0
214.0
166.0
198.0
223.0
229.0
293.0
251.0
245.0
246.0
224.0
171.0
198.0
283.0
339.0
250.0
199.0
343.0
263.0
177.0
500.0
369.0
229.0
194.0
230.0
500.0
242.0
169.0
204.0
297.0
283.0
208.0
338.0
190.0
259.0
223.0
228.0
216.0
216.0
246.0
500.0
208.0
191.0
500.0
200.0
330.0
162.0
214.0
332.0
196.0
183.0
234.0
239.0
500.0
207.0
444.0
177.0
222.0
271.0
450.0
217.0
448.0
204.0
245.0
255.0
182.0
247.0
500.0
267.0
193.0
202.0
243.0
500.0
290.0
240.0
205.0
308.0
174.0
197.0
246.0
209.0
215.0
213.0
490.0
500.0
246.0
217.0
321.0
237.0
262.0
318.0
451.0
209.0
193.0
289.0
223.0
243.0
215.0
500.0
301.0
226.0
500.0
208.0
173.0
201.0
280.0
247.0
321.0
199.0
304.0
262.0
216.0
209.0
240.0
227.0
222.0
500.0
203.0
350.0
198.0
226.0
500.0
220.0
335.0
167.0
472.0
220.0
262.0
205.0
258.0
268.0
147.0
205.0
335.0
260.0
286.0
270.0
225.0
226.0
293.0
336.0
240.0
211.0
206.0
500.0
164.0
217.0
320.0
214.0
330.0
212.0
276.0
245.0
334.0
283.0
226.0
207.0
190.0
199.0
221.0
279.0
315.0
235.0
168.0
204.0
370.0
245.0
201.0
302.0
290.0
500.0
500.0
186.0
222.0
232.0
354.0
349.0
500.0
196.0
249.0
226.0
213.0
201.0
239.0
360.0
500.0
500.0
169.0
214.0
251.0
193.0
193.0
316.0
202.0
245.0
226.0
302.0
240.0
202.0
219.0
242.0
267.0
206.0
204.0
500.0
246.0
332.0
198.0
298.0
323.0
228.0
500.0
262.0
500.0
225.0
301.0
277.0
199.0
500.0
368.0
201.0
395.0
246.0
500.0
141.0
296.0
500.0
206.0
285.0
190.0
234.0
245.0
293.0
238.0
258.0
273.0
254.0
261.0
232.0
192.0
217.0
311.0
197.0
218.0
226.0
252.0
220.0
246.0
363.0
217.0
287.0
195.0
228.0
333.0
161.0
349.0
336.0
176.0
237.0
207.0
274.0
211.0
439.0
228.0
500.0
420.0
204.0
500.0
190.0
211.0
216.0
208.0
243.0
223.0
322.0
294.0
200.0
500.0
500.0
209.0
278.0
208.0
411.0
243.0
199.0
375.0
323.0
285.0
260.0
500.0
500.0
225.0
246.0
500.0
202.0
202.0
288.0
231.0
248.0
165.0
402.0
296.0
169.0
135.0
182.0
250.0
179.0
319.0
218.0
201.0
290.0
220.0
164.0
326.0
500.0
418.0
500.0
355.0
128.0
346.0
127.0
209.0
220.0
215.0
173.0
205.0
248.0
69.0
320.0
161.0
302.0
157.0
500.0
199.0
134.0
198.0
500.0
500.0
303.0
401.0
279.0
193.0
160.0
298.0
226.0
264.0
258.0
165.0
500.0
436.0
127.0
500.0
420.0
239.0
254.0
94.0
175.0
212.0
164.0
224.0
118.0
500.0
500.0
239.0
169.0
456.0
500.0
108.0
118.0
322.0
500.0
166.0
145.0
125.0
157.0
208.0
232.0
145.0
500.0
317.0
207.0
204.0
500.0
174.0
169.0
237.0
124.0
153.0
196.0
151.0
153.0
142.0
229.0
259.0
122.0
118.0
126.0
143.0
146.0
141.0
181.0
126.0
109.0
353.0
156.0
196.0
265.0
254.0
148.0
135.0
158.0
278.0
217.0
307.0
70.0
500.0
190.0
255.0
243.0
130.0
82.0
91.0
301.0
417.0
214.0
95.0
221.0
158.0
500.0
181.0
270.0
205.0
212.0
275.0
221.0
227.0
500.0
209.0
201.0
278.0
380.0
359.0
500.0
294.0
357.0
217.0
403.0
289.0
500.0
198.0
240.0
483.0
253.0
282.0
485.0
500.0
500.0
228.0
221.0
208.0
268.0
294.0
500.0
274.0
500.0
302.0
262.0
247.0
346.0
207.0
238.0
188.0
252.0
213.0
354.0
188.0
210.0
223.0
212.0
295.0
271.0
326.0
223.0
204.0
425.0
215.0
210.0
500.0
298.0
274.0
362.0
205.0
202.0
239.0
197.0
226.0
231.0
194.0
438.0
246.0
218.0
208.0
221.0
500.0
163.0
381.0
500.0
380.0
376.0
58.0
432.0
500.0
191.0
500.0
232.0
223.0
334.0
211.0
252.0
176.0
233.0
200.0
500.0
218.0
365.0
186.0
215.0
288.0
389.0
240.0
228.0
207.0
267.0
446.0
500.0
266.0
500.0
260.0
411.0
246.0
248.0
500.0
228.0
240.0
500.0
174.0
216.0
238.0
270.0
261.0
236.0
231.0
312.0
500.0
231.0
276.0
237.0
242.0
500.0
206.0
227.0
233.0
249.0
500.0
203.0
237.0
246.0
459.0
259.0
210.0
241.0
274.0
274.0
231.0
217.0
234.0
367.0
274.0
191.0
268.0
272.0
194.0
212.0
500.0
222.0
204.0
195.0
286.0
177.0
262.0
184.0
261.0
215.0
287.0
246.0
500.0
243.0
215.0
235.0
224.0
232.0
244.0
250.0
196.0
500.0
500.0
500.0
181.0
195.0
233.0
304.0
444.0
500.0
402.0
223.0
240.0
346.0
303.0
326.0
56.0
500.0
245.0
271.0
258.0
263.0
312.0
500.0
201.0
500.0
219.0
346.0
413.0
228.0
444.0
215.0
304.0
285.0
206.0
238.0
228.0
217.0
212.0
500.0
500.0
235.0
351.0
281.0
500.0
212.0
500.0
298.0
207.0
201.0
351.0
362.0
232.0
235.0
240.0
185.0
177.0
500.0
192.0
500.0
258.0
258.0
261.0
348.0
500.0
437.0
263.0
212.0
244.0
207.0
341.0
203.0
217.0
299.0
211.0
284.0
225.0
180.0
286.0
200.0
194.0
210.0
212.0
308.0
288.0
500.0
500.0
311.0
280.0
324.0
280.0
234.0
450.0
248.0
218.0
500.0
73.0
293.0
156.0
182.0
164.0
189.0
190.0
96.0
390.0
125.0
120.0
202.0
292.0
420.0
210.0
445.0
248.0
392.0
161.0
113.0
72.0
318.0
236.0
251.0
232.0
203.0
500.0
292.0
348.0
292.0
500.0
299.0
287.0
316.0
449.0
500.0
200.0
293.0
196.0
500.0
293.0
212.0
500.0
343.0
219.0
260.0
207.0
500.0
249.0
313.0
293.0
213.0
194.0
251.0
236.0
247.0
258.0
151.0
184.0
366.0
469.0
245.0
278.0
221.0
193.0
204.0
205.0
231.0
500.0
297.0
213.0
500.0
208.0
266.0
326.0
206.0
330.0
405.0
500.0
491.0
211.0
194.0
186.0
236.0
299.0
229.0
207.0
241.0
199.0
216.0
500.0
248.0
202.0
500.0
232.0
500.0
221.0
207.0
277.0
352.0
263.0
500.0
284.0
344.0
380.0
345.0
256.0
197.0
500.0
500.0
340.0
500.0
202.0
500.0
225.0
206.0
500.0
323.0
319.0
339.0
310.0
218.0
500.0
269.0
221.0
215.0
500.0
244.0
64.0
237.0
284.0
171.0
352.0
197.0
249.0
206.0
208.0
244.0
500.0
198.0
224.0
258.0
255.0
221.0
233.0
199.0
195.0
282.0
231.0
500.0
213.0
167.0
211.0
204.0
500.0
500.0
236.0
266.0
500.0
200.0
213.0
188.0
273.0
143.0
204.0
207.0
129.0
196.0
56.0
500.0
195.0
140.0
269.0
175.0
189.0
94.0
106.0
481.0
174.0
276.0
230.0
205.0
208.0
192.0
235.0
201.0
500.0
285.0
213.0
65.0
204.0
189.0
239.0
131.0
224.0
252.0
321.0
242.0
293.0
260.0
232.0
223.0
202.0
371.0
500.0
464.0