10.0
11.0
9.0
8.0
8.0
9.0
9.0
8.0
10.0
8.0
10.0
10.0
10.0
9.0
9.0
8.0
11.0
8.0
13.0
10.0
13.0
10.0
15.0
10.0
9.0
12.0
15.0
16.0
12.0
15.0
16.0
15.0
17.0
17.0
13.0
16.0
21.0
10.0
24.0
9.0
23.0
18.0
16.0
10.0
17.0
22.0
9.0
37.0
22.0
17.0
36.0
26.0
17.0
27.0
15.0
29.0
20.0
11.0
13.0
62.0
18.0
63.0
18.0
12.0
39.0
27.0
26.0
122.0
37.0
45.0
68.0
73.0
11.0
16.0
235.0
38.0
57.0
30.0
91.0
91.0
20.0
99.0
63.0
50.0
85.0
26.0
33.0
151.0
92.0
94.0
66.0
156.0
94.0
160.0
72.0
56.0
220.0
147.0
37.0
152.0
58.0
46.0
158.0
210.0
63.0
164.0
50.0
100.0
59.0
157.0
268.0
124.0
144.0
127.0
125.0
147.0
50.0
143.0
239.0
119.0
49.0
99.0
146.0
143.0
199.0
77.0
86.0
135.0
196.0
172.0
47.0
149.0
233.0
272.0
316.0
92.0
254.0
202.0
200.0
306.0
100.0
284.0
277.0
146.0
72.0
156.0
419.0
265.0
210.0
155.0
418.0
41.0
84.0
500.0
342.0
500.0
266.0
457.0
158.0
75.0
190.0
231.0
108.0
483.0
302.0
293.0
268.0
358.0
318.0
243.0
336.0
334.0
237.0
287.0
336.0
313.0
329.0
313.0
323.0
340.0
292.0
379.0
371.0
325.0
209.0
289.0
306.0
337.0
292.0
223.0
277.0
328.0
349.0
301.0
291.0
325.0
337.0
276.0
335.0
324.0
345.0
333.0
326.0
263.0
341.0
184.0
369.0
269.0
329.0
278.0
352.0
254.0
409.0
272.0
394.0
356.0
270.0
240.0
358.0
317.0
427.0
217.0
410.0
262.0
293.0
395.0
261.0
269.0
265.0
226.0
364.0
355.0
500.0
327.0
253.0
301.0
377.0
424.0
302.0
260.0
285.0
322.0
260.0
289.0
356.0
416.0
273.0
295.0
240.0
230.0
343.0
301.0
350.0
245.0
328.0
259.0
334.0
334.0
447.0
355.0
406.0
309.0
371.0
362.0
320.0
398.0
348.0
316.0
352.0
378.0
344.0
393.0
443.0
488.0
393.0
302.0
239.0
300.0
342.0
394.0
444.0
320.0
429.0
365.0
290.0
342.0
80.0
312.0
69.0
356.0
359.0
298.0
113.0
366.0
371.0
404.0
341.0
400.0
371.0
419.0
500.0
403.0
500.0
365.0
65.0
432.0
329.0
348.0
500.0
443.0
500.0
444.0
447.0
500.0
443.0
500.0
417.0
500.0
500.0
123.0
500.0
407.0
338.0
330.0
500.0
312.0
467.0
500.0
500.0
500.0
500.0
500.0
500.0
500.0
500.0
500.0
500.0
500.0
500.0
500.0
257.0
500.0
500.0
500.0
500.0
500.0
500.0
500.0
172.0
500.0
500.0
500.0
500.0
416.0
500.0
500.0
500.0
500.0
500.0
458.0
500.0
500.0
500.0
500.0
500.0
500.0
500.0
500.0
500.0
500.0
500.0
500.0
500.0
500.0
500.0
500.0
500.0
500.0
500.0
500.0
500.0
500.0
500.0
500.0
500.0
500.0
500.0
500.0
500.0
500.0
500.0
500.0
500.0
500.0
500.0
500.0
500.0
500.0
500.0
500.0
500.0
500.0
500.0
360.0
500.0
500.0
500.0
500.0
500.0
500.0
500.0
500.0
488.0
500.0
500.0
500.0
500.0
500.0
500.0
500.0
500.0
500.0
296.0
500.0
500.0
500.0
500.0
500.0
475.0
500.0
500.0
500.0
500.0
500.0
500.0
500.0
500.0
500.0
500.0
500.0
500.0
500.0
500.0
500.0
500.0
500.0
500.0
500.0
500.0
500.0
500.0
500.0
500.0
500.0
500.0
390.0
381.0
500.0
500.0
500.0
500.0
500.0
500.0
468.0
500.0
469.0
500.0
401.0
500.0
500.0
500.0
493.0
405.0
466.0
500.0
500.0
351.0
428.0
365.0
245.0
76.0
172.0
110.0
188.0
244.0
104.0
160.0
70.0
68.0
132.0
110.0
90.0
197.0
344.0
156.0
500.0
284.0
154.0
68.0
166.0
67.0
130.0
125.0
93.0
85.0
89.0
267.0
303.0
91.0
500.0
178.0
104.0
156.0
156.0
181.0
270.0
124.0
86.0
144.0
189.0
163.0
342.0
156.0
136.0
198.0
431.0
164.0
500.0
500.0
276.0
436.0
500.0
317.0
373.0
225.0
149.0
349.0
76.0
362.0
125.0
158.0
88.0
195.0
340.0
159.0
125.0
500.0
133.0
99.0
72.0
200.0
330.0
83.0
191.0
500.0
387.0
183.0
500.0
369.0
101.0
65.0
266.0
500.0
448.0
174.0
85.0
200.0
195.0
168.0
94.0
463.0
500.0
326.0
365.0
500.0
500.0
242.0
107.0
137.0
161.0
429.0
398.0
344.0
472.0
243.0
335.0
313.0
500.0
299.0
265.0
309.0
202.0
289.0
192.0
72.0
500.0
66.0
83.0
77.0
133.0
500.0
113.0
471.0
137.0
122.0
155.0
101.0
113.0
90.0
121.0
88.0
500.0
500.0
234.0
155.0
82.0
227.0
82.0
384.0
79.0
185.0
110.0
247.0
129.0
160.0
121.0
212.0
204.0
158.0
500.0
166.0
221.0
171.0
161.0
133.0
125.0
500.0
191.0
202.0
317.0
157.0
141.0
152.0
131.0
255.0
105.0
305.0
165.0
154.0
120.0
106.0
175.0
265.0
500.0
348.0
330.0
368.0
211.0
211.0
270.0
138.0
345.0
254.0
160.0
237.0
208.0
342.0
130.0
97.0
213.0
155.0
337.0
189.0
167.0
262.0
133.0
191.0
244.0
312.0
175.0
374.0
159.0
150.0
206.0
324.0
221.0
458.0
500.0
241.0
318.0
264.0
247.0
171.0
428.0
124.0
292.0
119.0
223.0
263.0
120.0
135.0
220.0
83.0
90.0
151.0
132.0
142.0
139.0
121.0
164.0
208.0
146.0
96.0
205.0
129.0
205.0
90.0
341.0
152.0
221.0
248.0
199.0
169.0
232.0
229.0
227.0
175.0
108.0
192.0
154.0
91.0
121.0
199.0
500.0
95.0
204.0
328.0
122.0
391.0
134.0
191.0
257.0
124.0
195.0
187.0
173.0
135.0
145.0
198.0
86.0
137.0
234.0
158.0
185.0
182.0
183.0
274.0
214.0
169.0
178.0
94.0
189.0
158.0
202.0
260.0
187.0
104.0
375.0
244.0
255.0
400.0
171.0
175.0
115.0
150.0
138.0
234.0
112.0
205.0
376.0
294.0
200.0
141.0
277.0
103.0
97.0
298.0
229.0
129.0
309.0
204.0
281.0
216.0
178.0
339.0
159.0
195.0
500.0
223.0
197.0
175.0
173.0
213.0
165.0
185.0
483.0
232.0
148.0
500.0
146.0
125.0
460.0
137.0
180.0
109.0
153.0
183.0
198.0
120.0
500.0
185.0
140.0
99.0
219.0
135.0
188.0
100.0
299.0
208.0
197.0
133.0
142.0
244.0
100.0
107.0
150.0
137.0
133.0
111.0
500.0
293.0
181.0
209.0
174.0
203.0
138.0
146.0
177.0
112.0
142.0
130.0
124.0
220.0
292.0
186.0
282.0
182.0
106.0
316.0
233.0
288.0
125.0
156.0
208.0
162.0
127.0
236.0
234.0
277.0
128.0
120.0
186.0
266.0
121.0
104.0
244.0
135.0
262.0
252.0
124.0
153.0
283.0
154.0
114.0
332.0
183.0
169.0
312.0
226.0
101.0
172.0
108.0
205.0
110.0
256.0
248.0
301.0
219.0
137.0
181.0
264.0
327.0
133.0
500.0
130.0
132.0
111.0
342.0
295.0
129.0
132.0
204.0
179.0
178.0
162.0
133.0
121.0
133.0
197.0
242.0
216.0
309.0
196.0
182.0
136.0
143.0
177.0
134.0
138.0
441.0
145.0
186.0
195.0
125.0
132.0
226.0
316.0
255.0
252.0
116.0
262.0
280.0
180.0
137.0
163.0
210.0
349.0
146.0
285.0
280.0
117.0
252.0
127.0
236.0
121.0
139.0
135.0
126.0
181.0
255.0
205.0
123.0
331.0
265.0
140.0
143.0
222.0
277.0
209.0
307.0
147.0
203.0
124.0
160.0
126.0
226.0
219.0
129.0
282.0
137.0
227.0
251.0
262.0
350.0
119.0
193.0
212.0
188.0
264.0
259.0
300.0
127.0
155.0
304.0
199.0
231.0
238.0
136.0
144.0
225.0
226.0
165.0
134.0
167.0
281.0
377.0
259.0
191.0
123.0
218.0
129.0
140.0
442.0
245.0
122.0
129.0
209.0
230.0
114.0
143.0
181.0
135.0
117.0
190.0
142.0
292.0
178.0
279.0
376.0
248.0
268.0
190.0
209.0
135.0
160.0
237.0
232.0
145.0
163.0
241.0
156.0
113.0
133.0
168.0
259.0
120.0
168.0
135.0
215.0
134.0
173.0
199.0
175.0
286.0
195.0
193.0
115.0
198.0
114.0
205.0
335.0
160.0
88.0
221.0
219.0
284.0
230.0
124.0
237.0
349.0
298.0
249.0
66.0
137.0
189.0
145.0
151.0
200.0
225.0
181.0
71.0
88.0
201.0
97.0
192.0
132.0
187.0
105.0
253.0
101.0
82.0
186.0
73.0
280.0
209.0
210.0
183.0
88.0
117.0
76.0
142.0
159.0
66.0
96.0
57.0
125.0
293.0
164.0
88.0
243.0
271.0
233.0
65.0
208.0
107.0
101.0
65.0
126.0
106.0
140.0
155.0
126.0
79.0
167.0
65.0
57.0
95.0
109.0
215.0
247.0
217.0
44.0
61.0
35.0
58.0
220.0
218.0
221.0
17.0
90.0
44.0
67.0
71.0
65.0
181.0
48.0
77.0
61.0
55.0
65.0
57.0
215.0
36.0
53.0
21.0
22.0
48.0
33.0
25.0
28.0
90.0
21.0
57.0
18.0
24.0
21.0
16.0
27.0
28.0
13.0
32.0
13.0
13.0
12.0
16.0
22.0
13.0
24.0
15.0
15.0
13.0
13.0
22.0
11.0
36.0
101.0
100.0
66.0
29.0
103.0
18.0
14.0
66.0
15.0
24.0
153.0
13.0
48.0
46.0
208.0
216.0
83.0
75.0
249.0
273.0
105.0
144.0
34.0
31.0
282.0
380.0
18.0
13.0
293.0
134.0
161.0
17.0
197.0
51.0
63.0
28.0
73.0
191.0
44.0
500.0
500.0
41.0
500.0
500.0
500.0
500.0
500.0
395.0
253.0
500.0
80.0
500.0
337.0
500.0
437.0
500.0
299.0
500.0
500.0
500.0
500.0
500.0
500.0
500.0
125.0
500.0
370.0
201.0
500.0
500.0
31.0
68.0
265.0
500.0
500.0
27.0
162.0
47.0
91.0
500.0
500.0
500.0
45.0
500.0
500.0
500.0
500.0
500.0
500.0
500.0
500.0
500.0
500.0
500.0
500.0
500.0
500.0
500.0
500.0
500.0
500.0
200.0
500.0
500.0
250.0
500.0
500.0
500.0
500.0
34.0
366.0
500.0
234.0
18.0
500.0
500.0
500.0
500.0
500.0
500.0
500.0
500.0
500.0
500.0
500.0
500.0
500.0
500.0
500.0
500.0
500.0
500.0
500.0
500.0
112.0
86.0
500.0
500.0
240.0
500.0
500.0
500.0
500.0
500.0
71.0
500.0
500.0
489.0
383.0
164.0
486.0
500.0
500.0
500.0
500.0
179.0
500.0
90.0
287.0
500.0
500.0
44.0
500.0
500.0
52.0
500.0
500.0
500.0
500.0
500.0
500.0
500.0
500.0
500.0
110.0
277.0
373.0
290.0
500.0
78.0
500.0
384.0
201.0
30.0
500.0
500.0
447.0
500.0
500.0
500.0
500.0
500.0
500.0
500.0
500.0
500.0
386.0
348.0
60.0
500.0
35.0
59.0
500.0
500.0
500.0
500.0
111.0
35.0
165.0
128.0
86.0
500.0
438.0
285.0
500.0
500.0
41.0
500.0
43.0
359.0
500.0
238.0
264.0
500.0
500.0
500.0
500.0
500.0
500.0
500.0
500.0
500.0
449.0
500.0
500.0
500.0
500.0
496.0
77.0
500.0
287.0
500.0
200.0
500.0
472.0
277.0
500.0
500.0
500.0
500.0
500.0
500.0
500.0
500.0
500.0
42.0
10.0
500.0
175.0
500.0
87.0
500.0
500.0
500.0
500.0
487.0
500.0
500.0
500.0
500.0
500.0
500.0
500.0
500.0
500.0
500.0
500.0
500.0
500.0
500.0
324.0
500.0
500.0
500.0
500.0
500.0
500.0
500.0
444.0
500.0
500.0
500.0
500.0
500.0
500.0
500.0
500.0
500.0
500.0
43.0
469.0
500.0
150.0
94.0
500.0
214.0
500.0
500.0
500.0
500.0
74.0
500.0
500.0
500.0
500.0
223.0
144.0
500.0
500.0
500.0
500.0
500.0
500.0
500.0
500.0
500.0
500.0
500.0
500.0
500.0
500.0
500.0
500.0
500.0
277.0
500.0
500.0
500.0
500.0
500.0
500.0
500.0
500.0
500.0
500.0
500.0
500.0
500.0
500.0
500.0
500.0
500.0
500.0
500.0
500.0
500.0
500.0
500.0
500.0
500.0
500.0
500.0
204.0
500.0
500.0
500.0
500.0
500.0
176.0
500.0
72.0
500.0
500.0
500.0
500.0
500.0
500.0
500.0
500.0
500.0
500.0
500.0
500.0
500.0
500.0
500.0
500.0
500.0
500.0
381.0
500.0
500.0
139.0
321.0
376.0
500.0
500.0
500.0
500.0
500.0
500.0
500.0
500.0
500.0
500.0
500.0
500.0
500.0
500.0
500.0
500.0
500.0
500.0
500.0
85.0
500.0
500.0
500.0
500.0
500.0
500.0
177.0
500.0
500.0
428.0
73.0
347.0
500.0
500.0
81.0
500.0
500.0
500.0
500.0
500.0
500.0
500.0
500.0
500.0
500.0
500.0
500.0
500.0
500.0
500.0
500.0
500.0
500.0
500.0
500.0
500.0
500.0
500.0
500.0
500.0
500.0
500.0
500.0
500.0
500.0
500.0
500.0
500.0
500.0
500.0
500.0
500.0
500.0
500.0
500.0
500.0
500.0
500.0
500.0
500.0
500.0
500.0
500.0
500.0
500.0
500.0
500.0
500.0
500.0
500.0
500.0
500.0
500.0
500.0
500.0
500.0
500.0
500.0
500.0
500.0
500.0
500.0
500.0
500.0
500.0
500.0
500.0
500.0
500.0
500.0
500.0
500.0
500.0
500.0
500.0
500.0
500.0
500.0
500.0
500.0
500.0
500.0
500.0
500.0
500.0
500.0
500.0
500.0
500.0
500.0
500.0
500.0
500.0
500.0
500.0
500.0
500.0
500.0
500.0
500.0
500.0
500.0
500.0
500.0
500.0
500.0
500.0
500.0
500.0
500.0
500.0
500.0
500.0
500.0
500.0
500.0
500.0
500.0
500.0
500.0
500.0
500.0
500.0
500.0
500.0
500.0
500.0
500.0
500.0
500.0
500.0
500.0
500.0
500.0
500.0
500.0
500.0
500.0
500.0
500.0
500.0
500.0
500.0
500.0
500.0
500.0
500.0
500.0
500.0
500.0
500.0
500.0
500.0
500.0
500.0
500.0
473.0
500.0
500.0
500.0
500.0
500.0
500.0
500.0
500.0
500.0
500.0
500.0
500.0
500.0
500.0
500.0
500.0
500.0
500.0
500.0
500.0
500.0
500.0
500.0
500.0
500.0
500.0
500.0
500.0
500.0
500.0
500.0
500.0
500.0
500.0
500.0
500.0
500.0
500.0
500.0
500.0
500.0
500.0
500.0
500.0
500.0
500.0
500.0
500.0
500.0
500.0
500.0
500.0
500.0
500.0
500.0
500.0
500.0
500.0
500.0
500.0
500.0
500.0
500.0
500.0
500.0
500.0
500.0
500.0
500.0
500.0
500.0
500.0
500.0
500.0
500.0
500.0
500.0
500.0
500.0
500.0
500.0
500.0
500.0
500.0
500.0
500.0
500.0
500.0
500.0
500.0
500.0
500.0
493.0
500.0
500.0
500.0
500.0
500.0
500.0
500.0
500.0
500.0
500.0
500.0
500.0
500.0
500.0
500.0
500.0
500.0
500.0
500.0
500.0
500.0
500.0
500.0
500.0
500.0
500.0
500.0
500.0
500.0
500.0
500.0
500.0
500.0
500.0
500.0
500.0
500.0
500.0
500.0
500.0
500.0
500.0
500.0
500.0
500.0
500.0
500.0
500.0
500.0
500.0
500.0
500.0
500.0
500.0
500.0
500.0
500.0
500.0
500.0
500.0
500.0
500.0
500.0
500.0
500.0
500.0
500.0
500.0
500.0
500.0
500.0
500.0
500.0
500.0
500.0
500.0
500.0
500.0
500.0
500.0
500.0
500.0
500.0
500.0
500.0
500.0
500.0
500.0
500.0
500.0
500.0
500.0
500.0
500.0
500.0
500.0
500.0
500.0
500.0
500.0
500.0
500.0
500.0
500.0
500.0
500.0
500.0
500.0
500.0
500.0
500.0
500.0
500.0
500.0
500.0
500.0
500.0
500.0
500.0
500.0
500.0
500.0
500.0
500.0
500.0
500.0
500.0
500.0
500.0
500.0
500.0
500.0
500.0
500.0
500.0
500.0
500.0
500.0
500.0
500.0
500.0
500.0
500.0
500.0
500.0
500.0
500.0
500.0
500.0
500.0
500.0
500.0
500.0
500.0
500.0
500.0
500.0
500.0
500.0
500.0
500.0
500.0
500.0
500.0
500.0
500.0
500.0
500.0
500.0
500.0
500.0
500.0
500.0
500.0
500.0
500.0
500.0
500.0
500.0
500.0
500.0
500.0
500.0
500.0
500.0
500.0
500.0
500.0
352.0
500.0
500.0
500.0
500.0
500.0
500.0
500.0
500.0
500.0
500.0
500.0
500.0
500.0
500.0
500.0
500.0
500.0
500.0
500.0
500.0
500.0
500.0
500.0
500.0
500.0
500.0
500.0
500.0
500.0
500.0
500.0
500.0
500.0
500.0
500.0
500.0
500.0
500.0
500.0
500.0
500.0
500.0
500.0
500.0
500.0
500.0
500.0
500.0
500.0
500.0
500.0
500.0
500.0
500.0
500.0
500.0
500.0
500.0
500.0
500.0
500.0
500.0
500.0
500.0
500.0
500.0
500.0
500.0
500.0
500.0
500.0
500.0
500.0
500.0
500.0
500.0
500.0
500.0
500.0
500.0
500.0
500.0
500.0
500.0
500.0
500.0
500.0
500.0
500.0
500.0
500.0
500.0
500.0
500.0
500.0
500.0
500.0
500.0
500.0
500.0
500.0
500.0
500.0
500.0
500.0
500.0
500.0
500.0
500.0
500.0
500.0
500.0
500.0
500.0
500.0
500.0
500.0
500.0
500.0
500.0
500.0
500.0
500.0
500.0
500.0
500.0
500.0
500.0
500.0
500.0
500.0
500.0
500.0
500.0
500.0
500.0
500.0
500.0
500.0
500.0
500.0
500.0
500.0
500.0
500.0
500.0
500.0
500.0
500.0
500.0
500.0
500.0
500.0
500.0
500.0
500.0
500.0
500.0
500.0
500.0
500.0
500.0
500.0
500.0
500.0
500.0
500.0
500.0
500.0
500.0
500.0
500.0
500.0
500.0
500.0
500.0
500.0
500.0
500.0
500.0
500.0
500.0
500.0
500.0
500.0
500.0
500.0
500.0
500.0
500.0
500.0
500.0
500.0
500.0
500.0
500.0
500.0
500.0
500.0
500.0
500.0
500.0
500.0
500.0
500.0
500.0
500.0
500.0
500.0
500.0
500.0
500.0
500.0
500.0
500.0
500.0
500.0
500.0
500.0
500.0
500.0
500.0
500.0
500.0
500.0
500.0
500.0
500.0
500.0
500.0
500.0
500.0
500.0
500.0
500.0
500.0
500.0
500.0
500.0
500.0
500.0
500.0
500.0
500.0
500.0
500.0
500.0
500.0
500.0
500.0
500.0
500.0
500.0
500.0
500.0
500.0
500.0
500.0
500.0
500.0
500.0
500.0
500.0
500.0
500.0
500.0
500.0
500.0
500.0
500.0
500.0
500.0
500.0
500.0
500.0
500.0
500.0
500.0
500.0
500.0
500.0
500.0
500.0
500.0
500.0
500.0
500.0
500.0
500.0
500.0
500.0
500.0
500.0
500.0
500.0
500.0
500.0
500.0
500.0
500.0
500.0
500.0
500.0
500.0
500.0
500.0
500.0
500.0
500.0
500.0
500.0
500.0
500.0
500.0
500.0
500.0
500.0
500.0
500.0
500.0
500.0
500.0
500.0
500.0
500.0
500.0
500.0
500.0
500.0
500.0
500.0
500.0
500.0
500.0
500.0
500.0
500.0
500.0
500.0
500.0
500.0
500.0
500.0
500.0
500.0
500.0
500.0
500.0
500.0
500.0
500.0
500.0
500.0
500.0
500.0
500.0
500.0
500.0
500.0
500.0
500.0
500.0
500.0
500.0
500.0
500.0
500.0
500.0
500.0
500.0
500.0
500.0
500.0
500.0
500.0
500.0
500.0
500.0
500.0
500.0
500.0
500.0
500.0
500.0
500.0
500.0
500.0
500.0
500.0
500.0
500.0
500.0
500.0
500.0
500.0
500.0
500.0
500.0
500.0
500.0
500.0
500.0
500.0
500.0
500.0
500.0
500.0
500.0
500.0
500.0
500.0
500.0
500.0
500.0
500.0
500.0
500.0
500.0
500.0
445.0
500.0
500.0
500.0
500.0
500.0
500.0
500.0
500.0
500.0
500.0
500.0
500.0
500.0
500.0
500.0
500.0
500.0
500.0
500.0
500.0
500.0
500.0
500.0
421.0
500.0
500.0
500.0
500.0
500.0
500.0
500.0
500.0
500.0
500.0
500.0
500.0
500.0
500.0
500.0
500.0
500.0
500.0
500.0
500.0
500.0
500.0
500.0
500.0
500.0
500.0
500.0
500.0
500.0
500.0
500.0
500.0
500.0
500.0
500.0
500.0
500.0
500.0
500.0
500.0
500.0
500.0
500.0
500.0
500.0
500.0
500.0
500.0
500.0
500.0
500.0
500.0
500.0
500.0
500.0
500.0
500.0
500.0
500.0
500.0
500.0
500.0
500.0
500.0
500.0
500.0
500.0
500.0
500.0
500.0
500.0
500.0
500.0
500.0
500.0
500.0
500.0
500.0
500.0
500.0
500.0
500.0
500.0
500.0
500.0
500.0
500.0
500.0
500.0
500.0
500.0
500.0
500.0
500.0
500.0
500.0
500.0
500.0
500.0
500.0
500.0
500.0
500.0
500.0
500.0
500.0
500.0
500.0
500.0
500.0
500.0
500.0
500.0
500.0
500.0
500.0
500.0
500.0
500.0
500.0
500.0
500.0
500.0
500.0
500.0
500.0
500.0
500.0
500.0
500.0
500.0
500.0
500.0
500.0
500.0
500.0
500.0
500.0
500.0
500.0
500.0
500.0
500.0
500.0
500.0
500.0
500.0
500.0
500.0
500.0
500.0
500.0
500.0
500.0
500.0
500.0
500.0
500.0
500.0
500.0
500.0
500.0
500.0
500.0
500.0
500.0
500.0
500.0
500.0
500.0
500.0
500.0
500.0
500.0
500.0
500.0
500.0
500.0
500.0
500.0
500.0
500.0
500.0
500.0
500.0
500.0
500.0
500.0
500.0
500.0
500.0
500.0
500.0
500.0
500.0
500.0
500.0
500.0
500.0
500.0
500.0
500.0
500.0
500.0
500.0
500.0
500.0
500.0
424.0
500.0
500.0
500.0
500.0
500.0
500.0
500.0
500.0
500.0
500.0
500.0
500.0
500.0
500.0
500.0
500.0
500.0
500.0
500.0
500.0
500.0
500.0
500.0
500.0
500.0
500.0
500.0
500.0
500.0
500.0
500.0
500.0
500.0
500.0
500.0
500.0
500.0
500.0
500.0
500.0
500.0
500.0
500.0
500.0
500.0
500.0
500.0
500.0
500.0
500.0
500.0
500.0
500.0
500.0
500.0
500.0
500.0
500.0
500.0
500.0
500.0
500.0
500.0
500.0
500.0
500.0
500.0
500.0
500.0
500.0
500.0
500.0
500.0
500.0
500.0
500.0
500.0
500.0
500.0
500.0
500.0
500.0
500.0
500.0
500.0
500.0
500.0
500.0
500.0
500.0
500.0
500.0
500.0
500.0
500.0
500.0
500.0
500.0
500.0
500.0
500.0
500.0
500.0
500.0
500.0
500.0
500.0
500.0
500.0
500.0
500.0
500.0
500.0
500.0
500.0
500.0
500.0
500.0
500.0
500.0
500.0
500.0
500.0
500.0
500.0
500.0
500.0
500.0
350.0
500.0
500.0
500.0
500.0
500.0
500.0
500.0
500.0
500.0
500.0
500.0
500.0
500.0
500.0
500.0
500.0
500.0
500.0
500.0
500.0
500.0
500.0
500.0
500.0
500.0
500.0
500.0
500.0
500.0
500.0
500.0
500.0
500.0
500.0
500.0
500.0
500.0
500.0
500.0
500.0
500.0
500.0
500.0
500.0
500.0
500.0
500.0
500.0
500.0
500.0
500.0
500.0
500.0
500.0
500.0
500.0
500.0
500.0
500.0
500.0
500.0
500.0
500.0
500.0
500.0
500.0
500.0
500.0
500.0
500.0
500.0
500.0
500.0
500.0
500.0
500.0
500.0
500.0
500.0
500.0
500.0
500.0
500.0
500.0
500.0
500.0
500.0
500.0
500.0
500.0
500.0
500.0
500.0
500.0
500.0
500.0
500.0
500.0
500.0
500.0
500.0
500.0
500.0
500.0
500.0
500.0
500.0
500.0
500.0
500.0
500.0
500.0
500.0
500.0
500.0
500.0
500.0
500.0
500.0
500.0
500.0
500.0
500.0
500.0
500.0
500.0
500.0
500.0
500.0
500.0
500.0
500.0
500.0
500.0
500.0
500.0
500.0
500.0
500.0
500.0
500.0
500.0
500.0
500.0
500.0
500.0
500.0
500.0
500.0
500.0
500.0
500.0
500.0
500.0
500.0
500.0
500.0
500.0
500.0
500.0
500.0
500.0
500.0
500.0
500.0
500.0
500.0
500.0
500.0
500.0
500.0
500.0
500.0
500.0
500.0
500.0
500.0
500.0
500.0
500.0
500.0
500.0
500.0
500.0
500.0
500.0
500.0
500.0
500.0
500.0
500.0
500.0
500.0
500.0
500.0
500.0
500.0
500.0
500.0
500.0
500.0
500.0
500.0
500.0
500.0
500.0
500.0
500.0
500.0
500.0
474.0
500.0
500.0
500.0
500.0
500.0
500.0
500.0
500.0
500.0
500.0
500.0
500.0
500.0
500.0
500.0
500.0
500.0
500.0
500.0
500.0
500.0
500.0
500.0
500.0
500.0
500.0
500.0
500.0
500.0
500.0
500.0
500.0
500.0
500.0
500.0
500.0
500.0
500.0
500.0
500.0
500.0
500.0
500.0
500.0
500.0
500.0
500.0
500.0
500.0
500.0
500.0
500.0
500.0
500.0
500.0
500.0
500.0
500.0
500.0
500.0
500.0
500.0
500.0
500.0
500.0
500.0
500.0
500.0
500.0
500.0
500.0
500.0
500.0
500.0
500.0
500.0
500.0
500.0
500.0
500.0
500.0
500.0
500.0
500.0
500.0
500.0
500.0
500.0
500.0
500.0
500.0
500.0
500.0
500.0
500.0
500.0
500.0
500.0
500.0
500.0
500.0
500.0
500.0
500.0
500.0
500.0
500.0
500.0
500.0
500.0
500.0
500.0
500.0
500.0
500.0
500.0
500.0
500.0
500.0
500.0
500.0
500.0
500.0
500.0
500.0
500.0
500.0
500.0
500.0
500.0
500.0
500.0
500.0
500.0
500.0
500.0
500.0
500.0
500.0
500.0
500.0
500.0
500.0
500.0
500.0
500.0
500.0
500.0
500.0
500.0
500.0
500.0
500.0
500.0
500.0
500.0
500.0
500.0
500.0
500.0
500.0
500.0
500.0
500.0
500.0
500.0
500.0
500.0
500.0
500.0
500.0
500.0
500.0
500.0
500.0
500.0
500.0
500.0
500.0
500.0
500.0
500.0
500.0
500.0
500.0
500.0
500.0
500.0
500.0
500.0
500.0
500.0
500.0
500.0
500.0
500.0
500.0
500.0
500.0
500.0
500.0
500.0
500.0
500.0
500.0
500.0
500.0
500.0
500.0
500.0
500.0
500.0
500.0
500.0
500.0
500.0
500.0
500.0
500.0
500.0
500.0
500.0
500.0
500.0
500.0
500.0
500.0
500.0
500.0
500.0
500.0
500.0
500.0
500.0
500.0
500.0
500.0
500.0
500.0
500.0
500.0
500.0
500.0
500.0
500.0
500.0
500.0
500.0
500.0
500.0
500.0
500.0
500.0
500.0
500.0
500.0
500.0
500.0
500.0
500.0
500.0
500.0
500.0
500.0
500.0
500.0
500.0
500.0
500.0
500.0
500.0
500.0
500.0
500.0
500.0
500.0
500.0
500.0
500.0
500.0
500.0
500.0
500.0
500.0
500.0
500.0
500.0
500.0
500.0
500.0
500.0
500.0
500.0
500.0
500.0
500.0
500.0
500.0
500.0
500.0
500.0
500.0
500.0
500.0
500.0
500.0
500.0
500.0
500.0
500.0
500.0
500.0
500.0
500.0
500.0
500.0
500.0
500.0
500.0
500.0
500.0
500.0
500.0
500.0
500.0
500.0
500.0
500.0
500.0
500.0
500.0
500.0
500.0
500.0
500.0
500.0
500.0
500.0
500.0
500.0
500.0
500.0
500.0
500.0
500.0
500.0
500.0
500.0
500.0
500.0
500.0
500.0
500.0
500.0
500.0
500.0
500.0
500.0
500.0
500.0
500.0
500.0
500.0
500.0
500.0
500.0
500.0
500.0
500.0
500.0
500.0
500.0
500.0
500.0
500.0
500.0
500.0
500.0
500.0
500.0
500.0
500.0
500.0
500.0
500.0
500.0
500.0
500.0
500.0
500.0
500.0
500.0
500.0
500.0
500.0
500.0
500.0
500.0
500.0
500.0
500.0
500.0
500.0
500.0
500.0
500.0
500.0
500.0
500.0
500.0
500.0
500.0
500.0
500.0
500.0
500.0
500.0
500.0
500.0
500.0
500.0
500.0
500.0
500.0
500.0
500.0
500.0
500.0
500.0
500.0
500.0
500.0
500.0
500.0
500.0
500.0
500.0
500.0
500.0
500.0
500.0
500.0
500.0
500.0
500.0
500.0
500.0
500.0
500.0
500.0
500.0
500.0
500.0
500.0
500.0
500.0
500.0
500.0
500.0
500.0
500.0
500.0
500.0
500.0
500.0
500.0
500.0
500.0
500.0
500.0
500.0
500.0
500.0
500.0
500.0
500.0
500.0
500.0
500.0
500.0
500.0
500.0
500.0
500.0
500.0
500.0
500.0
500.0
500.0
500.0
500.0
500.0
500.0
500.0
500.0
500.0
500.0
500.0
500.0
500.0
500.0
500.0
500.0
500.0
500.0
500.0
500.0
500.0
500.0
500.0
500.0
500.0
500.0
500.0
500.0
500.0
500.0
500.0
500.0
500.0
500.0
500.0
500.0
500.0
500.0
500.0
500.0
500.0
500.0
500.0
500.0
500.0
500.0
500.0
500.0
500.0
500.0
500.0
500.0
500.0
500.0
500.0
500.0
500.0
500.0
500.0
500.0
500.0
500.0
500.0
500.0
500.0
500.0
500.0
500.0
500.0
500.0
500.0
500.0
500.0
500.0
500.0
500.0
500.0
500.0
500.0
500.0
500.0
500.0
500.0
500.0
500.0
500.0
500.0
500.0
500.0
500.0
500.0
500.0
500.0
500.0
500.0
500.0
500.0
500.0
500.0
500.0
500.0
500.0
500.0
500.0
500.0
500.0
500.0
500.0
500.0
500.0
500.0
500.0
500.0
500.0
500.0
500.0
500.0
500.0
500.0
500.0
500.0
500.0
500.0
500.0
500.0
500.0
500.0
500.0
500.0
500.0
500.0
500.0
500.0
500.0
500.0
500.0
500.0
500.0
500.0
500.0
500.0
500.0
500.0
500.0
500.0
500.0
500.0
500.0
500.0
500.0
500.0
500.0
500.0
500.0
500.0
500.0
500.0
500.0
500.0
500.0
500.0
500.0
500.0
500.0
500.0
500.0
500.0
500.0
500.0
500.0
500.0
500.0
500.0
500.0
500.0
500.0
500.0
500.0
500.0
500.0
500.0
500.0
500.0
500.0
500.0
500.0
500.0
500.0
500.0
500.0
500.0
500.0
500.0
500.0
500.0
500.0
500.0
500.0
500.0
500.0
500.0
500.0
500.0
500.0
500.0
500.0
500.0
500.0
500.0
500.0
500.0
500.0
500.0
500.0
500.0
500.0
500.0
500.0
500.0
500.0
500.0
500.0
500.0
500.0
500.0
500.0
500.0
500.0
500.0
500.0
500.0
500.0
500.0
500.0
500.0
500.0
500.0
500.0
500.0
500.0
500.0
500.0
500.0
500.0
500.0
500.0
500.0
500.0
500.0
500.0
500.0
500.0
500.0
500.0
500.0
500.0
500.0
500.0
500.0
500.0
500.0
500.0
500.0
500.0
500.0
500.0
500.0
500.0
500.0
500.0
500.0
500.0
500.0
500.0
500.0
500.0
500.0
500.0
500.0
500.0
500.0
500.0
500.0
500.0
500.0
500.0
500.0
500.0
500.0
500.0
500.0
500.0
500.0
500.0
500.0
500.0
500.0
500.0
500.0
500.0
500.0
500.0
500.0
500.0
500.0
500.0
500.0
500.0
500.0
500.0
500.0
500.0
500.0
500.0
500.0
500.0
500.0
136.0
500.0
500.0
500.0
500.0
500.0
500.0
38.0
500.0
370.0
500.0
500.0
500.0
500.0
500.0
500.0
334.0
500.0
500.0
500.0
500.0
500.0
500.0
500.0
500.0
464.0
500.0
500.0
500.0
500.0
500.0
93.0
500.0
500.0
500.0
500.0
500.0
500.0
500.0
500.0
500.0
500.0
500.0
500.0
500.0
500.0
500.0
500.0
500.0
500.0
500.0
500.0
500.0
500.0
500.0
52.0
500.0
500.0
500.0
500.0
500.0
500.0
500.0
500.0
500.0
500.0
500.0
500.0
500.0
500.0
500.0
428.0
500.0
500.0
500.0
500.0
445.0
500.0
500.0
500.0
500.0
500.0
500.0
500.0
500.0
421.0
500.0
500.0
500.0
500.0
500.0
500.0
500.0
500.0
500.0
500.0
500.0
500.0
500.0
500.0
500.0
500.0
419.0
500.0
500.0
500.0
500.0
500.0
500.0
500.0
500.0
500.0
500.0
500.0
500.0
500.0
500.0
500.0
191.0
500.0
500.0
500.0
500.0
500.0
500.0
500.0
500.0
500.0
500.0
500.0
500.0
500.0
500.0
500.0
500.0
500.0
500.0
450.0
326.0
391.0
500.0
465.0
500.0
500.0
500.0
500.0
500.0
500.0
500.0
500.0
500.0
500.0
500.0
500.0
500.0
500.0
500.0
448.0
500.0
500.0
500.0
500.0
500.0
500.0
500.0
500.0
500.0
500.0
500.0
464.0
500.0
500.0
500.0
500.0
493.0
415.0
500.0
500.0
500.0
423.0
500.0
500.0
500.0
500.0
500.0
500.0
500.0
470.0
500.0
500.0
500.0
500.0
500.0
500.0
500.0
500.0
460.0
500.0
500.0
500.0
500.0
500.0
500.0
466.0
414.0
500.0
500.0
500.0
500.0
477.0
498.0
433.0
500.0
460.0
500.0
500.0
500.0
500.0
405.0
500.0
500.0
500.0
500.0
500.0
427.0
500.0
500.0
458.0
500.0
428.0
500.0
500.0
500.0
500.0
500.0
500.0
457.0
500.0
500.0
500.0
500.0
500.0
500.0
500.0
500.0
500.0
500.0
500.0
500.0
500.0
500.0
500.0
500.0
500.0
193.0
480.0
91.0
239.0
500.0
500.0
436.0
500.0
475.0
218.0
482.0
500.0
500.0
181.0
500.0
229.0
500.0
500.0
500.0
500.0
500.0
500.0
500.0
355.0
413.0
500.0
500.0
431.0
500.0
500.0
447.0
464.0
432.0
360.0
500.0
419.0
500.0
426.0
433.0
500.0
500.0
500.0
500.0
500.0
273.0
500.0
500.0
336.0
500.0
500.0
500.0
348.0
355.0
491.0
309.0
500.0
333.0
271.0
384.0
304.0
371.0
500.0
342.0
500.0
390.0
381.0
428.0
500.0
500.0
409.0
273.0
500.0
284.0
315.0
452.0
500.0
340.0
357.0
500.0
500.0
500.0
500.0
500.0
443.0
337.0
378.0
474.0
500.0
500.0
402.0
325.0
500.0
344.0
500.0
412.0
500.0
312.0
500.0
500.0
500.0
500.0
463.0
407.0
500.0
318.0
500.0
349.0
500.0
439.0
497.0
500.0
500.0
500.0
400.0
500.0
384.0
500.0
444.0
500.0
377.0
353.0
500.0
500.0
500.0
500.0
500.0
500.0
500.0
500.0
460.0
352.0
500.0
334.0
450.0
500.0
500.0
500.0
500.0
500.0
303.0
404.0
500.0
297.0
500.0
461.0
500.0
500.0
500.0
500.0
297.0
500.0
415.0
500.0
500.0
500.0
295.0
500.0
455.0
375.0
500.0
339.0
500.0
350.0
500.0
395.0
420.0
351.0
500.0
500.0
500.0
500.0
500.0
500.0
200.0
220.0
500.0
500.0
383.0
413.0
315.0
500.0
500.0
500.0
418.0
277.0
500.0
500.0
500.0
500.0
500.0
500.0
395.0
336.0
500.0
205.0
500.0
391.0
500.0
180.0
477.0
410.0
102.0
500.0
500.0
500.0
500.0
361.0
500.0
186.0
500.0
500.0
500.0
500.0
441.0
363.0
500.0
345.0
500.0
500.0
500.0
500.0
341.0
500.0
440.0
500.0
199.0
405.0
500.0
500.0
500.0
500.0
500.0
384.0
500.0
500.0
500.0
500.0
500.0
500.0
417.0
500.0
500.0
500.0
500.0
500.0
278.0
500.0
500.0
500.0
500.0
403.0
474.0
451.0
500.0
412.0
396.0
500.0
500.0
500.0
311.0
500.0
500.0
500.0
500.0
344.0
340.0
288.0
490.0
500.0
500.0
500.0
480.0
500.0
500.0
411.0
378.0
500.0
345.0
500.0
500.0
500.0
500.0
422.0
319.0
187.0
500.0
480.0
500.0
285.0
500.0
500.0
207.0
500.0
500.0
91.0
382.0
268.0
299.0
475.0
323.0
500.0
500.0
500.0
500.0
500.0
317.0
500.0
500.0
381.0
433.0
500.0
500.0
500.0
500.0
500.0
482.0
499.0
500.0
500.0
500.0
500.0
500.0
500.0
500.0
379.0
297.0
500.0
324.0
500.0
500.0
381.0
343.0
332.0
500.0
500.0
500.0
500.0
434.0
500.0
500.0
500.0
500.0
500.0
500.0
394.0
318.0
289.0
332.0
398.0
500.0
387.0
276.0
500.0
346.0
257.0
500.0
282.0
500.0
500.0
261.0
289.0
401.0
403.0
500.0
322.0
243.0
238.0
163.0
500.0
500.0
500.0
163.0
284.0
500.0
146.0
219.0
128.0
226.0
267.0
183.0
198.0
124.0
226.0
224.0
500.0
500.0
230.0
227.0
500.0
500.0
500.0
357.0
213.0
500.0
140.0
500.0
219.0
500.0
500.0
236.0
203.0
500.0
500.0
179.0
252.0
500.0
225.0
194.0
500.0
500.0
500.0
500.0
500.0
138.0
292.0
126.0
244.0
500.0
200.0
224.0
500.0
226.0
131.0
291.0
273.0
500.0
500.0
500.0
500.0
500.0
254.0
225.0
500.0
236.0
102.0
174.0
131.0
177.0
289.0
155.0
203.0
223.0
500.0
500.0
500.0
298.0
500.0
154.0
380.0
260.0
500.0
300.0
248.0
500.0
500.0
113.0
175.0
500.0
156.0
177.0
183.0
188.0
500.0
102.0
500.0
385.0
242.0
500.0
272.0
289.0
359.0
500.0
500.0
500.0
172.0
172.0
500.0
260.0
500.0
500.0
500.0
500.0
500.0
260.0
500.0
500.0
343.0
269.0
169.0
500.0
256.0
374.0
500.0
500.0
500.0
251.0
200.0
500.0
273.0
277.0
500.0
500.0
500.0
299.0
500.0
500.0
500.0
410.0
500.0
266.0
181.0
280.0
145.0
325.0
500.0
500.0
500.0
500.0
500.0
151.0
363.0
181.0
500.0
500.0
500.0
500.0
269.0
411.0
198.0
500.0
262.0
284.0
200.0
500.0
210.0
500.0
500.0
158.0
195.0
500.0
500.0
500.0
500.0
256.0
312.0
500.0
500.0
500.0
274.0
500.0
500.0
174.0
500.0
500.0
156.0
203.0
404.0
500.0
318.0
161.0
259.0
217.0
500.0
174.0
319.0
500.0
500.0
500.0
434.0
500.0
500.0
211.0
500.0
221.0
500.0
324.0
373.0
500.0
500.0
500.0
500.0
270.0
500.0
305.0
238.0
500.0
500.0
500.0
284.0
500.0
359.0
500.0
500.0
500.0
500.0
500.0
500.0
170.0
197.0
193.0
266.0
262.0
302.0
500.0
500.0
157.0
372.0
160.0
250.0
500.0
500.0
500.0
244.0
500.0
500.0
393.0
279.0
500.0
500.0
500.0
238.0
182.0
500.0
500.0
500.0
500.0
500.0
500.0
500.0
270.0
158.0
500.0
185.0
365.0
500.0
500.0
291.0
185.0
500.0
401.0
500.0
233.0
210.0
500.0
225.0
500.0
500.0
205.0
421.0
174.0
500.0
143.0
500.0
500.0
405.0
340.0
177.0
500.0
500.0
500.0
409.0
185.0
500.0
313.0
258.0
272.0
190.0
500.0
500.0
500.0
500.0
195.0
223.0
500.0
500.0
176.0
500.0
500.0
299.0
500.0
500.0
240.0
233.0
287.0
500.0
299.0
168.0
365.0
500.0
500.0
435.0
500.0
183.0
232.0
315.0
255.0
500.0
500.0
500.0
232.0
351.0
156.0
500.0
303.0
414.0
500.0
188.0
500.0
218.0
221.0
434.0
500.0
470.0
320.0
330.0
500.0
275.0
484.0
500.0
500.0
308.0
500.0
500.0
500.0
291.0
278.0
500.0
500.0
281.0
500.0
500.0
500.0
270.0
265.0
500.0
500.0
294.0
412.0
209.0
312.0
286.0
419.0
264.0
316.0
500.0
218.0
266.0
294.0
500.0
500.0
500.0
500.0
500.0
500.0
500.0
500.0
340.0
500.0
355.0
293.0
388.0
500.0
244.0
305.0
500.0
500.0
500.0
500.0
308.0
500.0
299.0
315.0
500.0
227.0
500.0
382.0
302.0
500.0
329.0
204.0
276.0
500.0
171.0
274.0
216.0
500.0
196.0
352.0
388.0
211.0
500.0
500.0
365.0
500.0
244.0
271.0
153.0
500.0
297.0
323.0
500.0
242.0
123.0
500.0
500.0
500.0
500.0
500.0
500.0
500.0
500.0
500.0
500.0
309.0
196.0
100.0
500.0
181.0
246.0
500.0
236.0
328.0
500.0
250.0
201.0
277.0
189.0
500.0
500.0
150.0
161.0
289.0
500.0
200.0
500.0
500.0
500.0
316.0
223.0
500.0
500.0
325.0
500.0
500.0
500.0
500.0
410.0
146.0
139.0
329.0
239.0
320.0
373.0
500.0
500.0
500.0
285.0
249.0
183.0
500.0
283.0
500.0
500.0
500.0
500.0
235.0
500.0
500.0
500.0
248.0
202.0
319.0
181.0
132.0
177.0
258.0
500.0
93.0
150.0
500.0
500.0
500.0
91.0
217.0
181.0
500.0
500.0
169.0
500.0
280.0
500.0
228.0
500.0
97.0
283.0
370.0
344.0
415.0
287.0
340.0
228.0
500.0
264.0
387.0
206.0
204.0
500.0
244.0
500.0
169.0
500.0
500.0
500.0
500.0
500.0
230.0
483.0
500.0
179.0
500.0
500.0
500.0
264.0
500.0
255.0
298.0
500.0
178.0
500.0
500.0
198.0
500.0
500.0
500.0
500.0
500.0
297.0
140.0
500.0
223.0
195.0
296.0
230.0
500.0
275.0
500.0
500.0
255.0
500.0
185.0
96.0
500.0
500.0
500.0
366.0
500.0
500.0
500.0
189.0
500.0
500.0
372.0
500.0
160.0
243.0
174.0
221.0
317.0
151.0
226.0
161.0
500.0
500.0
476.0
188.0
220.0
208.0
279.0
500.0
500.0
248.0
203.0
500.0
309.0
500.0
227.0
500.0
422.0
244.0
297.0
310.0
357.0
500.0
427.0
247.0
500.0
500.0
500.0
377.0
216.0
277.0
165.0
282.0
190.0
211.0
150.0
304.0
181.0
500.0
267.0
500.0
500.0
174.0
500.0
71.0
397.0
500.0
213.0
182.0
303.0
500.0
500.0
180.0
287.0
500.0
500.0
240.0
500.0
500.0
284.0
278.0
292.0
280.0
500.0
247.0
237.0
500.0
313.0
337.0
336.0
181.0
500.0
500.0
500.0
241.0
463.0
500.0
149.0
327.0
500.0
500.0
500.0
314.0
285.0
243.0
500.0
276.0
500.0
294.0
260.0
500.0
500.0
486.0
176.0
372.0
500.0
163.0
500.0
500.0
175.0
165.0
190.0
500.0
500.0
170.0
500.0
500.0
248.0
266.0
165.0
167.0
500.0
191.0
500.0
264.0
230.0
340.0
419.0
449.0
238.0
311.0
170.0
409.0
500.0
249.0
297.0
500.0
500.0
500.0
500.0
266.0
152.0
500.0
452.0
500.0
219.0
195.0
500.0
232.0
500.0
212.0
500.0
376.0
443.0
500.0
188.0
232.0
289.0
500.0
203.0
300.0
500.0
163.0
225.0
170.0
230.0
500.0
293.0
159.0
500.0
149.0
500.0
500.0
190.0
307.0
500.0
324.0
500.0
500.0
458.0
160.0
402.0
189.0
184.0
269.0
172.0
319.0
500.0
178.0
500.0
302.0
500.0
147.0
492.0
500.0
500.0
343.0
227.0
500.0
265.0
226.0
257.0
500.0
248.0
175.0
500.0
186.0
166.0
267.0
500.0
500.0
500.0
197.0
194.0
225.0
352.0
500.0
332.0
500.0
407.0
207.0
500.0
500.0
300.0
260.0
177.0
500.0
500.0
260.0
398.0
229.0
500.0
320.0
500.0
500.0
500.0
500.0
171.0
320.0
202.0
500.0
500.0
500.0
500.0
500.0
500.0
500.0
214.0
305.0
217.0
500.0
210.0
173.0
261.0
263.0
486.0
213.0
500.0
500.0
234.0
196.0
500.0
500.0
233.0
344.0
230.0
287.0
500.0
161.0
500.0
500.0
199.0
377.0
500.0
500.0
500.0
500.0
463.0
269.0
500.0
500.0
500.0
500.0
241.0
500.0
500.0
369.0
298.0
172.0
241.0
500.0
500.0
188.0
500.0
233.0
199.0
500.0
500.0
198.0
223.0
500.0
500.0
305.0
500.0
500.0
295.0
235.0
165.0
236.0
141.0
500.0
500.0
43.0
500.0
153.0
500.0
500.0
500.0
348.0
500.0
273.0
500.0
500.0
295.0
170.0
307.0
500.0
500.0
302.0
172.0
500.0
500.0
235.0
206.0
500.0
84.0
16.0
39.0
500.0
267.0
152.0
203.0
257.0
167.0
73.0
203.0
168.0
245.0
183.0
250.0
500.0
500.0
500.0
500.0
233.0
500.0
500.0
500.0
500.0
321.0
204.0
401.0
500.0
500.0
88.0
500.0
500.0
53.0
500.0
500.0
54.0
500.0
500.0
500.0
221.0
215.0
500.0
500.0
500.0
500.0
151.0
500.0
500.0
72.0
154.0
500.0
500.0
156.0
148.0
500.0
500.0
500.0
500.0
500.0
296.0
111.0
500.0
500.0
500.0
500.0
500.0
500.0
500.0
500.0
500.0
500.0
500.0
500.0
500.0
500.0
500.0
500.0
500.0
500.0
500.0
500.0
500.0
500.0
500.0
500.0
51.0
500.0
500.0
500.0
295.0
500.0
269.0
500.0
32.0
500.0
500.0
500.0
139.0
500.0
500.0
500.0
500.0
500.0
500.0
500.0
500.0
500.0
500.0
500.0
500.0
481.0
500.0
500.0
305.0
500.0
500.0
500.0
500.0
54.0
500.0
500.0
500.0
500.0
500.0
500.0
500.0
53.0
233.0
500.0
500.0
500.0
500.0
206.0
500.0
500.0
500.0
500.0
500.0
500.0
500.0
500.0
500.0
173.0
500.0
119.0
165.0
500.0
500.0
500.0
500.0
500.0
186.0
500.0
500.0
75.0
500.0
500.0
500.0
500.0
500.0
46.0
500.0
500.0
500.0
500.0
500.0
500.0
500.0
44.0
31.0
500.0
500.0
26.0
500.0
88.0
123.0
72.0
500.0
500.0
240.0
500.0
500.0
500.0
133.0
143.0
500.0
500.0
338.0
231.0
500.0
413.0
461.0
343.0
431.0
48.0
500.0
41.0
471.0
500.0
188.0
141.0
500.0
151.0
500.0
407.0
383.0
500.0
135.0
403.0
500.0
500.0
42.0
500.0
500.0
351.0
484.0
500.0
500.0
457.0
500.0
500.0
500.0
46.0
500.0
349.0
500.0
176.0
242.0
283.0
122.0
175.0
307.0
371.0
228.0
435.0
319.0
483.0
500.0
500.0
212.0
48.0
472.0
454.0
432.0
500.0
500.0
500.0
475.0
256.0
500.0
393.0
500.0
416.0
500.0
500.0
500.0
500.0
500.0
500.0
500.0
500.0
500.0
500.0
435.0
500.0
500.0
500.0
159.0
240.0
500.0
500.0
140.0
500.0
169.0
469.0
65.0
500.0
500.0
500.0
165.0
500.0
443.0
500.0
500.0
500.0
488.0
500.0
172.0
41.0
215.0
500.0
37.0
34.0
500.0
500.0
500.0
156.0
500.0
20.0
148.0
500.0
378.0
500.0
177.0
500.0
500.0
366.0
269.0
413.0
443.0
206.0
436.0
37.0
175.0
485.0
474.0
405.0
256.0
493.0
177.0
500.0
477.0
419.0
282.0
175.0
145.0
160.0
486.0
421.0
383.0
368.0
449.0
66.0
192.0
23.0
109.0
500.0
184.0
464.0
445.0
45.0
472.0
75.0
169.0
500.0
500.0
462.0
376.0
434.0
231.0
464.0
500.0
489.0
291.0
350.0
500.0
500.0
473.0
500.0
500.0
228.0
403.0
500.0
216.0
352.0
442.0
272.0
160.0
500.0
137.0
462.0
157.0
457.0
213.0
500.0
500.0
492.0
439.0
295.0
500.0
500.0
228.0
500.0
500.0
374.0
500.0
500.0
202.0
321.0
500.0
500.0
500.0
500.0
500.0
262.0
500.0
500.0
218.0
500.0
275.0
500.0
455.0
482.0
194.0
500.0
441.0
433.0
314.0
500.0
400.0
500.0
495.0
500.0
500.0
164.0
374.0
500.0
494.0
500.0
462.0
454.0
500.0
449.0
500.0
500.0
242.0
160.0
129.0
500.0
500.0
274.0
500.0
453.0
500.0
500.0
500.0
428.0
500.0
500.0
500.0
500.0
500.0
500.0
500.0
459.0
500.0
410.0
500.0
468.0
403.0
500.0
500.0
500.0
500.0
500.0
500.0
500.0
500.0
435.0
385.0
495.0
196.0
500.0
500.0
500.0
500.0
500.0
500.0
500.0
500.0
282.0
500.0
500.0
500.0
500.0
500.0
464.0
500.0
500.0
272.0
500.0
458.0
168.0
52.0
500.0
500.0
500.0
403.0
160.0
173.0
337.0
500.0
457.0
500.0
500.0
500.0
466.0
500.0
458.0
500.0
500.0
500.0
496.0
500.0
464.0
500.0
500.0
455.0
500.0
286.0
169.0
300.0
214.0
197.0
165.0
248.0
138.0
130.0
193.0
215.0
64.0
500.0
113.0
500.0
112.0
176.0
500.0
395.0
264.0
500.0
78.0
312.0
403.0
281.0
500.0
500.0
301.0
71.0
111.0
143.0
301.0
83.0
118.0
196.0
145.0
185.0
33.0
228.0
199.0
115.0
427.0
196.0
261.0
127.0
211.0
120.0
500.0
500.0
500.0
500.0
500.0
500.0
425.0
163.0
164.0
25.0
500.0
483.0
400.0
500.0
500.0
500.0
185.0
500.0
434.0
500.0
500.0
500.0
500.0
500.0
215.0
500.0
500.0
183.0
500.0
369.0
149.0
14.0
500.0
245.0
218.0
31.0
500.0
500.0
500.0
165.0
500.0
500.0
500.0
500.0
500.0
500.0
179.0
88.0
500.0
46.0
500.0
500.0
500.0
500.0
339.0
180.0
500.0
500.0
149.0
500.0
500.0
500.0
500.0
500.0
500.0
289.0
392.0
310.0
198.0
500.0
500.0
500.0
500.0
500.0
500.0
40.0
500.0
500.0
500.0
500.0
500.0
123.0
500.0
500.0
500.0
500.0
500.0
500.0
500.0
500.0
191.0
500.0
500.0
500.0
500.0
500.0
500.0
191.0
500.0
500.0
148.0
146.0
246.0
500.0
361.0
500.0
500.0
310.0
500.0
500.0
500.0
500.0
500.0
141.0
173.0
500.0
500.0
500.0
213.0
500.0
500.0
500.0
500.0
500.0
500.0
500.0
500.0
500.0
500.0
500.0
500.0
500.0
500.0
500.0
169.0
213.0
500.0
500.0
500.0
500.0
500.0
500.0
165.0
500.0
500.0
500.0
500.0
500.0
500.0
305.0
500.0
500.0
460.0
206.0
500.0
500.0
500.0
500.0
500.0
500.0
500.0
324.0
148.0
95.0
500.0
500.0
447.0
500.0
500.0
500.0
500.0
500.0
181.0
500.0
500.0
500.0
500.0
500.0
500.0
203.0
104.0
500.0
500.0
500.0
500.0
41.0
500.0
136.0
500.0
134.0
500.0
365.0
500.0
500.0
64.0
139.0
500.0
500.0
500.0
81.0
500.0
167.0
184.0
231.0
237.0
494.0
500.0
500.0
500.0
289.0
500.0
500.0
139.0
500.0
170.0
212.0
500.0
251.0
500.0
132.0
500.0
168.0
500.0
500.0
229.0
119.0
89.0
136.0
500.0
133.0
500.0
500.0
500.0
167.0
165.0
500.0
500.0
323.0
500.0
261.0
500.0
500.0
500.0
500.0
195.0
263.0
500.0
500.0
500.0
384.0
232.0
243.0
290.0
500.0
500.0
500.0
301.0
500.0
144.0
500.0
500.0
500.0
500.0
467.0
295.0
320.0
500.0
108.0
162.0
244.0
500.0
500.0
500.0
500.0
500.0
500.0
458.0
500.0
500.0
500.0
143.0
500.0
500.0
239.0
281.0
253.0
500.0
500.0
500.0
251.0
197.0
300.0
500.0
175.0
134.0
500.0
248.0
500.0
161.0
500.0
330.0
500.0
500.0
209.0
233.0
500.0
500.0
150.0
500.0
500.0
500.0
333.0
500.0
500.0
242.0
375.0
500.0
335.0
228.0
500.0
168.0
500.0
190.0
229.0
242.0
259.0
283.0
189.0
132.0
495.0
500.0
349.0
416.0
284.0
304.0
500.0
500.0
456.0
192.0
500.0
128.0
500.0
237.0
500.0
266.0
500.0
500.0
136.0
500.0
291.0
500.0
153.0
500.0
500.0
249.0
189.0
376.0
500.0
194.0
500.0
223.0
500.0
220.0
196.0
500.0
227.0
500.0
500.0
500.0
106.0
500.0
119.0
245.0
189.0
321.0
500.0
500.0
171.0
500.0
500.0
317.0
138.0
79.0
500.0
500.0
500.0
500.0
500.0
159.0
212.0
500.0
203.0
435.0
500.0
500.0
500.0
500.0
500.0
500.0
500.0
500.0
500.0
226.0
500.0
231.0
500.0
226.0
500.0
276.0
209.0
500.0
500.0
500.0
233.0
362.0
500.0
500.0
500.0
500.0
500.0
500.0
500.0
500.0
500.0
500.0
500.0
194.0
500.0
500.0
210.0
500.0
500.0
162.0
500.0
500.0
138.0
146.0
500.0
500.0
141.0
248.0
149.0
140.0
500.0
500.0
240.0
500.0
500.0
500.0
271.0
500.0
404.0
500.0
500.0
500.0
500.0
151.0
182.0
500.0
272.0
500.0
227.0
500.0
239.0
500.0
500.0
500.0
500.0
500.0
234.0
500.0
335.0
310.0
173.0
237.0
500.0
285.0
500.0
216.0
478.0
500.0
182.0
500.0
147.0
187.0
500.0
500.0
278.0
220.0
500.0
500.0
500.0
175.0
298.0
500.0
500.0
216.0
500.0
500.0
235.0
500.0
181.0
500.0
176.0
178.0
288.0
348.0
263.0
500.0
500.0
500.0
181.0
500.0
232.0
500.0
500.0
500.0
500.0
117.0
500.0
500.0
500.0
228.0
500.0
430.0
176.0
500.0
190.0
135.0
500.0
500.0
74.0
500.0
500.0
220.0
235.0
139.0
500.0
500.0
50.0
289.0
500.0
304.0
500.0
302.0
500.0
500.0
235.0
244.0
500.0
500.0
55.0
333.0
154.0
500.0
500.0
221.0
500.0
500.0
136.0
219.0
270.0
263.0
175.0
226.0
226.0
294.0
500.0
500.0
190.0
500.0
481.0
500.0
500.0
500.0
382.0
372.0
405.0
500.0
500.0
158.0
500.0
228.0
500.0
500.0
301.0
234.0
285.0
175.0
282.0
500.0
188.0
234.0
500.0
182.0
500.0
378.0
500.0
500.0
500.0
500.0
206.0
344.0
500.0
500.0
376.0
500.0
150.0
500.0
271.0
154.0
265.0
229.0
500.0
158.0
202.0
167.0
175.0
104.0
500.0
297.0
263.0
500.0
500.0
500.0
181.0
453.0
199.0
500.0
440.0
100.0
500.0
500.0
187.0
500.0
359.0
500.0
500.0
500.0
500.0
500.0
500.0
200.0
500.0
500.0
289.0
500.0
158.0
337.0
131.0
301.0
123.0
500.0
500.0
252.0
500.0
500.0
500.0
302.0
500.0
108.0
407.0
296.0
474.0
112.0
299.0
500.0
237.0
225.0
500.0
500.0
257.0
500.0
500.0
500.0
220.0
340.0
191.0
160.0
172.0
230.0
277.0
205.0
500.0
500.0
500.0
181.0
280.0
286.0
500.0
238.0
194.0
242.0
194.0
500.0
393.0
500.0
163.0
180.0
500.0
500.0
201.0
500.0
450.0
282.0
500.0
164.0
500.0
241.0
206.0
436.0
500.0
126.0
500.0
227.0
500.0
500.0
181.0
500.0
163.0
380.0
500.0
327.0
117.0
282.0
500.0
500.0
245.0
500.0
500.0
500.0
235.0
74.0
403.0
37.0
409.0
500.0
212.0
438.0
114.0
335.0
156.0
407.0
411.0
216.0
422.0
500.0
45.0
230.0
260.0
205.0
187.0
139.0
237.0
256.0
500.0
114.0
249.0
300.0
265.0
196.0
120.0
248.0
500.0
500.0
240.0
291.0
500.0
66.0
500.0
130.0
147.0
134.0
379.0
500.0
146.0
170.0
234.0
238.0
500.0
176.0
229.0
500.0
430.0
255.0
125.0
141.0
40.0
170.0
436.0
418.0
171.0
377.0
226.0
215.0
468.0
171.0
43.0
187.0
135.0
500.0
500.0
280.0
323.0
500.0
139.0
500.0
273.0
500.0
159.0
82.0
500.0
94.0
250.0
195.0
41.0
311.0
232.0
137.0
500.0
201.0
41.0
206.0
465.0
500.0
313.0
206.0
195.0
238.0
500.0
280.0
420.0
500.0
500.0
276.0
178.0
500.0
87.0
500.0
92.0
133.0
434.0
171.0
189.0
220.0
500.0
184.0
64.0
116.0
190.0
500.0
302.0
279.0
274.0
214.0
500.0
500.0
500.0
500.0
322.0
248.0
372.0
500.0
296.0
500.0
168.0
377.0
54.0
217.0
500.0
500.0
253.0
500.0
179.0
500.0
485.0
500.0
318.0
492.0
500.0
500.0
371.0
207.0
500.0
128.0
458.0
500.0
500.0
278.0
500.0
500.0
500.0
468.0
242.0
500.0
34.0
500.0
56.0
366.0
207.0
250.0
500.0
381.0
425.0
195.0
500.0
415.0
198.0
500.0
500.0
236.0
436.0
190.0
479.0
500.0
277.0
380.0
304.0
302.0
231.0
150.0
500.0
106.0
500.0
267.0
500.0
37.0
280.0
500.0
350.0
108.0
500.0
471.0
32.0
322.0
297.0
331.0
322.0
218.0
416.0
102.0
147.0
172.0
442.0
500.0
500.0
52.0
350.0
36.0
500.0
500.0
201.0
500.0
500.0
500.0
72.0
359.0
340.0
56.0
479.0
158.0
115.0
368.0
232.0
242.0
123.0
131.0
86.0
100.0
402.0
20.0
118.0
76.0
19.0
500.0
144.0
435.0
287.0
55.0
500.0
500.0
130.0
159.0
198.0
277.0
500.0
117.0
421.0
236.0
63.0
113.0
45.0
101.0
500.0
65.0
119.0
60.0
500.0
154.0
198.0
423.0
500.0
280.0
87.0
417.0
500.0
500.0
500.0
500.0
37.0
191.0
345.0
500.0
500.0
149.0
500.0
500.0
500.0
500.0
30.0
492.0
37.0
67.0
418.0
500.0
500.0
302.0
500.0
500.0
343.0
278.0
459.0
500.0
376.0
500.0
500.0
39.0
116.0
289.0
258.0
216.0
297.0
500.0
304.0
281.0
500.0
121.0
337.0
500.0
410.0
136.0
331.0
255.0
405.0
114.0
297.0
421.0
407.0
290.0
296.0
500.0
249.0
500.0
500.0
500.0
457.0
416.0
482.0
500.0
174.0
370.0
48.0
500.0
361.0
500.0
500.0
500.0
500.0
314.0
500.0
41.0
500.0
57.0
500.0
500.0
405.0
395.0
296.0
500.0
500.0
299.0
227.0
210.0
276.0
203.0
182.0
281.0
170.0
500.0
111.0
132.0
268.0
448.0
239.0
500.0
74.0
449.0
202.0
169.0
279.0
355.0
500.0
296.0
500.0
232.0
500.0
500.0
500.0
226.0
154.0
500.0
500.0
500.0
500.0
500.0
169.0
67.0
389.0
500.0
257.0
500.0
438.0
230.0
500.0
230.0
393.0
398.0
292.0
201.0
110.0
285.0
132.0
500.0
63.0
500.0
500.0
500.0
133.0
85.0
288.0
279.0
276.0
265.0
500.0
80.0
114.0
500.0
132.0
500.0
238.0
306.0
240.0
176.0
171.0
500.0
201.0
500.0
500.0
411.0
71.0
244.0
211.0
259.0
351.0
287.0
500.0
500.0
291.0
500.0
212.0
500.0
500.0
206.0
500.0
500.0
359.0
182.0
53.0
63.0
179.0
500.0
240.0
302.0
286.0
230.0
500.0
500.0
25.0
130.0
500.0
500.0
297.0
158.0
158.0
300.0
289.0
500.0
500.0
172.0
275.0
166.0
500.0
500.0
269.0
293.0
312.0
353.0
341.0
345.0
208.0
208.0
29.0
380.0
215.0
243.0
500.0
500.0
240.0
347.0
250.0
500.0
500.0
295.0
218.0
172.0
161.0
500.0
237.0
222.0
338.0
266.0
379.0
279.0
500.0
253.0
296.0
153.0
41.0
156.0
500.0
265.0
168.0
384.0
143.0
297.0
500.0
500.0
500.0
500.0
500.0
264.0
500.0
215.0
500.0
380.0
278.0
265.0
500.0
256.0
500.0
500.0
500.0
500.0
199.0
500.0
500.0
219.0
56.0
500.0
279.0
364.0
500.0
157.0
500.0
100.0
247.0
170.0
500.0
232.0
47.0
180.0
264.0
500.0
500.0
500.0
500.0
500.0
219.0
192.0
445.0
266.0
296.0
352.0
225.0
250.0
500.0
500.0
500.0
500.0
306.0
223.0
500.0
500.0
359.0
132.0
273.0
253.0
500.0
234.0
500.0
209.0
366.0
500.0
282.0
291.0
500.0
241.0
167.0
223.0
423.0
500.0
500.0
300.0
244.0
230.0
267.0
327.0
151.0
465.0
500.0
289.0
232.0
500.0
325.0
229.0
500.0
198.0
197.0
251.0
500.0
258.0
185.0
142.0
272.0
500.0
43.0
234.0
256.0
215.0
169.0
282.0
306.0
162.0
216.0
500.0
500.0
250.0
300.0
356.0
317.0
500.0
360.0
202.0
194.0
215.0
500.0
393.0
13.0
237.0
200.0
255.0
500.0
171.0
288.0
240.0
500.0
159.0
301.0
500.0
444.0
253.0
197.0
500.0
425.0
500.0
175.0
235.0
500.0
500.0
179.0
280.0
396.0
184.0
393.0
278.0
500.0
194.0
154.0
217.0
254.0
454.0
188.0
289.0
346.0
229.0
201.0
500.0
323.0
500.0
220.0
305.0
500.0
500.0
198.0
216.0
293.0
364.0
247.0
211.0
500.0
302.0
500.0
341.0
267.0
410.0
205.0
211.0
312.0
328.0
264.0
500.0
210.0
189.0
332.0
109.0
109.0
368.0
234.0
260.0
500.0
364.0
115.0
500.0
500.0
204.0
246.0
236.0
500.0
500.0
164.0
500.0
500.0
239.0
500.0
381.0
422.0
278.0
500.0
387.0
224.0
367.0
446.0
257.0
436.0
500.0
35.0
283.0
329.0
220.0
168.0
434.0
158.0
500.0
500.0
27.0
25.0
204.0
500.0
183.0
195.0
167.0
344.0
160.0
500.0
329.0
500.0
286.0
121.0
500.0
212.0
258.0
266.0
500.0
500.0
212.0
500.0
466.0
22.0
353.0
194.0
500.0
74.0
75.0
130.0
500.0
187.0
356.0
193.0
287.0
299.0
246.0
358.0
284.0
54.0
287.0
300.0
252.0
395.0
425.0
318.0
500.0
159.0
155.0
500.0
219.0
103.0
500.0
383.0
308.0
269.0
161.0
500.0
317.0
289.0
280.0
500.0
257.0
201.0
415.0
287.0
351.0
500.0
257.0
169.0
252.0
216.0
339.0
227.0
255.0
357.0
500.0
333.0
255.0
135.0
219.0
308.0
500.0
111.0
500.0
221.0
281.0
313.0
305.0
500.0
183.0
500.0
500.0
375.0
500.0
203.0
458.0
500.0
242.0
500.0
500.0
500.0
500.0
139.0
176.0
224.0
500.0
500.0
166.0
304.0
500.0
158.0
177.0
500.0
296.0
500.0
249.0
500.0
500.0
353.0
500.0
500.0
221.0
500.0
252.0
500.0
195.0
154.0
363.0
500.0
351.0
392.0
500.0
192.0
173.0
500.0
500.0
499.0
258.0
351.0
263.0
151.0
319.0
327.0
236.0
289.0
500.0
262.0
240.0
500.0
500.0
312.0
500.0
127.0
500.0
434.0
500.0
500.0
500.0
500.0
319.0
173.0
500.0
500.0
297.0
325.0
500.0
500.0
192.0
195.0
213.0
487.0
407.0
269.0
500.0
303.0
500.0
217.0
345.0
500.0
124.0
136.0
441.0
247.0
139.0
153.0
500.0
365.0
381.0
500.0
88.0
437.0
500.0
201.0
161.0
328.0
161.0
248.0
249.0
419.0
500.0
267.0
500.0
265.0
500.0
500.0
176.0
263.0
340.0
500.0
470.0
500.0
268.0
253.0
500.0
500.0
500.0
395.0
261.0
500.0
267.0
124.0
500.0
393.0
288.0
376.0
406.0
210.0
205.0
188.0
430.0
500.0
500.0
500.0
500.0
298.0
390.0
244.0
500.0
323.0
47.0
303.0
378.0
400.0
500.0
500.0
500.0
248.0
500.0
500.0
180.0
500.0
165.0
500.0
500.0
500.0
268.0
307.0
500.0
500.0
500.0
208.0
258.0
156.0
45.0
500.0
175.0
282.0
304.0
324.0
500.0
192.0
299.0
500.0
395.0
176.0
261.0
290.0
339.0
343.0
500.0
500.0
176.0
500.0
173.0
390.0
334.0
300.0
500.0
500.0
220.0
500.0
370.0
500.0
500.0
317.0
211.0
188.0
137.0
116.0
234.0
315.0
347.0
500.0
228.0
241.0
242.0
308.0
250.0
253.0
500.0
324.0
119.0
203.0
304.0
418.0
338.0
500.0
500.0
500.0
179.0
288.0
199.0
312.0
500.0
500.0
293.0
156.0
222.0
205.0
500.0
141.0
215.0
445.0
500.0
291.0
311.0
291.0
298.0
284.0
500.0
198.0
261.0
500.0
183.0
500.0
307.0
500.0
500.0
276.0
500.0
235.0
272.0
500.0
367.0
155.0
500.0
392.0
500.0
500.0
500.0
244.0
476.0
500.0
91.0
500.0
144.0
500.0
500.0
495.0
265.0
500.0
96.0
309.0
403.0
402.0
500.0
185.0
136.0
233.0
299.0
209.0
500.0
332.0
313.0
500.0
500.0
500.0
500.0
221.0
500.0
240.0
500.0
282.0
500.0
212.0
236.0
500.0
500.0
500.0
425.0
458.0
500.0
289.0
121.0
329.0
312.0
160.0
162.0
500.0
500.0
500.0
216.0
221.0
500.0
500.0
500.0
348.0
500.0
500.0
500.0
264.0
220.0
224.0
500.0
165.0
102.0
500.0
343.0
500.0
181.0
500.0
500.0
268.0
266.0
500.0
139.0
500.0
425.0
234.0
500.0
500.0
500.0
367.0
500.0
498.0
500.0
479.0
154.0
418.0
268.0
500.0
276.0
281.0
320.0
253.0
271.0
282.0
500.0
488.0
233.0
500.0
250.0
242.0
500.0
377.0
435.0
500.0
247.0
492.0
129.0
74.0
500.0
328.0
500.0
500.0
259.0
181.0
500.0
500.0
500.0
184.0
500.0
282.0
235.0
204.0
500.0
267.0
348.0
230.0
500.0
500.0
250.0
229.0
201.0
300.0
197.0
277.0
500.0
343.0
391.0
500.0
261.0
66.0
500.0
464.0
474.0
316.0
366.0
249.0
357.0
500.0
309.0
219.0
232.0
442.0
253.0
500.0
206.0
370.0
266.0
291.0
221.0
268.0
258.0
305.0
500.0
319.0
500.0
500.0
500.0
386.0
500.0
500.0
500.0
500.0
312.0
190.0
368.0
337.0
315.0
500.0
281.0
500.0
343.0
166.0
189.0
500.0
358.0
500.0
500.0
475.0
287.0
500.0
500.0
500.0
195.0
500.0
500.0
135.0
395.0
195.0
306.0
192.0
353.0
133.0
500.0
259.0
419.0
500.0
303.0
500.0
231.0
500.0
338.0
287.0
500.0
500.0
500.0
500.0
309.0
317.0
189.0
220.0
243.0
206.0
500.0
294.0
500.0
229.0
500.0
326.0
500.0
351.0
500.0
263.0
500.0
252.0
290.0
500.0
454.0
382.0
500.0
277.0
500.0
164.0
173.0
352.0
500.0
500.0
500.0
118.0
387.0
500.0
500.0
500.0
188.0
351.0
338.0
452.0
253.0
207.0
318.0
500.0
500.0
237.0
285.0
236.0
500.0
211.0
171.0
500.0
500.0
500.0
252.0
500.0
500.0
307.0
239.0
207.0
500.0
283.0
500.0
500.0
500.0
310.0
456.0
319.0
500.0
112.0
500.0
500.0
500.0
500.0
129.0
500.0
500.0
500.0
335.0
194.0
500.0
113.0
500.0
500.0
208.0
500.0
500.0
484.0
196.0
500.0
500.0
500.0
500.0
500.0
180.0
282.0
500.0
500.0
500.0
464.0
205.0
370.0
500.0
500.0
231.0
500.0
500.0
500.0
190.0
250.0
239.0
500.0
328.0
500.0
500.0
500.0
217.0
184.0
255.0
282.0
337.0
161.0
500.0
500.0
500.0
140.0
500.0
500.0
390.0
128.0
500.0
500.0
220.0
228.0
500.0
422.0
142.0
39.0
500.0
500.0
204.0
383.0
160.0
435.0
126.0
281.0
500.0
500.0
307.0
500.0
213.0
107.0
500.0
177.0
418.0
436.0
500.0
500.0
500.0
500.0
58.0
500.0
500.0
198.0
500.0
425.0
500.0
500.0
203.0
136.0
158.0
227.0
500.0
228.0
420.0
161.0
141.0
500.0
500.0
249.0
500.0
106.0
500.0
255.0
192.0
500.0
221.0
500.0
179.0
480.0
82.0
500.0
128.0
368.0
500.0
373.0
191.0
500.0
500.0
97.0
223.0
114.0
242.0
356.0
500.0
193.0
500.0
216.0
118.0
169.0
500.0
373.0
86.0
211.0
500.0
143.0
500.0
500.0
500.0
500.0
94.0
123.0
500.0
500.0
500.0
500.0
327.0
123.0
500.0
500.0
369.0
500.0
189.0
259.0
500.0
500.0
218.0
500.0
500.0
125.0
500.0
198.0
500.0
500.0
434.0
111.0
316.0
296.0
338.0
500.0
125.0
500.0
500.0
500.0
500.0
500.0
500.0
322.0
500.0
197.0
500.0
362.0
500.0
500.0
369.0
500.0
500.0
500.0
500.0
500.0
398.0
500.0
121.0
500.0
500.0
500.0
500.0
185.0
500.0
500.0
500.0
500.0
500.0
500.0
500.0
500.0
400.0
197.0
218.0
500.0
346.0
500.0
500.0
500.0
119.0
500.0
106.0
500.0
500.0
500.0
255.0
500.0
500.0
435.0
500.0
500.0
191.0
483.0
125.0
187.0
500.0
500.0
500.0
294.0
161.0
500.0
235.0
286.0
212.0
145.0
334.0
397.0
439.0
500.0
500.0
500.0
500.0
500.0
279.0
303.0
500.0
354.0
435.0
160.0
500.0
142.0
500.0
500.0
500.0
500.0
500.0
500.0
500.0
500.0
500.0
500.0
262.0
500.0
211.0
500.0
500.0
168.0
262.0
500.0
213.0
156.0
220.0
272.0
391.0
500.0
452.0
500.0
500.0
500.0
264.0
500.0
352.0
120.0
201.0
500.0
424.0
500.0
282.0
236.0
500.0
268.0
500.0
181.0
386.0
500.0
500.0
500.0
104.0
500.0
375.0
500.0
207.0
110.0
167.0
412.0
500.0
500.0
500.0
500.0
124.0
259.0
500.0
181.0
500.0
138.0
123.0
180.0
302.0
490.0
388.0
294.0
500.0
500.0
500.0
500.0
500.0
240.0
210.0
340.0
248.0
230.0
500.0
317.0
181.0
500.0
500.0
308.0
500.0
330.0
500.0
308.0
239.0
500.0
268.0
408.0
500.0
172.0
500.0
500.0
500.0
244.0
183.0
384.0
236.0
313.0
500.0
500.0
500.0
500.0
198.0
500.0
500.0
233.0
500.0
195.0
253.0
500.0
500.0
500.0
161.0
197.0
308.0
500.0
500.0
175.0
368.0
500.0
500.0
388.0
500.0
408.0
500.0
500.0
500.0
303.0
293.0
178.0
218.0
500.0
126.0
194.0
126.0
205.0
500.0
213.0
500.0
500.0
500.0
500.0
500.0
500.0
500.0
348.0
500.0
257.0
348.0
183.0
500.0
128.0
500.0
500.0
210.0
500.0
220.0
194.0
500.0
500.0
430.0
500.0
166.0
500.0
500.0
179.0
500.0
452.0
295.0
500.0
188.0
177.0
400.0
167.0
500.0
201.0
500.0
500.0
125.0
500.0
500.0
500.0
500.0
500.0
500.0
389.0
500.0
106.0
500.0
500.0
218.0
500.0
500.0
500.0
119.0
498.0
184.0
500.0
197.0
500.0
500.0
256.0
383.0
195.0
374.0
500.0
185.0
463.0
500.0
237.0
488.0
299.0
212.0
164.0
500.0
313.0
500.0
241.0
500.0
500.0
500.0
500.0
300.0
393.0
500.0
500.0
500.0
236.0
500.0
391.0
160.0
500.0
280.0
109.0
221.0
500.0
213.0
369.0
500.0
320.0
124.0
500.0
274.0
500.0
259.0
193.0
180.0
151.0
500.0
181.0
500.0
381.0
353.0
282.0
500.0
500.0
167.0
273.0
500.0
500.0
112.0
402.0
500.0
500.0
103.0
336.0
207.0
500.0
374.0
500.0
500.0
500.0
350.0
500.0
500.0
500.0
167.0
329.0
183.0
195.0
137.0
368.0
500.0
362.0
500.0
500.0
500.0
155.0
500.0
235.0
500.0
500.0
500.0
500.0
500.0
500.0
399.0
500.0
500.0
235.0
129.0
428.0
115.0
500.0
500.0
329.0
160.0
176.0
141.0
476.0
500.0
211.0
248.0
500.0
500.0
500.0
500.0
205.0
500.0
168.0
494.0
500.0
256.0
500.0
500.0
500.0
371.0
366.0
280.0
500.0
500.0
269.0
210.0
500.0
113.0
179.0
255.0
500.0
438.0
417.0
500.0
130.0
500.0
120.0
500.0
457.0
500.0
500.0
500.0
500.0
500.0
500.0
500.0
293.0
500.0
500.0
442.0
500.0
500.0
127.0
500.0
500.0
500.0
500.0
324.0
253.0
500.0
500.0
106.0
500.0
500.0
500.0
221.0
123.0
500.0
231.0
500.0
279.0
191.0
500.0
500.0
500.0
285.0
268.0
500.0
500.0
351.0
500.0
500.0
500.0
222.0
295.0
295.0
231.0
500.0
403.0
500.0
390.0
372.0
500.0
500.0
304.0
237.0
287.0
400.0
500.0
500.0
500.0
500.0
288.0
500.0
393.0
500.0
138.0
342.0
500.0
159.0
500.0
234.0
500.0
500.0
500.0
369.0
309.0
315.0
309.0
380.0
500.0
362.0
201.0
193.0
500.0
264.0
500.0
500.0
337.0
500.0
356.0
337.0
500.0
189.0
500.0
315.0
219.0
500.0
343.0
187.0
366.0
500.0
500.0
296.0
500.0
116.0
500.0
354.0
500.0
266.0
210.0
256.0
500.0
395.0
500.0
414.0
139.0
262.0
500.0
500.0
500.0
500.0
500.0
470.0
471.0
324.0
101.0
437.0
184.0
170.0
287.0
267.0
171.0
500.0
500.0
500.0
188.0
500.0
500.0
257.0
117.0
432.0
206.0
318.0
500.0
210.0
344.0
269.0
175.0
266.0
474.0
500.0
500.0
500.0
500.0
500.0
194.0
231.0
243.0
500.0
300.0
417.0
326.0
500.0
223.0
500.0
229.0
500.0
318.0
500.0
500.0
371.0
500.0
371.0
197.0
500.0
328.0
273.0
500.0
243.0
201.0
325.0
382.0
500.0
500.0
261.0
131.0
500.0
272.0
500.0
313.0
377.0
500.0
500.0
500.0
500.0
500.0
159.0
500.0
328.0
439.0
273.0
500.0
216.0
500.0
221.0
333.0
176.0
500.0
347.0
143.0
370.0
119.0
151.0
314.0
212.0
394.0
500.0
500.0
500.0
500.0
500.0
500.0
500.0
134.0
165.0
500.0
197.0
417.0
500.0
161.0
500.0
500.0
254.0
363.0
500.0
500.0
413.0
173.0
500.0
230.0
500.0
294.0
500.0
500.0
500.0
203.0
371.0
337.0
500.0
500.0
100.0
169.0
500.0
500.0
500.0
500.0
500.0
500.0
273.0
212.0
223.0
500.0
500.0
500.0
345.0
500.0
500.0
269.0
500.0
294.0
464.0
159.0
426.0
500.0
500.0
317.0
500.0
500.0
500.0
500.0
500.0
221.0
214.0
500.0
500.0
500.0
447.0
340.0
242.0
500.0
191.0
500.0
500.0
500.0
500.0
500.0
141.0
403.0
284.0
100.0
403.0
449.0
500.0
500.0
500.0
196.0
183.0
254.0
272.0
207.0
373.0
500.0
500.0
373.0
358.0
500.0
500.0
500.0
500.0
500.0
500.0
500.0
500.0
500.0
500.0
492.0
500.0
298.0
495.0
500.0
223.0
500.0
436.0
500.0
500.0
216.0
436.0
417.0
171.0
330.0
320.0
500.0
303.0
309.0
500.0
500.0
367.0
500.0
500.0
500.0
120.0
185.0
500.0
500.0
297.0
127.0
500.0
500.0
500.0
437.0
500.0
329.0
500.0
202.0
500.0
500.0
500.0
353.0
288.0
235.0
500.0
319.0
500.0
102.0
500.0
500.0
500.0
500.0
500.0
311.0
366.0
500.0
500.0
500.0
500.0
500.0
500.0
367.0
500.0
500.0
500.0
345.0
206.0
500.0
333.0
175.0
265.0
500.0
500.0
500.0
319.0
500.0
230.0
500.0
500.0
500.0
500.0
500.0
237.0
500.0
500.0
500.0
500.0
170.0
500.0
500.0
256.0
500.0
227.0
500.0
500.0
500.0
195.0
500.0
500.0
351.0
500.0
500.0
500.0
158.0
263.0
500.0
120.0
500.0
500.0
500.0
160.0
500.0
180.0
390.0
500.0
500.0
232.0
223.0
291.0
373.0
211.0
207.0
326.0
154.0
500.0
500.0
185.0
500.0
500.0
500.0
500.0
500.0
224.0
500.0
285.0
222.0
369.0
233.0
325.0
205.0
500.0
500.0
500.0
201.0
500.0
472.0
183.0
500.0
500.0
500.0
500.0
186.0
500.0
500.0
500.0
438.0
327.0
247.0
500.0
249.0
500.0
267.0
500.0
500.0
451.0
410.0
500.0
485.0
430.0
227.0
500.0
333.0
500.0
500.0
500.0
500.0
297.0
500.0
500.0
500.0
200.0
118.0
500.0
333.0
500.0
500.0
383.0
219.0
187.0
230.0
184.0
102.0
382.0
365.0
359.0
314.0
422.0
500.0
500.0
500.0
500.0
500.0
500.0
500.0
321.0
367.0
325.0
412.0
500.0
500.0
500.0
500.0
203.0
128.0
492.0
112.0
500.0
500.0
500.0
495.0
155.0
131.0
155.0
290.0
270.0
500.0
500.0
376.0
500.0
189.0
500.0
159.0
500.0
427.0
500.0
500.0
230.0
121.0
500.0
500.0
136.0
195.0
208.0
374.0
335.0
500.0
209.0
500.0
436.0
500.0
169.0
213.0
219.0
500.0
423.0
226.0
263.0
332.0
500.0
500.0
277.0
500.0
500.0
165.0
500.0
500.0
459.0
500.0
500.0
181.0
162.0
75.0
113.0
158.0
500.0
442.0
183.0
500.0
264.0
500.0
239.0
500.0
500.0
311.0
500.0
500.0
500.0
500.0
267.0
500.0
289.0
500.0
433.0
500.0
500.0
293.0
261.0
224.0
500.0
209.0
161.0
97.0
500.0
500.0
500.0
500.0
477.0
500.0
500.0
199.0
218.0
500.0
392.0
500.0
208.0
338.0
500.0
500.0
248.0
500.0
500.0
500.0
218.0
390.0
500.0
320.0
500.0
500.0
419.0
500.0
112.0
220.0
500.0
500.0
500.0
500.0
500.0
500.0
500.0
156.0
123.0
500.0
429.0
233.0
363.0
397.0
249.0
207.0
315.0
279.0
223.0
500.0
141.0
500.0
500.0
500.0
500.0
500.0
268.0
71.0
500.0
500.0
167.0
362.0
493.0
235.0
407.0
169.0
500.0
391.0
500.0
367.0
149.0
105.0
500.0
500.0
500.0
500.0
367.0
500.0
416.0
215.0
500.0
448.0
500.0
500.0
288.0
185.0
236.0
370.0
405.0
500.0
500.0
500.0
201.0
281.0
125.0
500.0
156.0
500.0
500.0
500.0
199.0
120.0
500.0
210.0
148.0
190.0
99.0
500.0
500.0
500.0
500.0
396.0
500.0
500.0
500.0
338.0
266.0
179.0
500.0
210.0
462.0
309.0
500.0
381.0
500.0
500.0
351.0
500.0
224.0
202.0
500.0
500.0
213.0
500.0
115.0
405.0
500.0
500.0
500.0
356.0
500.0
500.0
500.0
222.0
193.0
500.0
500.0
278.0
121.0
500.0
427.0
500.0
500.0
500.0
381.0
381.0
434.0
500.0
279.0
252.0
500.0
500.0
215.0
359.0
500.0
392.0
241.0
500.0
500.0
500.0
373.0
500.0
500.0
242.0
500.0
236.0
391.0
354.0
500.0
380.0
409.0
152.0
500.0
500.0
500.0
201.0
463.0
309.0
171.0
452.0
329.0
500.0
500.0
500.0
292.0
500.0
321.0
291.0
234.0
265.0
500.0
445.0
500.0
500.0
500.0
500.0
500.0
500.0
500.0
212.0
167.0
500.0
500.0
500.0
500.0
246.0
400.0
500.0
268.0
500.0
127.0
263.0
500.0
500.0
500.0
373.0
500.0
500.0
147.0
500.0
500.0
500.0
365.0
107.0
500.0
179.0
500.0
500.0
500.0
300.0
245.0
233.0
500.0
500.0
339.0
230.0
201.0
319.0
174.0
443.0
500.0
500.0
500.0
500.0
500.0
500.0
279.0
500.0
347.0
500.0
189.0
276.0
336.0
340.0
355.0
149.0
500.0
500.0
440.0
500.0
328.0
145.0
500.0
500.0
500.0
500.0
500.0
369.0
500.0
354.0
500.0
404.0
153.0
314.0
500.0
253.0
500.0
475.0
500.0
204.0
480.0
500.0
500.0
500.0
376.0
316.0
194.0
408.0
500.0
233.0
500.0
310.0
500.0
500.0
408.0
500.0
243.0
214.0
162.0
500.0
500.0
500.0
500.0
500.0
311.0
500.0
500.0
360.0
500.0
295.0
500.0
500.0
235.0
222.0
101.0
397.0
500.0
500.0
171.0
387.0
317.0
356.0
416.0
350.0
500.0
161.0
500.0
180.0
500.0
185.0
280.0
331.0
500.0
166.0
500.0
122.0
500.0
500.0
500.0
233.0
231.0
346.0
500.0
463.0
441.0
500.0
79.0
269.0
154.0
500.0
500.0
219.0
500.0
265.0
500.0
500.0
500.0
228.0
500.0
500.0
110.0
500.0
500.0
500.0
500.0
287.0
274.0
500.0
500.0
93.0
500.0
500.0
129.0
500.0
500.0
228.0
500.0
171.0
500.0
414.0
500.0
500.0
300.0
199.0
395.0
500.0
184.0
290.0
500.0
384.0
96.0
183.0
240.0
387.0
500.0
500.0
307.0
500.0
500.0
326.0
500.0
321.0
211.0
498.0
500.0
255.0
500.0
500.0
124.0
457.0
294.0
500.0
369.0
290.0
163.0
379.0
500.0
378.0
271.0
146.0
500.0
359.0
500.0
500.0
500.0
500.0
500.0
500.0
132.0
344.0
140.0
500.0
152.0
365.0
500.0
426.0
500.0
500.0
500.0
500.0
460.0
500.0
141.0
101.0
137.0
354.0
330.0
240.0
500.0
180.0
329.0
500.0
500.0
144.0
500.0
188.0
500.0
421.0
500.0
110.0
337.0
278.0
169.0
435.0
500.0
397.0
267.0
456.0
91.0
500.0
100.0
500.0
500.0
500.0
500.0
500.0
500.0
500.0
500.0
259.0
221.0
500.0
500.0
116.0
482.0
82.0
357.0
448.0
491.0
235.0
500.0
500.0
500.0
500.0
500.0
490.0
218.0
500.0
228.0
115.0
500.0
345.0
500.0
500.0
500.0
500.0
118.0
230.0
90.0
500.0
250.0
500.0
500.0
500.0
375.0
238.0
238.0
500.0
500.0
500.0
111.0
500.0
238.0
96.0
500.0
460.0
500.0
205.0
241.0
409.0
500.0
500.0
500.0
262.0
144.0
500.0
246.0
92.0
290.0
500.0
316.0
404.0
155.0
237.0
390.0
500.0
276.0
500.0
238.0
199.0
272.0
353.0
500.0
284.0
364.0
104.0
264.0
217.0
478.0
226.0
264.0
500.0
369.0
500.0
500.0
76.0
500.0
500.0
136.0
148.0
500.0
500.0
157.0
298.0
500.0
203.0
500.0
500.0
500.0
328.0
500.0
112.0
87.0
500.0
336.0
500.0
138.0
500.0
179.0
453.0
500.0
500.0
146.0
500.0
198.0
500.0
500.0
210.0
500.0
161.0
141.0
497.0
500.0
500.0
238.0
443.0
500.0
500.0
500.0
269.0
168.0
500.0
265.0
500.0
345.0
500.0
267.0
313.0
280.0
500.0
222.0
373.0
500.0
407.0
500.0
231.0
206.0
500.0
500.0
500.0
500.0
171.0
500.0
500.0
500.0
500.0
500.0
370.0
500.0
500.0
500.0
500.0
275.0
262.0
293.0
276.0
500.0