9.0
8.0
9.0
10.0
9.0
10.0
10.0
10.0
10.0
11.0
9.0
10.0
11.0
10.0
10.0
10.0
10.0
11.0
10.0
11.0
11.0
9.0
10.0
10.0
9.0
11.0
10.0
13.0
9.0
11.0
9.0
13.0
11.0
12.0
11.0
11.0
16.0
10.0
13.0
11.0
13.0
15.0
9.0
16.0
16.0
24.0
19.0
12.0
19.0
14.0
13.0
14.0
18.0
14.0
31.0
12.0
17.0
31.0
26.0
27.0
35.0
34.0
33.0
30.0
31.0
22.0
32.0
36.0
41.0
30.0
28.0
39.0
44.0
41.0
35.0
27.0
20.0
31.0
37.0
42.0
63.0
34.0
44.0
24.0
42.0
38.0
44.0
45.0
51.0
21.0
43.0
41.0
24.0
33.0
48.0
35.0
29.0
33.0
32.0
42.0
42.0
38.0
37.0
37.0
45.0
69.0
35.0
59.0
69.0
73.0
99.0
87.0
138.0
130.0
169.0
95.0
209.0
226.0
288.0
203.0
170.0
347.0
186.0
293.0
500.0
500.0
129.0
124.0
269.0
360.0
89.0
500.0
220.0
201.0
59.0
449.0
149.0
173.0
153.0
221.0
211.0
187.0
137.0
85.0
296.0
45.0
348.0
63.0
156.0
426.0
265.0
157.0
47.0
161.0
348.0
207.0
99.0
113.0
99.0
346.0
53.0
87.0
179.0
69.0
173.0
371.0
97.0
117.0
241.0
75.0
198.0
212.0
88.0
85.0
147.0
190.0
227.0
121.0
241.0
184.0
81.0
160.0
231.0
434.0
146.0
364.0
266.0
289.0
392.0
251.0
205.0
260.0
339.0
353.0
305.0
320.0
234.0
301.0
214.0
231.0
241.0
165.0
151.0
271.0
216.0
210.0
184.0
228.0
500.0
134.0
205.0
319.0
300.0
255.0
187.0
220.0
177.0
413.0
243.0
247.0
207.0
269.0
308.0
199.0
284.0
235.0
129.0
266.0
184.0
197.0
277.0
237.0
170.0
182.0
194.0
214.0
314.0
252.0
275.0
337.0
294.0
186.0
194.0
221.0
389.0
273.0
169.0
221.0
257.0
303.0
500.0
411.0
226.0
355.0
294.0
500.0
299.0
231.0
188.0
228.0
277.0
302.0
238.0
289.0
191.0
211.0
321.0
199.0
235.0
220.0
251.0
253.0
211.0
330.0
214.0
217.0
247.0
243.0
468.0
312.0
282.0
231.0
201.0
184.0
154.0
423.0
267.0
266.0
282.0
89.0
133.0
145.0
192.0
87.0
380.0
191.0
219.0
232.0
245.0
366.0
131.0
125.0
93.0
113.0
273.0
139.0
139.0
131.0
178.0
183.0
235.0
231.0
102.0
128.0
249.0
84.0
145.0
236.0
163.0
248.0
200.0
110.0
148.0
210.0
207.0
98.0
148.0
201.0
157.0
109.0
204.0
163.0
305.0
276.0
188.0
312.0
103.0
213.0
191.0
367.0
240.0
104.0
126.0
167.0
188.0
172.0
234.0
172.0
474.0
293.0
187.0
106.0
263.0
214.0
263.0
182.0
331.0
223.0
241.0
305.0
249.0
153.0
235.0
159.0
354.0
249.0
120.0
252.0
151.0
188.0
259.0
218.0
235.0
247.0
331.0
235.0
141.0
235.0
237.0
259.0
158.0
160.0
183.0
240.0
140.0
500.0
181.0
261.0
347.0
275.0
313.0
253.0
184.0
177.0
232.0
227.0
285.0
137.0
264.0
194.0
230.0
267.0
97.0
195.0
276.0
261.0
209.0
186.0
202.0
296.0
116.0
156.0
318.0
151.0
322.0
287.0
214.0
275.0
135.0
145.0
328.0
240.0
146.0
142.0
273.0
188.0
300.0
208.0
219.0
262.0
275.0
185.0
194.0
124.0
172.0
362.0
235.0
270.0
233.0
172.0
305.0
294.0
285.0
199.0
215.0
176.0
243.0
265.0
203.0
235.0
235.0
299.0
262.0
240.0
148.0
172.0
305.0
305.0
247.0
214.0
115.0
219.0
220.0
261.0
259.0
181.0
180.0
360.0
201.0
152.0
218.0
233.0
113.0
203.0
169.0
247.0
238.0
261.0
313.0
229.0
294.0
179.0
179.0
233.0
342.0
268.0
304.0
106.0
201.0
117.0
169.0
280.0
151.0
300.0
192.0
137.0
307.0
173.0
409.0
317.0
264.0
253.0
95.0
500.0
186.0
152.0
201.0
261.0
141.0
230.0
232.0
182.0
195.0
320.0
160.0
224.0
185.0
145.0
250.0
228.0
281.0
226.0
178.0
133.0
279.0
108.0
235.0
210.0
191.0
141.0
251.0
193.0
279.0
500.0
168.0
170.0
164.0
306.0
212.0
271.0
179.0
141.0
166.0
233.0
265.0
282.0
163.0
232.0
200.0
259.0
196.0
137.0
199.0
157.0
210.0
314.0
164.0
267.0
278.0
134.0
260.0
252.0
237.0
323.0
228.0
269.0
164.0
146.0
196.0
230.0
283.0
266.0
257.0
265.0
252.0
146.0
240.0
290.0
277.0
161.0
500.0
125.0
131.0
241.0
212.0
369.0
162.0
277.0
330.0
168.0
261.0
199.0
403.0
269.0
179.0
136.0
296.0
233.0
258.0
247.0
237.0
142.0
255.0
254.0
250.0
175.0
366.0
190.0
274.0
260.0
195.0
237.0
304.0
205.0
262.0
201.0
255.0
223.0
158.0
237.0
288.0
189.0
193.0
195.0
385.0
204.0
163.0
136.0
174.0
184.0
186.0
210.0
117.0
186.0
226.0
218.0
376.0
264.0
247.0
124.0
500.0
221.0
299.0
161.0
150.0
189.0
183.0
342.0
159.0
182.0
269.0
328.0
204.0
177.0
274.0
127.0
161.0
218.0
282.0
261.0
196.0
163.0
164.0
195.0
210.0
346.0
500.0
200.0
303.0
312.0
392.0
216.0
171.0
289.0
198.0
164.0
184.0
266.0
193.0
339.0
140.0
372.0
246.0
217.0
174.0
189.0
234.0
352.0
274.0
439.0
286.0
299.0
263.0
168.0
189.0
312.0
269.0
431.0
255.0
349.0
170.0
263.0
234.0
174.0
218.0
240.0
398.0
154.0
120.0
204.0
225.0
140.0
235.0
500.0
354.0
287.0
120.0
148.0
500.0
263.0
145.0
157.0
318.0
231.0
207.0
378.0
130.0
163.0
260.0
126.0
124.0
239.0
169.0
260.0
304.0
229.0
247.0
349.0
342.0
309.0
306.0
256.0
142.0
235.0
179.0
238.0
273.0
177.0
352.0
239.0
246.0
228.0
500.0
160.0
230.0
260.0
260.0
246.0
147.0
246.0
274.0
176.0
252.0
455.0
294.0
193.0
256.0
500.0
232.0
177.0
237.0
141.0
135.0
288.0
387.0
163.0
229.0
324.0
209.0
208.0
211.0
240.0
124.0
143.0
237.0
203.0
304.0
221.0
343.0
246.0
192.0
246.0
228.0
161.0
241.0
242.0
294.0
349.0
274.0
300.0
113.0
239.0
285.0
243.0
246.0
255.0
202.0
223.0
273.0
231.0
218.0
147.0
105.0
376.0
305.0
301.0
261.0
122.0
268.0
500.0
227.0
331.0
244.0
284.0
89.0
172.0
246.0
209.0
144.0
235.0
343.0
196.0
194.0
225.0
336.0
290.0
167.0
353.0
232.0
222.0
106.0
92.0
489.0
140.0
195.0
236.0
285.0
303.0
275.0
304.0
270.0
109.0
208.0
209.0
324.0
351.0
135.0
293.0
226.0
301.0
188.0
246.0
108.0
289.0
500.0
440.0
188.0
251.0
186.0
265.0
229.0
328.0
112.0
225.0
176.0
195.0
145.0
264.0
229.0
204.0
177.0
190.0
273.0
83.0
104.0
118.0
65.0
400.0
225.0
271.0
417.0
164.0
451.0
296.0
152.0
184.0
183.0
200.0
171.0
168.0
85.0
500.0
500.0
210.0
98.0
128.0
130.0
121.0
198.0
397.0
204.0
390.0
91.0
500.0
205.0
191.0
148.0
310.0
387.0
500.0
361.0
208.0
173.0
266.0
500.0
173.0
500.0
143.0
497.0
206.0
69.0
90.0
78.0
201.0
150.0
120.0
500.0
425.0
495.0
226.0
500.0
246.0
59.0
500.0
104.0
27.0
113.0
500.0
74.0
123.0
49.0
44.0
90.0
457.0
471.0
81.0
33.0
45.0
500.0
39.0
39.0
162.0
37.0
166.0
500.0
431.0
42.0
104.0
500.0
457.0
23.0
98.0
29.0
31.0
216.0
438.0
431.0
35.0
375.0
28.0
66.0
32.0
35.0
84.0
39.0
453.0
19.0
391.0
471.0
26.0
22.0
18.0
36.0
437.0
19.0
36.0
28.0
29.0
150.0
26.0
32.0
53.0
26.0
21.0
468.0
24.0
22.0
500.0
31.0
29.0
217.0
44.0
261.0
16.0
24.0
133.0
20.0
107.0
138.0
14.0
196.0
365.0
68.0
45.0
159.0
67.0
18.0
158.0
91.0
45.0
54.0
57.0
29.0
22.0
88.0
107.0
189.0
65.0
178.0
169.0
45.0
47.0
404.0
48.0
236.0
57.0
60.0
169.0
157.0
169.0
255.0
299.0
123.0
65.0
264.0
306.0
346.0
272.0
238.0
247.0
215.0
50.0
228.0
220.0
345.0
175.0
211.0
128.0
100.0
456.0
176.0
157.0
72.0
186.0
145.0
206.0
214.0
129.0
158.0
253.0
394.0
286.0
251.0
395.0
290.0
428.0
332.0
441.0
297.0
357.0
216.0
338.0
315.0
194.0
224.0
130.0
65.0
61.0
201.0
70.0
118.0
376.0
411.0
270.0
450.0
194.0
169.0
119.0
52.0
153.0
134.0
65.0
37.0
148.0
54.0
151.0
96.0
140.0
105.0
157.0
163.0
107.0
109.0
399.0
138.0
93.0
73.0
125.0
141.0
308.0
31.0
56.0
212.0
358.0
69.0
135.0
111.0
245.0
296.0
281.0
352.0
207.0
178.0
301.0
287.0
195.0
500.0
278.0
462.0
117.0
367.0
319.0
164.0
72.0
308.0
189.0
131.0
346.0
286.0
84.0
167.0
406.0
271.0
118.0
98.0
366.0
203.0
358.0
75.0
231.0
60.0
245.0
97.0
183.0
500.0
66.0
59.0
161.0
252.0
315.0
500.0
394.0
258.0
378.0
444.0
499.0
94.0
87.0
500.0
500.0
268.0
98.0
500.0
71.0
500.0
235.0
320.0
486.0
210.0
100.0
500.0
71.0
287.0
500.0
171.0
263.0
500.0
38.0
165.0
187.0
500.0
180.0
500.0
59.0
131.0
357.0
210.0
500.0
188.0
500.0
165.0
319.0
500.0
500.0
435.0
500.0
500.0
500.0
500.0
500.0
500.0
500.0
500.0
500.0
500.0
500.0
500.0
500.0
122.0
500.0
108.0
500.0
500.0
500.0
500.0
500.0
500.0
500.0
500.0
500.0
500.0
318.0
500.0
500.0
500.0
500.0
500.0
500.0
500.0
500.0
500.0
500.0
500.0
400.0
500.0
500.0
500.0
500.0
500.0
500.0
500.0
500.0
500.0
500.0
500.0
500.0
119.0
500.0
500.0
500.0
500.0
500.0
500.0
500.0
451.0
370.0
500.0
500.0
500.0
500.0
500.0
500.0
500.0
500.0
500.0
500.0
500.0
500.0
500.0
500.0
500.0
102.0
500.0
500.0
500.0
500.0
500.0
500.0
500.0
268.0
204.0
250.0
500.0
500.0
500.0
500.0
500.0
500.0
500.0
500.0
500.0
500.0
500.0
150.0
500.0
500.0
500.0
500.0
500.0
500.0
500.0
500.0
500.0
500.0
500.0
500.0
500.0
500.0
500.0
500.0
139.0
396.0
500.0
343.0
11.0
254.0
280.0
378.0
500.0
486.0
500.0
500.0
500.0
37.0
500.0
500.0
500.0
500.0
500.0
500.0
500.0
500.0
500.0
500.0
500.0
500.0
500.0
500.0
500.0
500.0
500.0
500.0
500.0
500.0
500.0
500.0
500.0
340.0
500.0
500.0
500.0
500.0
500.0
500.0
500.0
500.0
500.0
500.0
500.0
463.0
500.0
500.0
500.0
500.0
500.0
500.0
316.0
500.0
500.0
356.0
500.0
150.0
500.0
458.0
500.0
500.0
500.0
500.0
500.0
500.0
461.0
120.0
500.0
500.0
500.0
500.0
500.0
500.0
500.0
500.0
500.0
500.0
500.0
500.0
500.0
500.0
500.0
500.0
500.0
500.0
500.0
500.0
500.0
500.0
500.0
500.0
500.0
500.0
169.0
500.0
500.0
500.0
500.0
500.0
500.0
500.0
500.0
500.0
500.0
500.0
500.0
138.0
500.0
500.0
500.0
500.0
500.0
500.0
500.0
500.0
500.0
500.0
500.0
500.0
500.0
500.0
500.0
500.0
500.0
500.0
500.0
500.0
500.0
500.0
500.0
500.0
500.0
500.0
500.0
500.0
500.0
500.0
500.0
500.0
500.0
500.0
500.0
500.0
500.0
500.0
500.0
500.0
500.0
500.0
500.0
487.0
500.0
500.0
500.0
500.0
500.0
319.0
500.0
500.0
500.0
500.0
500.0
500.0
500.0
500.0
500.0
500.0
500.0
500.0
500.0
500.0
500.0
500.0
500.0
500.0
500.0
500.0
500.0
500.0
500.0
500.0
500.0
500.0
500.0
500.0
500.0
500.0
500.0
500.0
500.0
129.0
500.0
500.0
500.0
500.0
500.0
500.0
500.0
500.0
500.0
500.0
500.0
500.0
364.0
500.0
500.0
500.0
500.0
500.0
500.0
500.0
500.0
500.0
500.0
124.0
500.0
500.0
500.0
500.0
500.0
500.0
500.0
500.0
500.0
500.0
500.0
500.0
500.0
500.0
500.0
364.0
500.0
500.0
500.0
152.0
500.0
500.0
500.0
500.0
500.0
500.0
500.0
500.0
500.0
500.0
500.0
500.0
500.0
500.0
500.0
500.0
500.0
500.0
500.0
500.0
500.0
500.0
500.0
500.0
500.0
500.0
500.0
500.0
500.0
500.0
500.0
500.0
500.0
500.0
500.0
500.0
500.0
500.0
500.0
500.0
500.0
500.0
500.0
500.0
500.0
500.0
500.0
500.0
500.0
500.0
500.0
500.0
500.0
500.0
500.0
500.0
500.0
500.0
500.0
500.0
500.0
500.0
500.0
500.0
500.0
434.0
132.0
287.0
455.0
500.0
500.0
500.0
221.0
500.0
500.0
500.0
500.0
500.0
500.0
500.0
500.0
286.0
500.0
500.0
500.0
500.0
240.0
289.0
357.0
500.0
500.0
500.0
500.0
388.0
500.0
188.0
500.0
500.0
149.0
500.0
172.0
182.0
500.0
500.0
255.0
500.0
500.0
232.0
233.0
500.0
500.0
500.0
500.0
444.0
500.0
500.0
500.0
500.0
500.0
500.0
500.0
500.0
500.0
500.0
500.0
186.0
241.0
500.0
227.0
500.0
202.0
500.0
500.0
500.0
500.0
500.0
262.0
500.0
304.0
306.0
500.0
500.0
500.0
500.0
500.0
342.0
500.0
500.0
500.0
500.0
370.0
500.0
500.0
500.0
415.0
500.0
500.0
427.0
472.0
500.0
500.0
500.0
500.0
500.0
194.0
185.0
500.0
338.0
500.0
500.0
500.0
476.0
500.0
500.0
500.0
500.0
500.0
500.0
500.0
500.0
384.0
421.0
500.0
379.0
500.0
500.0
500.0
500.0
500.0
500.0
500.0
500.0
500.0
500.0
500.0
500.0
500.0
248.0
500.0
500.0
500.0
500.0
500.0
135.0
500.0
284.0
166.0
383.0
500.0
500.0
192.0
500.0
342.0
500.0
500.0
500.0
500.0
500.0
500.0
500.0
500.0
500.0
500.0
500.0
500.0
16.0
500.0
500.0
384.0
500.0
500.0
281.0
500.0
154.0
500.0
112.0
480.0
237.0
500.0
228.0
500.0
500.0
312.0
500.0
14.0
500.0
500.0
500.0
500.0
500.0
238.0
500.0
81.0
500.0
130.0
500.0
267.0
500.0
500.0
500.0
500.0
235.0
406.0
500.0
217.0
500.0
271.0
500.0
500.0
500.0
500.0
500.0
500.0
500.0
500.0
500.0
372.0
500.0
500.0
500.0
500.0
500.0
500.0
500.0
500.0
500.0
500.0
500.0
500.0
500.0
500.0
500.0
500.0
500.0
500.0
500.0
500.0
390.0
341.0
500.0
162.0
500.0
500.0
500.0
54.0
500.0
500.0
500.0
500.0
255.0
500.0
500.0
500.0
172.0
500.0
500.0
500.0
500.0
500.0
500.0
500.0
500.0
500.0
500.0
311.0
500.0
423.0
84.0
309.0
500.0
500.0
500.0
66.0
160.0
418.0
243.0
451.0
386.0
500.0
104.0
162.0
500.0
394.0
500.0
500.0
452.0
500.0
500.0
500.0
500.0
500.0
500.0
500.0
500.0
500.0
457.0
500.0
500.0
500.0
455.0
500.0
500.0
500.0
500.0
411.0
500.0
419.0
500.0
274.0
90.0
304.0
404.0
500.0
92.0
500.0
255.0
500.0
500.0
500.0
500.0
328.0
49.0
451.0
500.0
500.0
422.0
500.0
153.0
500.0
500.0
489.0
500.0
500.0
500.0
38.0
429.0
266.0
154.0
500.0
500.0
375.0
312.0
500.0
500.0
500.0
500.0
500.0
365.0
500.0
500.0
500.0
500.0
500.0
500.0
500.0
500.0
322.0
314.0
500.0
500.0
500.0
500.0
500.0
394.0
72.0
395.0
297.0
167.0
500.0
500.0
339.0
374.0
500.0
500.0
500.0
500.0
500.0
500.0
447.0
359.0
234.0
500.0
500.0
500.0
500.0
285.0
500.0
313.0
500.0
217.0
500.0
500.0
496.0
344.0
434.0
245.0
500.0
500.0
186.0
500.0
500.0
317.0
500.0
500.0
158.0
500.0
328.0
410.0
172.0
215.0
500.0
500.0
183.0
413.0
500.0
500.0
500.0
192.0
302.0
195.0
500.0
500.0
500.0
500.0
500.0
424.0
412.0
500.0
500.0
137.0
500.0
500.0
277.0
500.0
344.0
500.0
500.0
500.0
500.0
500.0
500.0
202.0
500.0
500.0
325.0
500.0
268.0
500.0
500.0
276.0
124.0
400.0
500.0
500.0
500.0
500.0
418.0
500.0
173.0
500.0
500.0
376.0
500.0
500.0
500.0
500.0
500.0
500.0
422.0
500.0
500.0
390.0
288.0
337.0
500.0
500.0
500.0
500.0
379.0
500.0
500.0
500.0
500.0
500.0
364.0
500.0
500.0
500.0
500.0
500.0
232.0
500.0
500.0
500.0
500.0
500.0
500.0
500.0
500.0
93.0
75.0
356.0
500.0
500.0
500.0
292.0
500.0
500.0
133.0
500.0
500.0
500.0
485.0
500.0
403.0
500.0
500.0
382.0
500.0
500.0
500.0
221.0
500.0
500.0
74.0
384.0
108.0
500.0
500.0
500.0
500.0
500.0
478.0
142.0
500.0
164.0
500.0
431.0
161.0
500.0
500.0
500.0
399.0
102.0
500.0
500.0
500.0
500.0
500.0
201.0
500.0
351.0
111.0
500.0
500.0
500.0
122.0
500.0
393.0
136.0
436.0
500.0
200.0
500.0
500.0
500.0
381.0
187.0
500.0
500.0
128.0
500.0
287.0
500.0
397.0
110.0
221.0
317.0
182.0
500.0
500.0
500.0
500.0
500.0
500.0
216.0
500.0
81.0
500.0
154.0
500.0
500.0
307.0
218.0
500.0
290.0
500.0
206.0
500.0
500.0
484.0
313.0
366.0
500.0
500.0
270.0
342.0
193.0
405.0
500.0
500.0
500.0
500.0
500.0
232.0
500.0
478.0
279.0
500.0
500.0
500.0
408.0
500.0
449.0
500.0
500.0
500.0
500.0
500.0
500.0
286.0
500.0
349.0
500.0
371.0
303.0
500.0
500.0
500.0
183.0
236.0
500.0
500.0
449.0
500.0
500.0
500.0
359.0
500.0
442.0
500.0
500.0
500.0
500.0
181.0
500.0
336.0
500.0
500.0
500.0
500.0
500.0
283.0
389.0
278.0
500.0
361.0
204.0
205.0
500.0
199.0
203.0
330.0
500.0
500.0
500.0
500.0
500.0
500.0
500.0
500.0
500.0
500.0
500.0
500.0
500.0
287.0
500.0
500.0
500.0
500.0
288.0
500.0
500.0
500.0
500.0
500.0
500.0
278.0
500.0
500.0
312.0
500.0
268.0
500.0
500.0
500.0
500.0
279.0
500.0
500.0
393.0
500.0
500.0
500.0
500.0
234.0
428.0
301.0
500.0
500.0
400.0
202.0
500.0
500.0
500.0
224.0
500.0
500.0
383.0
500.0
500.0
500.0
320.0
500.0
500.0
500.0
231.0
500.0
500.0
500.0
296.0
500.0
500.0
273.0
230.0
500.0
500.0
500.0
435.0
242.0
284.0
500.0
500.0
500.0
500.0
500.0
500.0
208.0
500.0
155.0
124.0
192.0
500.0
500.0
236.0
500.0
500.0
297.0
500.0
500.0
500.0
500.0
500.0
500.0
500.0
500.0
500.0
465.0
208.0
500.0
500.0
315.0
500.0
500.0
172.0
277.0
500.0
500.0
257.0
500.0
500.0
162.0
500.0
500.0
500.0
391.0
500.0
287.0
316.0
500.0
500.0
500.0
500.0
500.0
500.0
500.0
500.0
212.0
500.0
366.0
463.0
500.0
500.0
225.0
500.0
500.0
500.0
500.0
500.0
500.0
500.0
500.0
500.0
244.0
500.0
500.0
500.0
500.0
500.0
317.0
500.0
500.0
433.0
500.0
500.0
114.0
194.0
500.0
500.0
500.0
500.0
500.0
500.0
292.0
500.0
347.0
369.0
500.0
166.0
239.0
500.0
500.0
500.0
500.0
500.0
500.0
500.0
500.0
441.0
500.0
500.0
500.0
500.0
500.0
500.0
500.0
187.0
500.0
174.0
331.0
500.0
500.0
500.0
500.0
500.0
500.0
500.0
148.0
180.0
500.0
500.0
182.0
500.0
500.0
14.0
500.0
500.0
500.0
327.0
500.0
500.0
185.0
500.0
500.0
500.0
500.0
242.0
500.0
498.0
500.0
500.0
500.0
500.0
316.0
500.0
307.0
500.0
500.0
500.0
500.0
500.0
500.0
500.0
500.0
500.0
500.0
500.0
500.0
500.0
192.0
500.0
500.0
363.0
156.0
187.0
500.0
500.0
256.0
500.0
500.0
500.0
500.0
226.0
500.0
500.0
500.0
500.0
500.0
323.0
403.0
500.0
500.0
500.0
150.0
500.0
336.0
139.0
435.0
453.0
288.0
500.0
301.0
500.0
500.0
500.0
500.0
500.0
500.0
500.0
500.0
500.0
430.0
500.0
500.0
500.0
500.0
500.0
500.0
248.0
500.0
500.0
500.0
500.0
145.0
500.0
500.0
199.0
500.0
500.0
255.0
500.0
462.0
500.0
500.0
500.0
350.0
500.0
500.0
409.0
378.0
500.0
90.0
318.0
280.0
217.0
130.0
320.0
500.0
271.0
500.0
500.0
303.0
500.0
500.0
362.0
500.0
500.0
500.0
500.0
500.0
476.0
175.0
143.0
175.0
184.0
240.0
170.0
500.0
250.0
500.0
290.0
272.0
237.0
208.0
282.0
271.0
265.0
317.0
152.0
217.0
295.0
336.0
214.0
223.0
276.0
208.0
222.0
134.0
211.0
238.0
192.0
203.0
170.0
257.0
130.0
231.0
215.0
260.0
500.0
185.0
250.0
249.0
155.0
300.0
257.0
151.0
259.0
259.0
500.0
245.0
165.0
249.0
194.0
280.0
221.0
133.0
140.0
197.0
137.0
214.0
310.0
278.0
240.0
264.0
190.0
168.0
296.0
250.0
218.0
174.0
240.0
223.0
220.0
128.0
152.0
141.0
174.0
168.0
187.0
218.0
248.0
185.0
152.0
262.0
124.0
287.0
270.0
151.0
225.0
264.0
500.0
313.0
188.0
136.0
238.0
344.0
228.0
153.0
308.0
500.0
249.0
215.0
500.0
274.0
309.0
203.0
500.0
215.0
137.0
268.0
325.0
197.0
500.0
224.0
259.0
255.0
137.0
313.0
213.0
186.0
242.0
214.0
192.0
219.0
241.0
252.0
122.0
208.0
164.0
500.0
213.0
170.0
312.0
307.0
182.0
278.0
500.0
303.0
234.0
349.0
243.0
211.0
294.0
139.0
122.0
260.0
129.0
205.0
318.0
238.0
500.0
185.0
168.0
136.0
247.0
185.0
311.0
259.0
372.0
500.0
242.0
112.0
323.0
104.0
166.0
145.0
304.0
234.0
252.0
170.0
500.0
133.0
223.0
304.0
128.0
118.0
201.0
170.0
163.0
306.0
323.0
185.0
226.0
197.0
206.0
234.0
158.0
500.0
202.0
254.0
307.0
254.0
280.0
150.0
350.0
155.0
120.0
266.0
239.0
169.0
311.0
116.0
249.0
281.0
151.0
500.0
172.0
225.0
143.0
258.0
262.0
153.0
202.0
178.0
217.0
283.0
124.0
309.0
163.0
152.0
344.0
293.0
224.0
217.0
233.0
233.0
226.0
202.0
274.0
122.0
248.0
196.0
129.0
194.0
210.0
176.0
138.0
152.0
180.0
259.0
185.0
130.0
280.0
192.0
272.0
116.0
237.0
130.0
261.0
293.0
182.0
290.0
117.0
184.0
211.0
500.0
202.0
125.0
122.0
302.0
253.0
139.0
223.0
191.0
142.0
184.0
117.0
198.0
500.0
115.0
297.0
353.0
106.0
167.0
194.0
228.0
233.0
182.0
233.0
180.0
167.0
166.0
128.0
242.0
142.0
170.0
302.0
125.0
120.0
138.0
131.0
228.0
109.0
246.0
500.0
207.0
239.0
230.0
341.0
180.0
265.0
182.0
158.0
199.0
208.0
122.0
178.0
162.0
135.0
201.0
250.0
109.0
123.0
267.0
222.0
218.0
180.0
215.0
98.0
154.0
268.0
262.0
261.0
240.0
235.0
171.0
134.0
216.0
334.0
220.0
163.0
218.0
194.0
207.0
297.0
201.0
119.0
193.0
203.0
220.0
265.0
164.0
234.0
213.0
227.0
202.0
148.0
234.0
183.0
278.0
226.0
309.0
249.0
250.0
151.0
247.0
224.0
219.0
226.0
199.0
205.0
146.0
173.0
500.0
215.0
190.0
160.0
175.0
141.0
228.0
159.0
302.0
176.0
251.0
194.0
176.0
214.0
252.0
500.0
198.0
210.0
107.0
200.0
257.0
164.0
129.0
250.0
100.0
211.0
194.0
360.0
228.0
168.0
120.0
167.0
157.0
177.0
222.0
286.0
228.0
206.0
175.0
128.0
330.0
236.0
193.0
174.0
167.0
144.0
284.0
379.0
223.0
223.0
103.0
158.0
100.0
211.0
112.0
198.0
256.0
284.0
239.0
228.0
132.0
198.0
199.0
200.0
221.0
221.0
321.0
222.0
186.0
193.0
136.0
218.0
194.0
500.0
202.0
180.0
215.0
323.0
274.0
107.0
252.0
198.0
136.0
251.0
110.0
150.0
186.0
276.0
234.0
198.0
224.0
203.0
230.0
309.0
215.0
136.0
289.0
298.0
281.0
166.0
279.0
224.0
195.0
190.0
248.0
209.0
264.0
290.0
141.0
254.0
130.0
227.0
154.0
223.0
235.0
190.0
246.0
317.0
209.0
112.0
106.0
342.0
294.0
124.0
500.0
221.0
276.0
208.0
118.0
200.0
105.0
234.0
235.0
191.0
300.0
225.0
174.0
413.0
302.0
185.0
214.0
500.0
103.0
332.0
160.0
254.0
194.0
185.0
180.0
137.0
118.0
363.0
217.0
202.0
225.0
260.0
197.0
128.0
316.0
222.0
210.0
224.0
343.0
226.0
194.0
277.0
304.0
132.0
500.0
329.0
157.0
212.0
232.0
162.0
292.0
98.0
255.0
144.0
144.0
114.0
267.0
224.0
112.0
227.0
113.0
241.0
356.0
226.0
171.0
280.0
266.0
200.0
287.0
173.0
203.0
244.0
112.0
219.0
123.0
229.0
215.0
193.0
118.0
123.0
246.0
116.0
222.0
216.0
162.0
257.0
152.0
145.0
254.0
278.0
197.0
109.0
306.0
282.0
154.0
232.0
246.0
110.0
307.0
250.0
226.0
177.0
232.0
306.0
152.0
128.0
308.0
235.0
128.0
200.0
282.0
328.0
102.0
124.0
500.0
146.0
122.0
170.0
104.0
137.0
227.0
308.0
253.0
232.0
322.0
274.0
122.0
122.0
158.0
297.0
266.0
186.0
345.0
500.0
229.0
213.0
211.0
500.0
249.0
202.0
282.0
191.0
262.0
124.0
191.0
123.0
221.0
140.0
124.0
320.0
251.0
267.0
500.0
184.0
213.0
331.0
311.0
247.0
148.0
148.0
255.0
258.0
500.0
109.0
174.0
100.0
116.0
500.0
210.0
280.0
208.0
158.0
110.0
358.0
141.0
269.0
119.0
190.0
227.0
417.0
192.0
88.0
165.0
263.0
253.0
132.0
124.0
104.0
220.0
153.0
124.0
219.0
163.0
300.0
237.0
252.0
194.0
231.0
164.0
302.0
208.0
250.0
227.0
278.0
266.0
182.0
209.0
500.0
121.0
199.0
217.0
329.0
246.0
295.0
199.0
221.0
293.0
233.0
122.0
158.0
217.0
140.0
197.0
232.0
308.0
211.0
231.0
132.0
110.0
218.0
232.0
173.0
180.0
211.0
227.0
239.0
157.0
221.0
136.0
211.0
179.0
228.0
284.0
500.0
152.0
176.0
227.0
207.0
206.0
303.0
225.0
240.0
208.0
309.0
156.0
289.0
109.0
198.0
302.0
152.0
192.0
172.0
117.0
191.0
179.0
289.0
207.0
310.0
111.0
353.0
158.0
199.0
248.0
174.0
224.0
266.0
302.0
200.0
162.0
102.0
373.0
215.0
282.0
166.0
290.0
236.0
218.0
291.0
206.0
233.0
233.0
123.0
241.0
171.0
306.0
226.0
333.0
133.0
178.0
294.0
163.0
328.0
142.0
500.0
235.0
245.0
263.0
260.0
220.0
170.0
132.0
164.0
375.0
113.0
237.0
164.0
123.0
278.0
117.0
191.0
122.0
199.0
252.0
144.0
210.0
270.0
299.0
207.0
144.0
500.0
106.0
249.0
204.0
182.0
188.0
212.0
214.0
173.0
257.0
246.0
127.0
221.0
267.0
234.0
160.0
295.0
148.0
197.0
338.0
186.0
193.0
336.0
122.0
170.0
228.0
216.0
199.0
161.0
270.0
179.0
214.0
306.0
294.0
167.0
267.0
238.0
217.0
180.0
340.0
217.0
240.0
193.0
111.0
299.0
190.0
170.0
345.0
236.0
258.0
301.0
163.0
101.0
216.0
117.0
235.0
331.0
310.0
160.0
177.0
317.0
260.0
108.0
125.0
165.0
203.0
136.0
237.0
195.0
253.0
272.0
172.0
228.0
191.0
280.0
231.0
297.0
186.0
183.0
141.0
218.0
203.0
247.0
233.0
182.0
106.0
117.0
206.0
500.0
225.0
221.0
146.0
259.0
104.0
202.0
301.0
189.0
178.0
263.0
307.0
254.0
134.0
216.0
176.0
176.0
208.0
272.0
232.0
137.0
199.0
103.0
149.0
210.0
220.0
190.0
253.0
221.0
129.0
239.0
500.0
168.0
248.0
197.0
500.0
205.0
211.0
262.0
236.0
266.0
163.0
500.0
189.0
121.0
207.0
131.0
189.0
361.0
317.0
258.0
106.0
264.0
115.0
393.0
222.0
146.0
279.0
155.0
138.0
139.0
235.0
182.0
263.0
248.0
129.0
200.0
325.0
208.0
157.0
234.0
193.0
197.0
128.0
230.0
168.0
149.0
198.0
161.0
199.0
318.0
226.0
135.0
247.0
187.0
145.0
277.0
225.0
138.0
230.0
263.0
197.0
147.0
132.0
145.0
171.0
227.0
166.0
268.0
172.0
252.0
203.0
269.0
156.0
187.0
206.0
233.0
385.0
194.0
167.0
179.0
252.0
208.0
244.0
206.0
220.0
167.0
107.0
193.0
221.0
257.0
157.0
170.0
290.0
225.0
191.0
123.0
219.0
149.0
131.0
115.0
195.0
291.0
252.0
121.0
181.0
184.0
202.0
201.0
278.0
106.0
238.0
203.0
228.0
202.0
145.0
223.0
205.0
207.0
126.0
213.0
209.0
169.0
250.0
231.0
261.0
201.0
113.0
236.0
323.0
119.0
115.0
142.0
246.0
177.0
183.0
233.0
294.0
212.0
221.0
246.0
233.0
227.0
264.0
275.0
202.0
245.0
218.0
245.0
177.0
280.0
220.0
169.0
121.0
197.0
197.0
234.0
163.0
253.0
194.0
306.0
201.0
128.0
114.0
87.0
255.0
180.0
274.0
227.0
233.0
291.0
228.0
230.0
209.0
258.0
205.0
249.0
191.0
264.0
268.0
294.0
367.0
261.0
233.0
152.0
251.0
357.0
252.0
270.0
207.0
239.0
168.0
249.0
250.0
202.0
262.0
230.0
99.0
185.0
221.0
194.0
208.0
124.0
105.0
122.0
217.0
150.0
256.0
205.0
317.0
245.0
142.0
143.0
200.0
205.0
326.0
171.0
153.0
213.0
109.0
248.0
232.0
297.0
236.0
239.0
205.0
153.0
338.0
203.0
310.0
178.0
405.0
207.0
352.0
213.0
249.0
209.0
172.0
173.0
172.0
163.0
255.0
247.0
186.0
114.0
170.0
153.0
174.0
171.0
176.0
203.0
208.0
217.0
316.0
228.0
155.0
253.0
193.0
290.0
227.0
219.0
303.0
255.0
241.0
163.0
237.0
201.0
289.0
257.0
201.0
110.0
233.0
243.0
191.0
157.0
264.0
150.0
171.0
232.0
159.0
148.0
355.0
198.0
319.0
190.0
189.0
267.0
195.0
275.0
241.0
208.0
188.0
217.0
234.0
181.0
107.0
254.0
316.0
268.0
255.0
114.0
279.0
229.0
237.0
326.0
291.0
105.0
252.0
344.0
132.0
181.0
129.0
201.0
256.0
212.0
191.0
217.0
212.0
164.0
272.0
213.0
374.0
244.0
162.0
156.0
209.0
231.0
213.0
200.0
331.0
155.0
264.0
353.0
286.0
264.0
231.0
267.0
324.0
220.0
161.0
207.0
225.0
212.0
256.0
278.0
238.0
141.0
266.0
214.0
79.0
198.0
245.0
164.0
251.0
107.0
215.0
307.0
222.0
208.0
83.0
179.0
181.0
162.0
298.0
224.0
132.0
197.0
109.0
185.0
231.0
216.0
127.0
242.0
279.0
160.0
115.0
180.0
90.0
284.0
177.0
112.0
120.0
260.0
213.0
191.0
262.0
130.0
233.0
308.0
148.0
239.0
224.0
207.0
225.0
188.0
143.0
299.0
319.0
265.0
344.0
246.0
228.0
203.0
98.0
82.0
261.0
193.0
197.0
270.0
162.0
242.0
185.0
193.0
265.0
111.0
199.0
247.0
227.0
240.0
256.0
141.0
137.0
84.0
247.0
126.0
238.0
246.0
304.0
193.0
254.0
246.0
155.0
152.0
182.0
202.0
264.0
241.0
275.0
185.0
233.0
192.0
236.0
209.0
299.0
143.0
300.0
263.0
287.0
217.0
183.0
225.0
285.0
166.0
214.0
176.0
180.0
230.0
130.0
199.0
144.0
115.0
214.0
167.0
193.0
194.0
91.0
200.0
333.0
277.0
248.0
236.0
156.0
173.0
158.0
228.0
241.0
176.0
234.0
227.0
253.0
227.0
271.0
96.0
135.0
270.0
207.0
212.0
273.0
146.0
351.0
258.0
309.0
211.0
279.0
131.0
191.0
120.0
348.0
331.0
201.0
254.0
235.0
344.0
277.0
237.0
137.0
228.0
150.0
226.0
178.0
271.0
216.0
177.0
180.0
274.0
227.0
160.0
269.0
202.0
162.0
190.0
238.0
268.0
191.0
245.0
385.0
206.0
233.0
195.0
233.0
197.0
249.0
273.0
254.0
133.0
258.0
154.0
172.0
315.0
234.0
196.0
215.0
211.0
241.0
176.0
300.0
249.0
205.0
299.0
219.0
260.0
193.0
284.0
206.0
246.0
272.0
220.0
132.0
341.0
206.0
240.0
362.0
258.0
269.0
198.0
148.0
182.0
215.0
155.0
158.0
262.0
301.0
177.0
185.0
147.0
216.0
181.0
309.0
217.0
201.0
240.0
137.0
217.0
271.0
258.0
239.0
219.0
237.0
224.0
157.0
292.0
206.0
213.0
218.0
229.0
198.0
157.0
291.0
187.0
195.0
217.0
192.0
164.0
236.0
109.0
182.0
194.0
203.0
201.0
124.0
98.0
116.0
188.0
128.0
228.0
162.0
243.0
189.0
243.0
116.0
233.0
199.0
273.0
136.0
87.0
284.0
245.0
362.0
169.0
258.0
211.0
225.0
224.0
261.0
208.0
231.0
267.0
285.0
189.0
254.0
194.0
236.0
104.0
106.0
292.0
85.0
98.0
96.0
220.0
180.0
234.0
164.0
242.0
107.0
173.0
164.0
276.0
156.0
269.0
193.0
147.0
190.0
155.0
200.0
304.0
223.0
125.0
243.0
258.0
247.0
138.0
200.0
140.0
182.0
157.0
107.0
226.0
163.0
107.0
209.0
226.0
123.0
154.0
205.0
254.0
148.0
264.0
188.0
232.0
113.0
91.0
183.0
214.0
247.0
143.0
120.0
176.0
220.0
216.0
106.0
190.0
254.0
122.0
124.0
222.0
108.0
176.0
142.0
178.0
257.0
190.0
136.0
108.0
246.0
172.0
110.0
194.0
140.0
162.0
148.0
188.0
172.0
124.0
226.0
146.0
156.0
154.0
140.0
244.0
176.0
194.0
244.0
244.0
96.0
152.0
162.0
204.0
140.0
214.0
96.0
108.0
236.0
108.0
216.0
210.0
94.0
142.0
152.0
182.0
274.0
182.0
216.0
152.0
96.0
242.0
198.0
164.0
168.0
196.0
202.0
108.0
194.0
174.0
232.0
190.0
172.0
190.0
116.0
284.0
166.0
174.0
125.0
236.0
238.0
136.0
100.0
124.0
286.0
206.0
194.0
341.0
188.0
232.0
234.0
234.0
198.0
176.0
252.0
270.0
100.0
208.0
210.0
253.0
148.0
180.0
264.0
80.0
242.0
80.0
172.0
208.0
94.0
124.0
264.0
78.0
136.0
214.0
164.0
238.0
74.0
90.0
148.0
282.0
106.0
156.0
260.0
174.0
200.0
193.0
106.0
130.0
188.0
292.0
202.0
162.0
146.0
190.0
138.0
144.0
146.0
268.0
111.0
256.0
241.0
86.0
158.0
248.0
104.0
183.0
86.0
249.0
232.0
315.0
193.0
271.0
259.0
127.0
184.0
143.0
227.0
187.0
199.0
215.0
249.0
151.0
198.0
113.0
129.0
197.0
229.0
213.0
215.0
200.0
149.0
153.0
119.0
211.0
159.0
190.0
92.0
79.0
156.0
150.0
131.0
214.0
198.0
153.0
255.0
110.0
188.0
138.0
192.0
105.0
237.0
247.0
115.0
215.0
177.0
143.0
143.0
250.0
261.0
185.0
199.0
179.0
237.0
199.0
310.0
98.0
189.0
190.0
219.0
209.0
86.0
175.0
131.0
195.0
213.0
103.0
80.0
245.0
242.0
219.0
115.0
201.0
211.0
116.0
174.0
227.0
303.0
227.0
227.0
226.0
199.0
161.0
164.0
200.0
217.0
156.0
140.0
180.0
128.0
271.0
219.0
304.0
215.0
240.0
221.0
142.0
315.0
183.0
199.0
341.0
108.0
227.0
169.0
227.0
178.0
265.0
245.0
168.0
244.0
178.0
100.0
145.0
173.0
119.0
201.0
312.0
197.0
186.0
158.0
163.0
253.0
322.0
241.0
188.0
145.0
195.0
206.0
133.0
185.0
218.0
122.0
127.0
217.0
241.0
254.0
196.0
190.0
232.0
133.0
306.0
151.0
232.0
86.0
267.0
230.0
213.0
329.0
328.0
218.0
113.0
314.0
207.0
136.0
278.0
293.0
304.0
237.0
326.0
115.0
292.0
198.0
119.0
190.0
91.0
225.0
94.0
166.0
153.0
159.0
185.0
294.0
221.0
214.0
109.0
104.0
87.0
138.0
300.0
292.0
298.0
251.0
265.0
186.0
130.0
393.0
189.0
255.0
131.0
314.0
214.0
343.0
110.0
193.0
266.0
185.0
179.0
244.0
295.0
250.0
206.0
270.0
149.0
160.0
187.0
184.0
174.0
77.0
363.0
137.0
170.0
262.0
152.0
345.0
196.0
156.0
99.0
138.0
371.0
318.0
180.0
384.0
286.0
254.0
154.0
199.0
358.0
218.0
90.0
118.0
338.0
118.0
289.0
312.0
231.0
250.0
90.0
88.0
148.0
208.0
192.0
93.0
214.0
242.0
108.0
159.0
148.0
208.0
134.0
206.0
120.0
78.0
110.0
263.0
290.0
166.0
210.0
217.0
268.0
124.0
117.0
112.0
156.0
125.0
407.0
214.0
287.0
136.0
264.0
275.0
278.0
154.0
231.0
205.0
298.0
198.0
100.0
180.0
178.0
234.0
147.0
190.0
178.0
248.0
262.0
174.0
203.0
118.0
276.0
316.0
148.0
93.0
169.0
303.0
262.0
171.0
124.0
306.0
204.0
110.0
180.0
197.0
192.0
288.0
272.0
360.0
124.0
202.0
297.0
134.0
112.0
183.0
159.0
173.0
175.0
311.0
188.0
256.0
148.0
252.0
174.0
200.0
127.0
148.0
150.0
235.0
289.0
195.0
275.0
262.0
157.0
297.0
386.0
292.0
310.0
307.0
500.0
485.0
452.0
500.0
445.0
338.0
500.0
277.0
350.0
500.0
500.0
103.0
404.0
378.0
306.0
327.0
327.0
334.0
383.0
370.0
332.0
78.0
365.0
205.0
304.0
500.0
280.0
187.0
500.0
219.0
500.0
229.0
441.0
450.0
197.0
448.0
391.0
500.0
382.0
344.0
500.0
307.0
500.0
500.0
500.0
246.0
500.0
214.0
246.0
202.0
231.0
273.0
380.0
382.0
297.0
314.0
350.0
500.0
356.0
500.0
500.0
392.0
362.0
390.0
322.0
339.0
500.0
500.0
446.0
341.0
500.0
361.0
271.0
389.0
358.0
292.0
364.0
500.0
345.0
500.0
367.0
325.0
260.0
320.0
430.0
391.0
242.0
311.0
354.0
342.0
359.0
500.0
352.0
294.0
364.0
338.0
500.0
472.0
318.0
288.0
301.0
500.0
269.0
500.0
230.0
251.0
286.0
259.0
461.0
306.0
500.0
294.0
254.0
306.0
500.0
236.0
500.0
371.0
288.0
297.0
304.0
363.0
421.0
500.0
258.0
345.0
424.0
264.0
308.0
255.0
500.0
500.0
500.0
321.0
96.0
269.0
223.0
346.0
220.0
368.0
500.0
200.0
306.0
290.0
434.0
298.0
165.0
473.0
354.0
500.0
78.0
145.0
72.0
166.0
364.0
287.0
264.0
353.0
279.0
203.0
318.0
298.0
154.0
315.0
165.0
31.0
500.0
181.0
340.0
232.0
223.0
279.0
263.0
313.0
48.0
253.0
460.0
359.0
256.0
102.0
315.0
141.0
79.0
78.0
500.0
335.0
500.0
177.0
377.0
325.0
500.0
293.0
315.0
283.0
51.0
15.0
19.0
279.0
461.0
313.0
268.0
78.0
491.0
500.0
239.0
20.0
245.0
66.0
79.0
310.0
500.0
231.0
47.0
500.0
330.0
326.0
241.0
292.0
37.0
258.0
281.0
340.0
399.0
221.0
158.0
238.0
124.0
247.0
500.0
294.0
136.0
224.0
386.0
500.0
500.0
249.0
122.0
104.0
500.0
400.0
258.0
500.0
500.0
500.0
500.0
500.0
500.0
320.0
427.0
386.0
343.0
500.0
500.0
500.0
415.0
500.0
81.0
262.0
500.0
362.0
500.0
301.0
500.0
500.0
500.0
326.0
500.0
412.0
86.0
500.0
344.0
500.0
500.0
500.0
500.0
452.0
415.0
500.0
500.0
500.0
498.0
500.0
500.0
491.0
500.0
500.0
274.0
500.0
437.0
455.0
234.0
416.0
500.0
387.0
500.0
500.0
498.0
500.0
500.0
500.0
460.0
475.0
500.0
500.0
409.0
500.0
375.0
500.0
500.0
371.0
499.0
428.0
405.0
394.0
500.0
341.0
388.0
387.0
500.0
500.0
500.0
500.0
500.0
437.0
500.0
500.0
500.0
500.0
436.0
478.0
500.0
416.0
405.0
500.0
500.0
203.0
476.0
422.0
364.0
500.0
500.0
500.0
500.0
500.0
500.0
500.0
419.0
324.0
382.0
421.0
473.0
500.0
334.0
318.0
359.0
308.0
466.0
480.0
320.0
339.0
322.0
500.0
245.0
273.0
344.0
217.0
279.0
408.0
356.0
454.0
469.0
313.0
265.0
430.0
261.0
391.0
500.0
361.0
500.0
500.0
311.0
351.0
294.0
464.0
225.0
384.0
500.0
234.0
125.0
500.0
500.0
327.0
500.0
369.0
163.0
393.0
209.0
151.0
323.0
94.0
266.0
419.0
207.0
138.0
500.0
97.0
500.0
115.0
244.0
500.0
187.0
415.0
101.0
151.0
243.0
439.0
413.0
445.0
148.0
425.0
140.0
279.0
386.0
348.0
158.0
450.0
356.0
500.0
132.0
500.0
252.0
151.0
68.0
127.0
259.0
500.0
236.0
482.0
367.0
347.0
101.0
440.0
112.0
500.0
88.0
117.0
400.0
317.0
291.0
230.0
70.0
364.0
391.0
99.0
288.0
344.0
365.0
420.0
374.0
320.0
248.0
373.0
260.0
390.0
381.0
201.0
235.0
256.0
86.0
303.0
255.0
34.0
500.0
212.0
358.0
257.0
269.0
267.0
422.0
273.0
108.0
450.0
421.0
180.0
500.0
242.0
364.0
500.0
490.0
246.0
60.0
500.0
325.0
193.0
86.0
78.0
240.0
414.0
290.0
300.0
500.0
234.0
500.0
246.0
219.0
224.0
148.0
282.0
205.0
375.0
179.0
99.0
500.0
114.0
328.0
186.0
301.0
273.0
261.0
281.0
120.0
82.0
360.0
299.0
173.0
177.0
160.0
152.0
364.0
175.0
273.0
101.0
500.0
344.0
209.0
417.0
241.0
426.0
231.0
325.0
333.0
281.0
444.0
314.0
361.0
197.0
228.0
172.0
230.0
218.0
388.0
260.0
252.0
372.0
199.0
319.0
103.0
387.0
490.0
500.0
181.0
38.0
79.0
151.0
383.0
265.0
473.0
500.0
319.0
346.0
325.0
500.0
176.0
300.0
500.0
335.0
348.0
405.0
295.0
323.0
327.0
264.0
245.0
500.0
491.0
365.0
417.0
467.0
349.0
459.0
220.0
406.0
254.0
500.0
366.0
500.0
402.0
209.0
392.0
417.0
290.0
325.0
195.0
113.0
282.0
76.0
281.0
157.0
306.0
238.0
340.0
276.0
264.0
400.0
39.0
500.0
40.0
350.0
224.0
273.0
365.0
324.0
143.0
38.0
481.0
88.0
328.0
32.0
193.0
464.0
55.0
224.0
209.0
191.0
272.0
265.0
245.0
341.0
26.0
60.0
292.0
34.0
273.0
213.0
309.0
30.0
345.0
208.0
378.0
357.0
258.0
208.0
231.0
206.0
112.0
265.0
396.0
473.0
500.0
375.0
500.0
204.0
242.0
241.0
258.0
219.0
216.0
231.0
245.0
187.0
293.0
195.0
246.0
196.0
281.0
260.0
380.0
303.0
301.0
227.0
188.0
246.0
262.0
361.0
215.0
312.0
342.0
302.0
186.0
239.0
221.0
437.0
95.0
407.0
297.0
157.0
139.0
283.0
247.0
241.0
157.0
220.0
193.0
288.0
181.0
209.0
69.0
207.0
54.0
71.0
131.0
257.0
119.0
71.0
181.0
88.0
470.0
239.0
238.0
443.0
232.0
229.0
283.0
204.0
225.0
195.0
203.0
199.0
57.0
500.0
423.0
225.0
277.0
332.0
172.0
500.0
337.0
190.0
53.0
228.0
190.0
56.0
192.0
160.0
220.0
251.0
245.0
49.0
500.0
361.0
500.0
252.0
202.0
33.0
236.0
263.0
171.0
51.0
47.0
27.0
229.0
223.0
245.0
319.0
250.0
242.0
318.0
235.0
372.0
248.0
272.0
229.0
236.0
500.0
231.0
213.0
243.0
177.0
242.0
221.0
467.0
213.0
202.0
254.0
166.0
287.0
298.0
251.0
238.0
215.0
376.0
234.0
307.0
269.0
378.0
451.0
424.0
232.0
375.0
276.0
229.0
336.0
325.0
222.0
311.0
281.0
286.0
299.0
230.0
253.0
208.0
249.0
422.0
429.0
323.0
500.0
302.0
301.0
230.0
244.0
247.0
233.0
484.0
225.0
278.0
279.0
222.0
335.0
235.0
411.0
293.0
369.0
234.0
249.0
288.0
450.0
218.0
239.0
239.0
370.0
272.0
308.0
328.0
426.0
259.0
318.0
257.0
405.0
239.0
273.0
223.0
312.0
239.0
360.0
330.0
97.0
278.0
339.0
233.0
491.0
247.0
298.0
298.0
287.0
304.0
212.0
229.0
303.0
350.0
282.0
50.0
192.0
228.0
279.0
250.0
242.0
245.0
267.0
283.0
372.0
288.0
231.0
211.0
288.0
258.0
244.0
500.0
285.0
279.0
333.0
280.0
218.0
68.0
283.0
273.0
262.0
216.0
236.0
245.0
266.0
237.0
262.0
500.0
360.0
230.0
259.0
377.0
271.0
198.0
233.0
213.0
263.0
311.0
245.0
275.0
500.0
308.0
245.0
224.0
278.0
337.0
268.0
235.0
227.0
221.0
89.0
315.0
352.0
310.0
234.0
226.0
270.0
238.0
210.0
197.0
200.0
230.0
180.0
238.0
334.0
181.0
416.0
500.0
281.0
217.0
195.0
396.0
262.0
231.0
198.0
412.0
214.0
247.0
191.0
190.0
231.0
162.0
214.0
281.0
186.0
266.0
279.0
263.0
335.0
207.0
349.0
283.0
207.0
319.0
200.0
255.0
184.0
291.0
500.0
215.0
243.0
199.0
261.0
341.0
189.0
248.0
277.0
224.0
220.0
182.0
188.0
207.0
218.0
393.0
209.0
227.0
242.0
187.0
224.0
270.0
243.0
252.0
234.0
211.0
203.0
500.0
224.0
256.0
296.0
248.0
191.0
186.0
271.0
206.0
366.0
228.0
233.0
232.0
236.0
336.0
199.0
352.0
214.0
329.0
347.0
175.0
168.0
189.0
210.0
210.0
212.0
280.0
270.0
257.0
296.0
199.0
222.0
338.0
438.0
229.0
252.0
347.0
268.0
226.0
191.0
486.0
172.0
389.0
215.0
235.0
295.0
401.0
500.0
190.0
213.0
438.0
248.0
182.0
178.0
253.0
276.0
377.0
206.0
161.0
229.0
455.0
500.0
250.0
181.0
290.0
320.0
280.0
207.0
230.0
203.0
201.0
258.0
486.0
500.0
228.0
240.0
256.0
284.0
190.0
295.0
188.0
215.0
185.0
200.0
287.0
191.0
244.0
246.0
200.0
241.0
202.0
204.0
346.0
182.0
180.0
184.0
208.0
233.0
194.0
177.0
301.0
189.0
217.0
270.0
191.0
280.0
242.0
239.0
207.0
177.0
165.0
218.0
304.0
440.0
267.0
305.0
239.0
182.0
224.0
279.0
221.0
189.0
190.0
188.0
299.0
295.0
191.0
241.0
231.0
286.0
223.0
280.0
370.0
173.0
274.0
224.0
274.0
225.0
221.0
385.0
500.0
287.0
247.0
204.0
491.0
203.0
195.0
212.0
192.0
383.0
310.0
136.0
287.0
258.0
160.0
240.0
267.0
176.0
253.0
215.0
190.0
246.0
303.0
346.0
467.0
191.0
293.0
197.0
168.0
352.0
163.0
201.0
273.0
189.0
190.0
239.0
246.0
260.0
317.0
316.0
243.0
328.0
231.0
168.0
286.0
326.0
287.0
500.0
236.0
500.0
380.0
440.0
297.0
307.0
339.0
267.0
362.0
407.0
282.0
312.0
220.0
223.0
125.0
266.0
284.0
267.0
433.0
361.0
221.0
234.0
298.0
225.0
215.0
217.0
268.0
441.0
272.0
215.0
255.0
189.0
262.0
79.0
204.0
89.0
176.0
216.0
478.0
493.0
354.0
410.0
284.0
283.0
255.0
170.0
303.0
105.0
114.0
65.0
184.0
75.0
133.0
58.0
99.0
83.0
74.0
65.0
333.0
120.0
35.0
110.0
93.0
256.0
54.0
151.0
258.0
61.0
94.0
154.0
136.0
104.0
65.0
70.0
203.0
76.0
66.0
101.0
40.0
145.0
118.0
79.0
99.0
244.0
122.0
155.0
102.0
234.0
135.0
123.0
149.0
238.0
205.0
207.0
171.0
233.0
123.0
103.0
288.0
224.0
227.0
179.0
80.0
92.0
299.0
155.0
57.0
119.0
241.0
45.0
187.0
51.0
121.0
57.0
19.0
36.0
35.0
171.0
114.0
255.0
202.0
164.0
145.0
283.0
235.0
124.0
259.0
387.0
205.0
280.0
155.0
204.0
33.0
20.0
88.0
86.0
308.0
302.0
127.0
173.0
157.0
120.0
217.0
230.0
173.0
128.0
236.0
201.0
251.0
250.0
194.0
12.0
282.0
107.0
294.0
75.0
115.0
28.0
190.0
146.0
50.0
225.0
65.0
194.0
194.0
265.0
163.0
171.0
285.0
244.0
360.0
210.0
350.0
15.0
190.0
209.0
53.0
20.0
38.0
173.0
213.0
339.0
500.0
327.0
212.0
220.0
154.0
279.0
500.0
307.0
229.0
202.0
500.0
238.0
226.0
281.0
347.0
295.0
392.0
404.0
313.0
295.0
362.0
331.0
235.0
388.0
243.0
267.0
437.0
377.0
260.0
312.0
215.0
200.0
304.0
500.0
211.0
224.0
221.0
500.0
145.0
241.0
170.0
308.0
282.0
345.0
357.0
248.0
155.0
263.0
316.0
321.0
277.0
235.0
156.0
248.0
182.0
203.0
229.0
215.0
279.0
292.0
500.0
250.0
217.0
199.0
276.0
297.0
266.0
225.0
78.0
500.0
112.0
284.0
240.0
225.0
331.0
85.0
228.0
245.0
500.0
197.0
195.0
93.0
199.0
231.0
251.0
192.0
246.0
145.0
314.0
357.0
415.0
392.0
213.0
396.0
188.0
14.0
285.0
357.0
216.0
276.0
500.0
207.0
265.0
187.0
290.0
285.0
189.0
500.0
251.0
265.0
500.0
295.0
268.0
277.0
211.0
203.0
193.0
452.0
500.0
265.0
302.0
445.0
500.0
313.0
500.0
358.0
500.0
180.0
246.0
195.0
295.0
187.0
263.0
194.0
195.0
188.0
265.0
207.0
321.0
183.0
188.0
296.0
297.0
236.0
286.0
409.0
214.0
321.0
180.0
200.0
84.0
315.0
249.0
196.0
197.0
219.0
418.0
232.0
231.0
250.0
27.0
260.0
211.0
231.0
278.0
196.0
370.0
500.0
241.0
197.0
352.0
500.0
205.0
225.0
222.0
310.0
344.0
229.0
306.0
189.0
237.0
298.0
141.0
312.0
233.0
257.0
337.0
216.0
286.0
192.0
256.0
350.0
346.0
236.0
123.0
28.0
74.0
140.0
351.0
177.0
295.0
39.0
116.0
343.0
500.0
363.0
294.0
500.0
33.0
155.0
24.0
12.0
110.0
188.0
89.0
56.0
500.0
272.0
73.0
237.0
62.0
233.0
198.0
215.0
21.0
500.0
500.0
11.0
28.0
38.0
188.0
301.0
183.0
9.0
183.0
263.0
17.0
46.0
439.0
333.0
231.0
279.0
11.0
124.0
220.0
84.0
302.0
15.0
25.0
21.0
70.0
208.0
80.0
17.0
31.0
115.0
165.0
500.0
43.0
45.0
276.0
8.0
22.0
40.0
28.0
29.0
240.0
12.0
45.0
230.0
65.0
131.0
231.0
13.0
57.0
130.0
13.0
500.0
49.0
37.0
19.0
67.0
210.0
500.0
121.0
218.0
83.0
19.0
80.0
500.0
500.0
500.0
8.0
16.0
500.0
114.0
37.0
26.0
500.0
10.0
500.0
232.0
35.0
32.0
16.0
21.0
77.0
32.0
228.0
31.0
500.0
11.0
245.0
10.0
37.0
248.0
76.0
171.0
30.0
14.0
190.0
266.0
19.0
103.0
69.0
12.0
61.0
80.0
291.0
255.0
21.0
136.0
246.0
20.0
132.0
279.0
9.0
105.0
77.0
9.0
241.0
18.0
10.0
18.0
149.0
11.0
50.0
445.0
500.0
37.0
17.0
148.0
11.0
35.0
500.0
9.0
110.0
500.0
15.0
165.0
234.0
20.0
13.0
45.0
39.0
24.0
76.0
92.0
32.0
29.0
250.0
44.0
177.0
258.0
127.0
424.0
54.0
190.0
27.0
438.0
290.0
500.0
260.0
203.0
330.0
294.0
248.0
249.0
266.0
360.0
500.0
244.0
155.0
128.0
500.0
500.0
341.0
320.0
252.0
254.0
265.0
377.0
260.0
430.0
222.0
250.0
359.0
239.0
342.0
247.0
263.0
400.0
302.0
441.0
374.0
280.0
470.0
500.0
269.0
252.0
327.0
500.0
348.0
261.0
500.0
373.0
270.0
470.0
246.0
251.0
281.0
334.0
177.0
392.0
292.0
361.0
366.0
279.0
281.0
500.0
252.0
226.0
239.0
177.0
338.0
500.0
452.0
321.0
500.0
201.0
292.0
339.0
500.0
500.0
407.0
287.0
500.0
238.0
396.0
336.0
261.0
277.0
256.0
242.0
323.0
490.0
441.0
364.0
215.0
369.0
314.0
230.0
372.0
500.0
261.0
362.0
500.0
337.0
341.0
229.0
500.0
231.0
500.0
281.0
352.0
189.0
371.0
255.0
472.0
499.0
321.0
225.0
346.0
384.0
286.0
394.0
374.0
387.0
500.0
434.0
372.0
287.0
394.0
336.0
500.0
363.0
218.0
355.0
452.0
500.0
226.0
500.0
500.0
478.0
396.0
500.0
431.0
326.0
328.0
500.0
332.0
382.0
245.0
328.0
271.0
266.0
442.0
297.0
500.0
398.0
474.0
269.0
425.0
273.0
323.0
298.0
500.0
500.0
500.0
352.0
347.0
296.0
296.0
263.0
225.0
386.0
326.0
398.0
494.0
400.0
313.0
265.0
500.0
271.0
430.0
310.0
500.0
393.0
500.0
296.0
197.0
462.0
470.0
229.0
353.0
244.0
500.0
363.0
263.0
249.0
500.0
311.0
398.0
500.0
500.0
408.0
303.0
146.0
282.0
500.0
376.0
293.0
469.0
141.0
332.0
368.0
245.0
323.0
191.0
398.0
500.0
500.0
286.0
500.0
363.0
121.0
174.0
276.0
254.0
289.0
223.0
231.0
416.0
289.0
500.0
255.0
336.0
334.0
394.0
415.0
500.0
364.0
214.0
271.0
288.0
322.0
500.0
277.0
374.0
163.0
445.0
250.0
388.0
325.0
320.0
255.0
500.0
283.0
415.0
500.0
302.0
282.0
351.0
384.0
336.0
500.0
260.0
468.0
482.0
384.0
300.0
427.0
382.0
333.0
363.0
349.0
500.0
500.0
500.0
500.0
291.0
461.0
396.0
182.0
317.0
256.0
488.0
500.0
430.0
315.0
343.0
421.0
473.0
366.0
384.0
73.0
443.0
500.0
308.0
77.0
290.0
408.0
403.0
391.0
221.0
316.0
350.0
363.0
462.0
500.0
238.0
333.0
339.0
75.0
309.0
500.0
500.0
500.0
265.0
323.0
264.0
278.0
324.0
272.0
442.0
127.0
472.0
363.0
358.0
500.0
407.0
397.0
67.0
390.0
499.0
298.0
497.0
500.0
253.0
438.0
387.0
351.0
294.0
325.0
267.0
177.0
241.0
252.0
279.0
500.0
283.0
500.0
306.0
469.0
258.0
500.0
240.0
273.0
349.0
323.0
339.0
198.0
260.0
224.0
285.0
221.0
500.0
326.0
194.0
220.0
500.0
277.0
268.0
272.0
231.0
353.0
180.0
208.0
237.0
184.0
405.0
272.0
216.0
205.0
336.0
245.0
312.0
500.0
272.0
249.0
454.0
261.0
500.0
500.0
248.0
500.0
234.0
218.0
500.0
500.0
447.0
294.0
180.0
277.0
311.0
182.0
248.0
242.0
500.0
293.0
308.0
261.0
179.0
303.0
381.0
202.0
330.0
500.0
377.0
285.0
229.0
309.0
287.0
269.0
500.0
246.0
500.0
193.0
420.0
500.0
264.0
247.0
500.0
327.0
167.0
500.0
500.0
292.0
194.0
298.0
500.0
265.0
500.0
500.0
286.0
500.0
424.0
249.0
335.0
382.0
269.0
391.0
407.0
285.0
226.0
296.0
500.0
295.0
417.0
500.0
281.0
317.0
500.0
336.0
352.0
332.0
320.0
254.0
272.0
291.0
353.0
265.0
303.0
269.0
328.0
262.0
463.0
267.0
330.0
467.0
389.0
500.0
153.0
427.0
322.0
319.0
197.0
345.0
228.0
228.0
230.0
500.0
163.0
255.0
500.0
321.0
382.0
389.0
357.0
500.0
500.0
395.0
435.0
500.0
361.0
500.0
500.0
185.0
500.0
308.0
262.0
312.0
500.0
234.0
261.0
319.0
250.0
500.0
356.0
240.0
500.0
368.0
500.0
290.0
240.0
325.0
326.0
500.0
317.0
251.0
383.0
251.0
168.0
382.0
337.0
203.0
343.0
238.0
310.0
455.0
500.0
222.0
500.0
466.0
372.0
270.0
321.0
423.0
390.0
280.0
271.0
265.0
173.0
500.0
331.0
229.0
293.0
377.0
500.0
304.0
174.0
223.0
229.0
500.0
358.0
273.0
245.0
500.0
275.0
302.0
301.0
441.0
295.0
288.0
444.0
286.0
221.0
333.0
500.0
227.0
214.0
205.0
329.0
249.0
500.0
351.0
298.0
500.0
343.0
415.0
318.0
500.0
243.0
307.0
261.0
314.0
177.0
500.0
280.0
265.0
254.0
369.0
265.0
252.0
392.0
377.0
500.0
233.0
341.0
207.0
306.0
264.0
500.0
345.0
313.0
500.0
259.0
320.0
321.0
240.0
261.0
187.0
273.0
332.0
244.0
249.0
284.0
279.0
415.0
187.0
257.0
277.0
293.0
352.0
398.0
367.0
500.0
250.0
242.0
396.0
389.0
195.0
500.0
500.0
500.0
224.0
251.0
500.0
252.0
212.0
240.0
325.0
208.0
185.0
500.0
328.0
279.0
350.0
256.0
282.0
225.0
223.0
447.0
179.0
202.0
172.0
357.0
178.0
470.0
337.0
309.0
500.0
500.0
338.0
262.0
307.0
327.0
500.0
237.0
290.0
414.0
327.0
500.0
219.0
500.0
209.0
107.0
368.0
276.0
454.0
239.0
388.0
413.0
358.0
421.0
212.0
400.0
407.0
368.0
500.0
335.0
500.0
354.0
440.0
500.0
363.0
289.0
282.0
257.0
320.0
272.0
366.0
269.0
330.0
266.0
264.0
277.0
240.0
258.0
499.0
500.0
396.0
171.0
238.0
245.0
329.0
272.0
173.0
214.0
335.0
88.0
387.0
96.0
217.0
238.0
92.0
437.0
238.0
157.0
500.0
259.0
279.0
500.0
240.0
76.0
343.0
104.0
167.0
500.0
144.0
272.0
373.0
500.0
500.0
247.0
345.0
132.0
332.0
500.0
338.0
338.0
500.0
500.0
207.0
128.0
217.0
500.0
500.0
271.0
357.0
432.0
500.0
500.0
284.0
500.0
364.0
201.0
268.0
500.0
500.0
500.0
357.0
312.0
241.0
500.0
104.0
247.0
376.0
351.0
241.0
500.0
324.0
500.0
329.0
361.0
500.0
336.0
361.0
500.0
378.0
338.0
330.0
500.0
500.0
365.0
318.0
202.0
217.0
271.0
393.0
267.0
500.0
500.0
500.0
324.0
500.0
293.0
356.0
259.0
500.0
488.0
311.0
500.0
306.0
124.0
224.0
316.0
189.0
205.0
203.0
343.0
500.0
275.0
500.0
225.0
371.0
251.0
308.0
291.0
500.0
247.0
273.0
348.0
209.0
266.0
353.0
310.0
467.0
328.0
337.0
377.0
301.0
253.0
257.0
262.0
258.0
257.0
242.0
277.0
309.0
377.0
295.0
308.0
269.0
337.0
178.0
255.0
330.0
500.0
273.0
357.0
269.0
235.0
287.0
500.0
265.0
332.0
225.0
340.0
105.0
500.0
220.0
96.0
288.0
182.0
227.0
300.0
351.0
500.0
500.0
197.0
13.0
500.0
372.0
500.0
189.0
83.0
500.0
221.0
431.0
500.0
418.0
500.0
391.0
313.0
500.0
500.0
500.0
285.0
233.0
257.0
184.0
307.0
500.0
500.0
276.0
222.0
337.0
279.0
122.0
261.0
353.0
339.0
126.0
266.0
276.0
319.0
197.0
227.0
500.0
350.0
102.0
319.0
304.0
500.0
437.0
255.0
399.0
275.0
500.0
247.0
265.0
298.0
410.0
262.0
358.0
408.0
298.0
194.0
313.0
396.0
354.0
245.0
197.0
78.0
313.0
422.0
182.0
206.0
429.0
180.0
259.0
297.0
259.0
250.0
363.0
332.0
393.0
500.0
373.0
364.0
286.0
384.0
369.0
500.0
382.0
349.0
422.0
338.0
500.0
500.0
177.0
201.0
500.0
337.0
351.0
392.0
500.0
500.0
278.0
376.0
241.0
256.0
500.0
326.0
278.0
330.0
319.0
500.0
500.0
360.0
231.0
500.0
399.0
240.0
338.0
500.0
397.0
322.0
213.0
264.0
391.0
294.0
196.0
277.0
297.0
181.0
314.0
500.0
343.0
240.0
500.0
500.0
219.0
128.0
212.0
305.0
368.0
445.0
394.0
248.0
370.0
203.0
272.0
500.0
366.0
348.0
327.0
500.0
500.0
170.0
471.0
500.0
187.0
318.0
384.0
399.0
274.0
500.0
285.0
500.0
395.0
322.0
325.0
500.0
325.0
500.0
392.0
278.0
311.0
293.0
370.0
500.0
245.0
294.0
317.0
233.0
401.0
378.0
298.0
251.0
314.0
267.0
333.0
293.0
382.0
193.0
500.0
262.0
272.0
265.0
360.0
181.0
500.0
438.0
258.0
500.0
362.0
325.0
362.0
282.0
368.0
184.0
354.0
360.0
500.0
260.0
500.0
377.0
210.0
500.0
182.0
393.0
500.0
210.0
500.0
445.0
500.0
500.0
500.0
376.0
363.0
308.0
479.0
370.0
500.0
257.0
330.0
240.0
186.0
500.0
308.0
319.0
491.0
282.0
159.0
348.0
246.0
336.0
185.0
190.0
204.0
500.0
300.0
240.0
381.0
130.0
191.0
218.0
345.0
358.0
294.0
169.0
334.0
259.0
257.0
500.0
372.0
286.0
176.0
500.0
434.0
211.0
199.0
447.0
380.0
282.0
289.0
215.0
195.0
256.0
179.0
500.0
377.0
349.0
311.0
394.0
434.0
236.0
256.0
329.0
278.0
259.0
500.0
204.0
276.0
199.0
222.0
469.0
265.0
359.0
174.0
332.0
189.0
319.0
236.0
243.0
500.0
102.0
95.0
223.0
164.0
316.0
500.0
290.0
201.0
268.0
190.0
112.0
500.0
254.0
295.0
199.0
500.0
310.0
290.0
286.0
100.0
217.0
257.0
92.0
282.0
216.0
373.0
298.0
500.0
352.0
500.0
500.0
242.0
220.0
298.0
156.0
117.0
283.0
175.0
342.0
150.0
188.0
259.0
423.0
266.0
250.0
382.0
448.0
355.0
279.0
184.0
319.0
500.0
177.0
387.0
295.0
250.0
334.0
166.0
328.0
192.0
208.0
315.0
303.0
173.0
227.0
395.0
246.0
265.0
500.0
293.0
212.0
164.0
212.0
267.0
375.0
248.0
225.0
261.0
263.0
373.0
195.0
247.0
196.0
500.0
193.0
317.0
165.0
500.0
155.0
500.0
257.0
401.0
297.0
241.0
500.0
265.0
487.0
500.0
500.0
287.0
500.0
340.0
212.0
244.0
243.0
275.0
206.0
304.0
500.0
294.0
330.0
282.0
328.0
500.0
395.0
239.0
320.0
500.0
500.0
128.0
396.0
304.0
314.0
258.0
185.0
174.0
309.0
169.0
260.0
387.0
247.0
293.0
225.0
188.0
238.0
214.0
163.0
188.0
337.0
288.0
254.0
200.0
264.0
222.0
268.0
298.0
297.0
197.0
163.0
394.0
320.0
353.0
299.0
256.0
249.0
316.0
223.0
264.0
306.0
294.0
205.0
266.0
376.0
493.0
188.0
260.0
190.0
249.0
290.0
422.0
324.0
77.0
500.0
205.0
181.0
295.0
321.0
196.0
244.0
500.0
437.0
263.0
500.0
355.0
317.0
375.0
366.0
391.0
268.0
483.0
310.0
500.0
237.0
206.0
315.0
172.0
500.0
500.0
302.0
218.0
432.0
387.0
217.0
145.0
158.0
500.0
208.0
177.0
213.0
134.0
500.0
154.0
176.0
225.0
189.0
66.0
84.0
231.0
500.0
358.0
254.0
151.0
30.0
177.0
77.0
255.0
213.0
337.0
251.0
500.0
500.0
160.0
76.0
74.0
500.0
59.0
178.0
111.0
244.0
173.0
500.0
186.0
312.0
310.0
195.0
500.0
40.0
180.0
166.0
149.0
72.0
500.0
166.0
34.0
222.0
140.0
215.0
302.0
500.0
376.0
423.0
447.0
500.0
138.0
318.0
500.0
500.0
500.0
500.0
398.0
189.0
294.0
500.0
98.0
388.0
414.0
500.0
334.0
352.0
375.0
289.0
500.0
287.0
500.0
500.0
311.0
446.0
344.0
306.0
500.0
313.0
482.0
500.0
362.0
276.0
342.0
330.0
370.0
317.0
446.0
500.0
500.0
276.0
412.0
410.0
500.0
417.0
421.0
321.0
405.0
302.0
356.0
400.0
246.0
500.0
279.0
500.0
354.0
500.0
375.0
377.0
500.0
480.0
500.0
500.0
118.0
380.0
500.0
500.0
500.0
380.0
459.0
116.0
331.0
500.0
368.0
272.0
393.0
472.0
500.0
231.0
397.0
367.0
500.0
471.0
329.0
500.0
263.0
295.0
500.0
434.0
382.0
394.0
385.0
493.0
238.0
267.0
500.0
500.0
410.0
500.0
395.0
389.0
500.0
240.0
213.0
99.0
438.0
305.0
298.0
339.0
336.0
364.0
338.0
500.0
310.0
305.0
255.0
285.0
340.0
293.0
346.0
280.0
443.0
409.0
301.0
500.0
500.0
397.0
298.0
393.0
310.0
284.0
422.0
411.0
379.0
423.0
280.0
500.0
500.0
274.0
419.0
268.0
244.0
360.0
344.0
350.0
304.0
500.0
277.0
375.0
346.0
354.0
419.0
331.0
301.0
266.0
500.0
500.0
500.0
500.0
500.0
211.0
500.0
500.0
370.0
500.0
305.0
415.0
500.0
443.0
500.0
342.0
500.0
500.0
500.0
500.0
500.0
500.0
500.0
500.0
500.0
500.0
500.0
500.0
500.0
500.0
500.0
500.0
500.0
500.0
500.0
500.0
204.0
500.0
500.0
500.0
218.0
500.0
500.0
500.0
500.0
180.0
147.0
500.0
500.0
500.0
500.0
237.0
500.0
500.0
500.0
43.0
500.0
142.0
401.0
87.0
500.0
88.0
500.0
500.0
500.0
500.0
500.0
500.0
500.0
500.0
36.0
500.0
500.0
500.0
500.0
500.0
500.0
500.0
500.0
500.0
500.0
500.0
500.0
500.0
500.0
500.0
500.0
500.0
49.0
500.0
500.0
500.0
500.0
500.0
500.0
500.0
500.0
500.0
500.0
500.0
500.0
500.0
500.0
500.0
500.0
500.0
38.0
500.0
500.0
500.0
500.0
500.0
500.0
500.0
500.0
500.0
500.0
500.0
500.0
500.0
500.0
500.0
500.0
500.0
500.0
500.0
500.0
500.0
500.0
500.0
500.0
500.0
500.0
500.0
500.0
500.0
500.0
500.0
500.0
500.0
500.0
500.0
500.0
470.0
500.0
500.0
500.0
500.0
500.0
39.0
500.0
500.0
500.0
500.0
500.0
500.0
500.0
500.0
500.0
500.0
500.0
80.0
500.0
500.0
500.0
500.0
500.0
500.0
500.0
500.0
500.0
500.0
500.0
500.0
500.0
274.0
500.0
500.0
500.0
500.0
500.0
500.0
500.0
500.0
500.0
500.0
500.0
500.0
368.0
500.0
500.0
500.0
500.0
500.0
500.0
500.0
500.0
500.0
500.0
500.0
500.0
479.0
500.0
500.0
500.0
500.0
500.0
500.0
500.0
500.0
500.0
500.0
500.0
64.0
500.0
500.0
500.0
500.0
500.0
500.0
500.0
500.0
500.0
500.0
500.0
500.0
500.0
500.0
500.0
500.0
500.0
500.0
500.0
500.0
500.0
500.0
500.0
500.0
500.0
500.0
500.0
500.0
500.0
500.0
500.0
500.0
500.0
500.0
500.0
500.0
500.0
500.0
500.0
500.0
500.0
500.0
500.0
500.0
500.0
500.0
500.0
500.0
500.0
500.0
500.0
500.0
500.0
500.0
500.0
500.0
500.0
500.0
500.0
470.0
406.0
500.0
500.0
416.0
500.0
500.0
500.0
445.0
500.0
500.0
500.0
450.0
411.0
500.0
500.0
496.0
500.0
420.0
500.0
500.0
500.0
388.0
440.0
500.0
500.0
434.0
500.0
475.0
500.0
500.0
460.0
500.0
500.0
500.0
484.0
443.0
500.0
500.0
314.0
500.0
500.0
500.0
500.0
500.0
500.0
500.0
484.0
386.0
500.0
405.0
500.0
364.0
487.0
500.0
500.0
473.0
500.0
400.0
421.0
500.0
500.0
500.0
500.0
429.0
500.0
476.0
500.0
500.0
500.0
500.0
500.0
500.0
500.0
500.0
500.0
480.0
403.0
319.0
500.0
500.0
500.0
451.0
119.0
500.0
500.0
500.0
500.0
355.0
500.0
480.0
229.0
500.0
500.0
500.0
500.0
403.0
500.0
500.0
478.0
500.0
481.0
500.0
455.0
500.0
500.0
500.0
500.0
500.0
500.0
500.0
500.0
361.0
500.0
500.0
195.0
500.0
462.0
476.0
500.0
500.0
500.0
500.0
500.0
466.0
451.0
500.0
500.0
500.0
324.0
500.0
500.0
500.0
445.0
500.0
500.0
239.0
489.0
354.0
500.0
500.0
481.0
500.0
343.0
500.0
500.0
500.0
500.0
500.0
500.0
375.0
484.0
500.0
500.0
413.0
435.0
500.0
500.0
431.0
366.0
487.0
500.0
500.0
459.0
500.0
500.0
311.0
500.0
443.0
465.0
500.0
500.0
500.0
500.0
500.0
500.0
497.0
500.0
500.0
418.0
500.0
500.0
199.0
500.0
500.0
500.0
500.0
437.0
500.0
500.0
498.0
500.0
500.0
406.0
500.0
500.0
500.0
500.0
500.0
499.0
500.0
500.0
500.0
466.0
500.0
500.0
230.0
500.0
500.0
500.0
500.0
500.0
448.0
241.0
500.0
500.0
500.0
500.0
500.0
300.0
500.0
500.0
500.0
500.0
500.0
500.0
500.0
395.0
500.0
500.0
332.0
500.0
500.0
500.0
500.0
434.0
500.0
500.0
500.0
500.0
500.0
500.0
500.0
395.0
402.0
500.0
500.0
500.0
489.0
500.0
500.0
388.0
317.0
500.0
491.0
500.0
500.0
500.0
500.0
389.0
500.0
500.0
500.0
463.0
500.0
373.0
500.0
500.0
470.0
447.0
500.0
500.0
500.0
500.0
500.0
452.0
499.0
500.0
500.0
479.0
500.0
500.0
500.0
500.0
500.0
421.0
500.0
500.0
500.0
500.0
459.0
500.0
392.0
500.0
500.0
322.0
500.0
500.0
500.0
500.0
500.0
500.0
452.0
500.0
487.0
500.0
500.0
500.0
478.0
499.0
500.0
478.0
500.0
500.0
500.0
470.0
500.0
500.0
500.0
500.0
500.0
500.0
500.0
500.0
500.0
428.0
500.0
188.0
402.0
500.0
449.0
200.0
27.0
377.0
174.0
500.0
383.0
473.0
346.0
293.0
500.0
500.0
165.0
137.0
304.0
500.0
500.0
435.0
500.0
282.0
500.0
386.0
35.0
500.0
152.0
272.0
372.0
317.0
500.0
500.0
500.0
172.0
500.0
272.0
199.0
290.0
117.0
335.0
500.0
233.0
500.0
238.0
369.0
156.0
422.0
500.0
500.0
273.0
500.0
372.0
255.0
259.0
378.0
275.0
500.0
175.0
25.0
500.0
500.0
500.0
500.0
437.0
270.0
345.0
215.0
384.0
135.0
500.0
500.0
366.0
500.0
500.0
369.0
382.0
500.0
500.0
500.0
272.0
236.0
217.0
222.0
500.0
203.0
500.0
314.0
485.0
460.0
458.0
500.0
337.0
500.0
500.0
432.0
230.0
500.0
354.0
313.0
500.0
226.0
261.0
500.0
167.0
182.0
500.0
170.0
267.0
500.0
500.0
385.0
401.0
500.0
303.0
500.0
136.0
35.0
500.0
500.0
500.0
43.0
168.0
179.0
196.0
500.0
500.0
282.0
301.0
242.0
500.0
174.0
59.0
166.0
500.0
363.0
500.0
340.0
437.0
172.0
231.0
354.0
191.0
500.0
224.0
500.0
211.0
440.0
465.0
94.0
500.0
500.0
313.0
500.0
363.0
269.0
500.0
316.0
187.0
168.0
500.0
381.0
260.0
500.0
348.0
214.0
282.0
259.0
500.0
287.0
395.0
216.0
500.0
191.0
162.0
500.0
500.0
488.0
206.0
181.0
166.0
500.0
421.0
291.0
145.0
500.0
368.0
500.0
342.0
364.0
500.0
466.0
500.0
474.0
500.0
500.0
500.0
500.0
500.0
458.0
399.0
500.0
500.0
500.0
500.0
356.0
424.0
500.0
500.0
500.0
500.0
296.0
500.0
490.0
500.0
500.0
453.0
500.0
500.0
500.0
500.0
373.0
500.0
405.0
500.0
500.0
500.0
450.0
500.0
500.0
500.0
500.0
500.0
500.0
500.0
500.0
500.0
500.0
500.0
407.0
446.0
500.0
500.0
432.0
479.0
500.0
237.0
402.0
500.0
479.0
500.0
500.0
380.0
500.0
500.0
500.0
400.0
500.0
421.0
336.0
500.0
500.0
492.0
500.0
500.0
500.0
500.0
500.0
500.0
500.0
500.0
410.0
500.0
500.0
483.0
233.0
500.0
500.0
500.0
500.0
500.0
449.0
447.0
500.0
455.0
500.0
500.0
500.0
500.0
500.0
427.0
500.0
500.0
500.0
500.0
500.0
500.0
500.0
240.0
472.0
500.0
398.0
500.0
375.0
500.0
500.0
439.0
500.0
500.0
500.0
500.0
500.0
500.0
500.0
500.0
500.0
500.0
399.0
486.0
500.0
385.0
479.0
489.0
500.0
500.0
500.0
500.0
500.0
500.0
500.0
455.0
500.0
500.0
500.0
500.0
334.0
500.0
488.0
500.0
223.0
427.0
500.0
488.0
500.0
500.0
473.0
500.0
500.0
500.0
500.0
306.0
500.0
500.0
500.0
500.0
492.0
500.0
500.0
480.0
500.0
500.0
500.0
500.0
500.0
500.0
500.0
500.0
500.0
399.0
500.0
500.0
483.0
500.0
462.0
425.0
500.0
430.0
431.0
500.0
500.0
500.0
500.0
428.0
437.0
500.0
500.0
500.0
500.0
500.0
500.0
500.0
500.0
500.0
444.0
470.0
370.0
500.0
420.0
500.0
500.0
430.0
500.0
500.0
500.0
472.0
451.0
500.0
500.0
500.0
500.0
457.0
500.0
362.0
500.0
344.0
479.0
500.0
500.0
500.0
500.0
500.0
500.0
467.0
500.0
500.0
491.0
216.0
500.0
500.0
500.0
398.0
500.0
500.0
500.0
500.0
422.0
500.0
500.0
500.0
500.0
500.0
490.0
500.0
500.0
500.0
449.0
500.0
462.0
500.0
500.0
500.0
469.0
500.0
500.0
500.0
500.0
330.0
291.0
500.0
500.0
372.0
500.0
500.0
500.0
500.0
500.0
500.0
500.0
500.0
441.0
500.0
449.0
500.0
500.0
447.0
500.0
500.0
475.0
500.0
418.0
500.0
456.0
500.0
500.0
500.0
500.0
500.0
484.0
500.0
500.0
500.0
500.0
500.0
500.0
500.0
500.0
469.0
500.0
500.0
500.0
418.0
500.0
443.0
385.0
500.0
500.0
500.0
500.0
500.0
500.0
399.0
500.0
500.0
313.0
500.0
500.0
500.0
397.0
500.0
370.0
481.0
500.0
500.0
498.0
500.0
415.0
500.0
500.0
500.0
452.0
485.0
500.0
500.0
466.0
500.0
500.0
500.0
500.0
359.0
500.0
500.0
500.0
447.0
283.0
500.0
500.0
442.0
500.0
500.0
500.0
466.0
500.0
500.0
497.0
474.0
500.0
500.0
306.0
472.0
500.0
500.0
500.0
500.0
500.0
500.0
500.0
500.0
454.0
281.0
500.0
500.0
500.0
235.0
500.0
500.0
461.0
432.0
500.0
500.0
500.0
500.0
500.0
500.0
500.0
500.0
500.0
381.0
500.0
467.0
500.0
491.0
500.0
500.0
500.0
500.0
500.0
500.0
500.0
500.0
300.0
500.0
500.0
472.0
500.0
450.0
500.0
488.0
500.0
500.0
500.0
500.0
500.0
306.0
500.0
500.0
500.0
500.0
500.0
500.0
500.0
500.0
500.0
500.0
476.0
432.0
500.0
500.0
500.0
442.0
500.0
500.0
441.0
500.0
484.0
500.0
500.0
500.0
500.0
500.0
432.0
500.0
500.0
500.0
500.0
321.0
330.0
500.0
500.0
500.0
500.0
500.0
500.0
451.0
500.0
500.0
474.0
500.0
500.0
500.0
430.0
500.0
405.0
430.0
500.0
500.0
500.0
500.0
500.0
427.0
500.0
500.0
500.0
442.0
500.0
500.0
500.0
451.0
439.0
425.0
500.0
500.0
500.0
500.0
447.0
389.0
500.0
322.0
500.0
442.0
500.0
416.0
490.0
453.0
500.0
500.0
500.0
494.0
500.0
500.0
500.0
500.0
168.0
500.0
190.0
190.0
500.0
459.0
387.0
500.0
500.0
472.0
500.0
500.0
500.0
477.0
500.0
500.0
500.0
381.0
500.0
500.0
477.0
500.0
500.0
500.0
500.0
500.0
500.0
500.0
427.0
479.0
381.0
500.0
500.0
500.0
500.0
208.0
500.0
500.0
260.0
500.0
500.0
500.0
500.0
500.0
500.0
451.0
500.0
500.0
500.0
500.0
500.0
355.0
500.0
500.0
500.0
408.0
500.0
500.0
500.0
500.0
500.0
500.0
449.0
500.0
500.0
444.0
312.0
500.0
361.0
468.0
500.0
500.0
500.0
500.0
409.0
314.0
406.0
500.0
500.0
500.0
500.0
500.0
500.0
500.0
500.0
383.0
500.0
500.0
454.0
500.0
500.0
402.0
500.0
500.0
500.0
500.0
500.0
500.0
500.0
500.0
500.0
500.0
500.0
500.0
500.0
500.0
500.0
500.0
500.0
500.0
483.0
500.0
500.0
494.0
480.0
500.0
500.0
393.0
500.0
500.0
301.0
500.0
500.0
461.0
500.0
500.0
369.0
436.0
500.0
500.0
276.0
500.0
500.0
500.0
500.0
500.0
500.0
500.0
500.0
500.0
432.0
500.0
327.0
500.0
500.0
500.0
451.0
500.0
500.0
389.0
453.0
500.0
500.0
483.0
500.0
173.0
500.0
381.0
500.0
460.0
500.0
500.0
500.0
500.0
382.0
500.0
500.0
500.0
500.0
500.0
474.0
500.0
500.0
453.0
348.0
500.0
500.0
446.0
500.0
500.0
469.0
500.0
416.0
496.0
500.0
389.0
500.0
393.0
500.0
500.0
440.0
434.0
391.0
490.0
469.0
500.0
500.0
469.0
500.0
282.0
500.0
500.0
500.0
500.0
500.0
500.0
500.0
500.0
500.0
500.0
439.0
500.0
500.0
427.0
500.0
498.0
500.0
500.0
500.0
500.0
500.0
445.0
500.0
500.0
500.0
500.0
468.0
321.0
499.0
500.0
433.0
375.0
500.0
500.0
411.0
500.0
500.0
500.0
500.0
500.0
500.0
500.0
500.0
500.0
500.0
500.0
500.0
500.0
417.0
500.0
470.0
500.0
500.0
402.0
500.0
500.0
500.0
500.0
500.0
500.0
452.0
453.0
440.0
500.0
437.0
500.0
500.0
489.0
500.0
500.0
500.0
469.0
400.0
500.0
500.0
449.0
454.0
500.0
500.0
500.0
310.0
500.0
448.0
500.0
500.0
500.0
500.0
255.0
500.0
484.0
500.0
410.0
460.0
440.0
500.0
356.0
500.0
408.0
500.0
359.0
499.0
499.0
500.0
500.0
478.0
500.0
396.0
500.0
500.0
430.0
500.0
320.0
279.0
500.0
500.0
500.0
500.0
500.0
500.0
500.0
488.0
500.0
500.0
500.0
404.0
321.0
500.0
500.0
479.0
500.0
500.0
500.0
500.0
368.0
462.0
500.0
399.0
500.0
500.0
500.0
500.0
500.0
500.0
500.0
500.0
500.0
500.0
427.0
500.0
500.0
500.0
426.0
389.0
500.0
500.0
500.0
500.0
500.0
500.0
500.0
500.0
500.0
500.0
423.0
500.0
500.0
500.0
459.0
500.0
500.0
500.0
500.0
500.0
459.0
474.0
500.0
311.0
500.0
500.0
500.0
311.0
500.0
500.0
500.0
442.0
500.0
58.0
490.0
456.0
498.0
294.0
500.0
500.0
500.0
500.0
500.0
500.0
500.0
500.0
481.0
500.0
301.0
125.0
500.0
500.0
500.0
500.0
500.0
434.0
402.0
500.0
500.0
500.0
496.0
500.0
500.0
272.0
243.0
56.0
500.0
500.0
500.0
500.0
500.0
500.0
500.0
500.0
500.0
500.0
471.0
500.0
335.0
500.0
385.0
469.0
500.0
85.0
500.0
445.0
500.0
500.0
393.0
146.0
500.0
351.0
193.0
500.0
500.0
57.0
500.0
500.0
331.0
500.0
500.0
500.0
500.0
451.0
500.0
372.0
500.0
500.0
362.0
500.0
316.0
500.0
500.0
500.0
382.0
500.0
500.0
500.0
249.0
167.0
193.0
500.0
500.0
500.0
500.0
139.0
218.0
500.0
387.0
500.0
175.0
189.0
500.0
298.0
500.0
500.0
380.0
500.0
462.0
345.0
500.0
131.0
500.0
424.0
500.0
234.0
500.0
474.0
500.0
500.0
500.0
500.0
500.0
500.0
249.0
500.0
500.0
201.0
381.0
336.0
500.0
500.0
47.0
500.0
500.0
500.0
500.0
131.0
500.0
500.0
500.0
500.0
500.0
500.0
500.0
383.0
500.0
500.0
500.0
500.0
500.0
351.0
500.0
365.0
500.0
500.0
500.0
500.0
464.0
179.0
500.0
245.0
421.0
500.0
494.0
241.0
344.0
205.0
453.0
365.0
429.0
500.0
500.0
500.0
391.0
467.0
111.0
377.0
314.0
500.0
500.0
147.0
412.0
157.0
347.0
379.0
429.0
500.0
500.0
500.0
500.0
265.0
500.0
500.0
265.0
500.0
500.0
500.0
500.0
500.0
500.0
500.0
313.0
175.0
500.0
500.0
275.0
500.0