11.0
11.0
8.0
8.0
9.0
9.0
11.0
11.0
12.0
13.0
17.0
21.0
19.0
25.0
21.0
44.0
28.0
20.0
45.0
60.0
37.0
22.0
19.0
21.0
18.0
14.0
17.0
12.0
13.0
12.0
12.0
9.0
12.0
12.0
10.0
10.0
11.0
15.0
10.0
9.0
10.0
10.0
38.0
13.0
14.0
42.0
10.0
14.0
26.0
25.0
14.0
14.0
123.0
12.0
18.0
15.0
17.0
16.0
12.0
24.0
84.0
76.0
71.0
26.0
38.0
38.0
73.0
132.0
23.0
32.0
41.0
38.0
102.0
44.0
151.0
31.0
17.0
111.0
257.0
24.0
37.0
59.0
12.0
80.0
52.0
43.0
43.0
12.0
359.0
20.0
18.0
31.0
27.0
107.0
151.0
39.0
29.0
19.0
18.0
39.0
83.0
28.0
40.0
80.0
28.0
500.0
48.0
500.0
500.0
95.0
500.0
500.0
27.0
38.0
500.0
203.0
500.0
28.0
44.0
500.0
35.0
70.0
59.0
392.0
500.0
214.0
61.0
32.0
44.0
46.0
79.0
38.0
500.0
500.0
500.0
87.0
500.0
240.0
62.0
500.0
146.0
103.0
48.0
109.0
500.0
500.0
500.0
115.0
124.0
116.0
76.0
111.0
500.0
271.0
91.0
119.0
165.0
45.0
84.0
158.0
234.0
500.0
106.0
44.0
67.0
82.0
43.0
88.0
46.0
54.0
43.0
75.0
435.0
67.0
97.0
126.0
500.0
52.0
500.0
66.0
64.0
86.0
500.0
84.0
500.0
500.0
50.0
45.0
500.0
64.0
259.0
133.0
500.0
74.0
89.0
101.0
500.0
163.0
124.0
68.0
80.0
65.0
131.0
500.0
183.0
79.0
73.0
66.0
106.0
70.0
111.0
44.0
88.0
114.0
117.0
162.0
98.0
500.0
79.0
162.0
79.0
500.0
500.0
177.0
49.0
500.0
277.0
76.0
255.0
457.0
99.0
157.0
84.0
83.0
156.0
244.0
205.0
129.0
500.0
91.0
60.0
163.0
103.0
154.0
151.0
500.0
70.0
500.0
500.0
74.0
216.0
77.0
170.0
49.0
65.0
100.0
179.0
138.0
500.0
185.0
218.0
153.0
180.0
165.0
205.0
38.0
194.0
266.0
105.0
222.0
185.0
500.0
500.0
131.0
500.0
500.0
225.0
171.0
192.0
94.0
238.0
155.0
500.0
167.0
82.0
500.0
57.0
36.0
184.0
127.0
61.0
221.0
500.0
500.0
100.0
90.0
100.0
88.0
67.0
500.0
111.0
67.0
131.0
500.0
199.0
57.0
113.0
44.0
61.0
80.0
56.0
127.0
186.0
93.0
67.0
134.0
151.0
500.0
500.0
500.0
94.0
500.0
500.0
500.0
287.0
51.0
176.0
53.0
158.0
87.0
78.0
140.0
391.0
107.0
194.0
184.0
60.0
190.0
168.0
114.0
97.0
181.0
81.0
184.0
94.0
98.0
108.0
190.0
67.0
119.0
164.0
74.0
59.0
500.0
500.0
169.0
393.0
35.0
74.0
159.0
16.0
148.0
268.0
500.0
73.0
500.0
89.0
179.0
94.0
500.0
415.0
199.0
85.0
322.0
201.0
416.0
500.0
500.0
67.0
125.0
143.0
244.0
68.0
60.0
67.0
243.0
401.0
69.0
51.0
165.0
184.0
169.0
95.0
77.0
93.0
172.0
139.0
173.0
500.0
94.0
69.0
380.0
313.0
500.0
391.0
259.0
382.0
132.0
500.0
228.0
110.0
388.0
303.0
369.0
500.0
115.0
110.0
92.0
500.0
22.0
500.0
12.0
144.0
500.0
500.0
49.0
131.0
22.0
29.0
120.0
266.0
82.0
99.0
119.0
53.0
251.0
500.0
57.0
500.0
91.0
65.0
51.0
37.0
97.0
55.0
60.0
500.0
119.0
89.0
500.0
500.0
64.0
63.0
90.0
59.0
31.0
70.0
168.0
181.0
40.0
123.0
80.0
295.0
317.0
189.0
454.0
500.0
194.0
283.0
266.0
44.0
500.0
500.0
500.0
341.0
181.0
500.0
500.0
500.0
113.0
76.0
242.0
216.0
500.0
500.0
500.0
198.0
128.0
252.0
179.0
211.0
16.0
286.0
185.0
177.0
89.0
226.0
167.0
144.0
237.0
181.0
500.0
155.0
404.0
206.0
263.0
172.0
155.0
153.0
195.0
165.0
213.0
229.0
179.0
500.0
224.0
343.0
113.0
175.0
204.0
151.0
191.0
151.0
132.0
500.0
232.0
273.0
358.0
138.0
174.0
172.0
500.0
500.0
156.0
254.0
86.0
163.0
500.0
337.0
101.0
500.0
147.0
500.0
500.0
163.0
500.0
159.0
183.0
169.0
500.0
161.0
500.0
150.0
500.0
209.0
149.0
78.0
173.0
248.0
108.0
234.0
84.0
95.0
197.0
279.0
170.0
253.0
265.0
141.0
183.0
245.0
194.0
500.0
500.0
299.0
124.0
189.0
219.0
152.0
263.0
500.0
252.0
500.0
500.0
166.0
500.0
225.0
179.0
196.0
171.0
206.0
187.0
278.0
360.0
81.0
167.0
500.0
500.0
500.0
84.0
500.0
162.0
162.0
437.0
181.0
159.0
500.0
211.0
500.0
115.0
39.0
84.0
80.0
500.0
133.0
98.0
500.0
218.0
274.0
290.0
500.0
113.0
83.0
186.0
224.0
148.0
208.0
500.0
397.0
161.0
500.0
164.0
144.0
182.0
382.0
500.0
500.0
324.0
205.0
252.0
145.0
500.0
227.0
279.0
148.0
500.0
173.0
205.0
500.0
500.0
247.0
500.0
210.0
147.0
500.0
262.0
140.0
500.0
452.0
184.0
228.0
229.0
151.0
176.0
69.0
179.0
229.0
226.0
69.0
391.0
82.0
102.0
74.0
234.0
52.0
159.0
232.0
227.0
500.0
238.0
279.0
203.0
82.0
193.0
67.0
154.0
500.0
237.0
73.0
226.0
144.0
261.0
100.0
73.0
65.0
225.0
156.0
234.0
69.0
123.0
168.0
198.0
181.0
161.0
500.0
320.0
317.0
128.0
183.0
500.0
160.0
123.0
200.0
500.0
500.0
140.0
153.0
99.0
149.0
134.0
500.0
140.0
500.0
226.0
500.0
195.0
164.0
57.0
121.0
133.0
80.0
216.0
189.0
109.0
71.0
80.0
181.0
500.0
195.0
207.0
392.0
184.0
198.0
188.0
132.0
149.0
148.0
500.0
62.0
68.0
162.0
130.0
265.0
196.0
84.0
500.0
74.0
500.0
107.0
178.0
69.0
333.0
65.0
232.0
65.0
135.0
500.0
500.0
72.0
171.0
187.0
500.0
286.0
69.0
151.0
157.0
199.0
188.0
261.0
500.0
186.0
76.0
129.0
287.0
233.0
183.0
63.0
176.0
69.0
56.0
121.0
359.0
195.0
71.0
103.0
96.0
68.0
357.0
183.0
190.0
67.0
500.0
283.0
73.0
190.0
500.0
60.0
500.0
109.0
191.0
156.0
67.0
60.0
56.0
155.0
142.0
123.0
98.0
388.0
72.0
500.0
500.0
436.0
500.0
500.0
176.0
500.0
135.0
500.0
191.0
156.0
227.0
189.0
134.0
227.0
131.0
500.0
232.0
223.0
129.0
135.0
500.0
40.0
180.0
183.0
108.0
182.0
211.0
198.0
176.0
257.0
152.0
235.0
182.0
233.0
184.0
175.0
270.0
196.0
79.0
319.0
187.0
220.0
500.0
500.0
241.0
319.0
500.0
103.0
155.0
500.0
285.0
230.0
251.0
301.0
94.0
230.0
445.0
227.0
373.0
500.0
151.0
164.0
238.0
500.0
259.0
269.0
190.0
329.0
195.0
228.0
101.0
228.0
217.0
500.0
179.0
500.0
112.0
391.0
308.0
500.0
57.0
500.0
500.0
237.0
144.0
178.0
301.0
229.0
500.0
500.0
147.0
254.0
273.0
500.0
249.0
128.0
380.0
139.0
254.0
166.0
246.0
266.0
142.0
82.0
500.0
212.0
134.0
125.0
95.0
306.0
175.0
293.0
222.0
125.0
172.0
319.0
203.0
236.0
328.0
125.0
295.0
500.0
338.0
500.0
325.0
193.0
188.0
150.0
145.0
288.0
18.0
343.0
349.0
331.0
350.0
500.0
500.0
152.0
246.0
500.0
105.0
500.0
186.0
243.0
210.0
223.0
500.0
282.0
500.0
500.0
156.0
500.0
155.0
319.0
462.0
248.0
369.0
139.0
291.0
282.0
176.0
241.0
145.0
126.0
500.0
362.0
215.0
500.0
500.0
128.0
165.0
500.0
154.0
309.0
500.0
210.0
180.0
136.0
275.0
140.0
500.0
500.0
125.0
195.0
106.0
213.0
246.0
470.0
470.0
132.0
402.0
143.0
274.0
168.0
207.0
59.0
154.0
221.0
139.0
116.0
289.0
234.0
206.0
267.0
81.0
322.0
315.0
449.0
185.0
199.0
145.0
153.0
327.0
84.0
195.0
289.0
315.0
248.0
500.0
361.0
254.0
217.0
500.0
260.0
238.0
144.0
288.0
239.0
48.0
412.0
241.0
211.0
269.0
195.0
223.0
441.0
255.0
377.0
170.0
112.0
500.0
215.0
500.0
211.0
500.0
235.0
245.0
500.0
272.0
239.0
194.0
500.0
233.0
370.0
500.0
182.0
63.0
208.0
213.0
310.0
216.0
168.0
102.0
500.0
283.0
246.0
384.0
157.0
500.0
287.0
272.0
278.0
500.0
247.0
181.0
34.0
318.0
113.0
242.0
337.0
131.0
212.0
428.0
500.0
500.0
500.0
59.0
500.0
95.0
192.0
500.0
289.0
169.0
203.0
31.0
218.0
173.0
500.0
48.0
163.0
270.0
172.0
302.0
207.0
500.0
271.0
500.0
220.0
298.0
333.0
500.0
148.0
271.0
327.0
155.0
155.0
188.0
500.0
500.0
167.0
147.0
500.0
181.0
208.0
31.0
100.0
144.0
292.0
500.0
271.0
42.0
51.0
500.0
153.0
421.0
85.0
268.0
197.0
500.0
500.0
500.0
195.0
148.0
500.0
127.0
263.0
184.0
198.0
312.0
339.0
286.0
55.0
79.0
106.0
46.0
67.0
195.0
172.0
334.0
37.0
297.0
91.0
97.0
297.0
48.0
26.0
61.0
51.0
43.0
59.0
262.0
74.0
81.0
249.0
95.0
87.0
117.0
213.0
89.0
113.0
37.0
371.0
312.0
119.0
265.0
247.0
233.0
63.0
145.0
256.0
287.0
265.0
301.0
223.0
500.0
43.0
44.0
47.0
181.0
325.0
225.0
87.0
65.0
183.0
122.0
223.0
48.0
122.0
500.0
500.0
155.0
37.0
190.0
90.0
500.0
500.0
265.0
166.0
500.0
229.0
59.0
154.0
500.0
325.0
404.0
36.0
92.0
63.0
33.0
147.0
83.0
37.0
183.0
105.0
81.0
117.0
103.0
147.0
260.0
91.0
32.0
128.0
500.0
28.0
177.0
207.0
167.0
48.0
482.0
220.0
209.0
341.0
23.0
217.0
228.0
173.0
61.0
204.0
53.0
253.0
72.0
185.0
243.0
311.0
294.0
500.0
256.0
313.0
235.0
85.0
127.0
500.0
169.0
135.0
440.0
99.0
114.0
222.0
31.0
40.0
249.0
63.0
118.0
62.0
113.0
177.0
78.0
243.0
112.0
171.0
119.0
50.0
121.0
110.0
168.0
66.0
95.0
274.0
79.0
146.0
72.0
84.0
225.0
122.0
234.0
182.0
354.0
256.0
146.0
76.0
83.0
337.0
296.0
36.0
394.0
500.0
420.0
360.0
391.0
36.0
374.0
500.0
70.0
208.0
220.0
55.0
33.0
38.0
500.0
299.0
432.0
483.0
409.0
499.0
59.0
500.0
304.0
230.0
500.0
185.0
225.0
207.0
44.0
500.0
500.0
222.0
500.0
500.0
85.0
500.0
221.0
500.0
500.0
500.0
500.0
374.0
51.0
146.0
500.0
34.0
205.0
294.0
34.0
333.0
483.0
500.0
209.0
334.0
500.0
500.0
33.0
368.0
292.0
268.0
136.0
294.0
66.0
500.0
500.0
500.0
265.0
452.0
500.0
500.0
452.0
281.0
257.0
500.0
500.0
500.0
500.0
500.0
361.0
500.0
420.0
500.0
500.0
242.0
297.0
381.0
482.0
437.0
500.0
384.0
500.0
500.0
500.0
500.0
500.0
438.0
249.0
500.0
500.0
500.0
439.0
500.0
35.0
274.0
322.0
500.0
335.0
332.0
500.0
280.0
321.0
500.0
157.0
230.0
137.0
121.0
289.0
157.0
500.0
172.0
500.0
500.0
223.0
500.0
500.0
83.0
428.0
87.0
500.0
500.0
500.0
500.0
500.0
137.0
500.0
143.0
223.0
500.0
192.0
127.0
73.0
500.0
500.0
99.0
418.0
271.0
62.0
93.0
106.0
500.0
71.0
347.0
500.0
60.0
500.0
500.0
116.0
115.0
162.0
202.0
188.0
500.0
500.0
500.0
500.0
104.0
500.0
247.0
479.0
500.0
112.0
500.0
194.0
500.0
500.0
143.0
500.0
74.0
500.0
491.0
500.0
500.0
500.0
500.0
500.0
386.0
301.0
500.0
500.0
500.0
153.0
500.0
500.0
112.0
500.0
500.0
500.0
500.0
421.0
300.0
500.0
500.0
500.0
230.0
500.0
500.0
500.0
84.0
500.0
65.0
500.0
500.0
161.0
500.0
500.0
388.0
438.0
500.0
500.0
114.0
500.0
390.0
422.0
465.0
300.0
427.0
199.0
154.0
212.0
269.0
360.0
223.0
156.0
194.0
500.0
128.0
325.0
500.0
136.0
500.0
284.0
173.0
134.0
359.0
146.0
157.0
500.0
500.0
188.0
60.0
228.0
350.0
185.0
365.0
39.0
177.0
173.0
147.0
344.0
162.0
393.0
244.0
176.0
500.0
500.0
394.0
400.0
369.0
173.0
500.0
500.0
481.0
459.0
500.0
500.0
295.0
500.0
500.0
86.0
123.0
277.0
249.0
214.0
173.0
500.0
500.0
308.0
500.0
290.0
313.0
500.0
315.0
350.0
332.0
500.0
500.0
312.0
500.0
341.0
500.0
500.0
394.0
500.0
335.0
497.0
500.0
455.0
500.0
415.0
496.0
347.0
500.0
500.0
82.0
500.0
214.0
445.0
500.0
359.0
382.0
500.0
372.0
500.0
386.0
500.0
500.0
500.0
500.0
500.0
500.0
500.0
500.0
500.0
365.0
500.0
66.0
166.0
110.0
403.0
500.0
500.0
500.0
500.0
372.0
500.0
500.0
204.0
207.0
243.0
427.0
500.0
82.0
500.0
500.0
500.0
500.0
500.0
134.0
106.0
500.0
500.0
500.0
500.0
500.0
474.0
500.0
500.0
500.0
500.0
500.0
500.0
407.0
307.0
500.0
500.0
500.0
500.0
500.0
500.0
500.0
500.0
500.0
500.0
500.0
500.0
500.0
500.0
500.0
500.0
500.0
500.0
500.0
500.0
500.0
500.0
500.0
500.0
500.0
371.0
500.0
111.0
500.0
500.0
500.0
500.0
500.0
395.0
500.0
500.0
500.0
500.0
378.0
500.0
500.0
473.0
500.0
500.0
500.0
500.0
500.0
500.0
375.0
500.0
500.0
313.0
444.0
500.0
500.0
500.0
500.0
408.0
500.0
500.0
342.0
500.0
500.0
117.0
500.0
500.0
500.0
434.0
500.0
450.0
500.0
198.0
40.0
325.0
500.0
500.0
500.0
500.0
500.0
493.0
167.0
244.0
500.0
500.0
500.0
494.0
405.0
500.0
67.0
500.0
500.0
54.0
500.0
500.0
500.0
500.0
500.0
54.0
500.0
500.0
500.0
500.0
500.0
500.0
500.0
500.0
500.0
500.0
500.0
500.0
500.0
500.0
321.0
500.0
500.0
358.0
263.0
500.0
142.0
500.0
448.0
500.0
500.0
500.0
359.0
78.0
500.0
500.0
500.0
500.0
500.0
500.0
500.0
337.0
500.0
236.0
421.0
500.0
500.0
289.0
316.0
500.0
231.0
318.0
500.0
500.0
500.0
500.0
497.0
500.0
500.0
500.0
500.0
500.0
500.0
500.0
500.0
500.0
500.0
500.0
500.0
500.0
500.0
363.0
500.0
500.0
500.0
500.0
500.0
500.0
311.0
500.0
69.0
500.0
204.0
410.0
348.0
500.0
474.0
335.0
404.0
396.0
142.0
500.0
500.0
500.0
399.0
500.0
86.0
500.0
500.0
500.0
500.0
500.0
216.0
459.0
500.0
455.0
500.0
204.0
500.0
500.0
297.0
500.0
500.0
500.0
432.0
249.0
364.0
500.0
43.0
412.0
500.0
500.0
431.0
500.0
500.0
393.0
500.0
485.0
453.0
500.0
500.0
133.0
500.0
500.0
500.0
378.0
500.0
500.0
497.0
500.0
500.0
437.0
440.0
434.0
500.0
500.0
500.0
500.0
500.0
500.0
266.0
500.0
500.0
500.0
500.0
500.0
500.0
500.0
223.0
500.0
500.0
500.0
500.0
410.0
432.0
370.0
500.0
500.0
500.0
394.0
500.0
500.0
500.0
500.0
500.0
500.0
500.0
500.0
500.0
500.0
478.0
500.0
206.0
500.0
436.0
500.0
500.0
500.0
500.0
500.0
500.0
500.0
500.0
500.0
500.0
500.0
400.0
379.0
500.0
500.0
500.0
500.0
466.0
499.0
500.0
472.0
500.0
247.0
500.0
473.0
500.0
500.0
500.0
500.0
500.0
500.0
500.0
500.0
500.0
500.0
500.0
500.0
500.0
500.0
500.0
500.0
500.0
500.0
500.0
250.0
500.0
500.0
500.0
500.0
500.0
500.0
500.0
500.0
500.0
500.0
500.0
500.0
500.0
500.0
500.0
459.0
494.0
484.0
500.0
500.0
500.0
500.0
500.0
500.0
500.0
500.0
500.0
500.0
500.0
500.0
500.0
500.0
500.0
500.0
500.0
500.0
500.0
500.0
500.0
500.0
500.0
500.0
500.0
500.0
500.0
500.0
500.0
500.0
500.0
500.0
500.0
500.0
500.0
500.0
500.0
500.0
500.0
500.0
500.0
500.0
500.0
500.0
500.0
500.0
500.0
500.0
500.0
500.0
500.0
500.0
500.0
500.0
500.0
500.0
500.0
500.0
500.0
500.0
500.0
500.0
500.0
500.0
500.0
500.0
500.0
500.0
500.0
500.0
500.0
500.0
500.0
500.0
500.0
500.0
500.0
500.0
500.0
500.0
500.0
500.0
500.0
500.0
500.0
500.0
500.0
500.0
500.0
500.0
500.0
500.0
500.0
500.0
500.0
500.0
500.0
500.0
500.0
500.0
500.0
500.0
500.0
500.0
500.0
500.0
499.0
500.0
500.0
500.0
500.0
500.0
500.0
500.0
500.0
365.0
500.0
500.0
500.0
500.0
500.0
500.0
500.0
500.0
500.0
500.0
500.0
500.0
500.0
500.0
500.0
500.0
500.0
500.0
500.0
500.0
500.0
500.0
500.0
500.0
500.0
500.0
500.0
500.0
500.0
500.0
500.0
500.0
500.0
500.0
500.0
500.0
500.0
500.0
500.0
500.0
500.0
500.0
500.0
500.0
500.0
500.0
500.0
500.0
500.0
500.0
500.0
500.0
500.0
500.0
500.0
500.0
500.0
500.0
500.0
500.0
500.0
500.0
500.0
500.0
500.0
500.0
500.0
500.0
500.0
500.0
500.0
500.0
500.0
500.0
500.0
500.0
500.0
500.0
500.0
500.0
500.0
500.0
500.0
500.0
500.0
500.0
500.0
500.0
500.0
500.0
500.0
500.0
500.0
500.0
500.0
500.0
500.0
500.0
500.0
500.0
500.0
500.0
500.0
500.0
500.0
500.0
500.0
500.0
500.0
500.0
500.0
500.0
500.0
500.0
500.0
500.0
500.0
500.0
500.0
500.0
500.0
500.0
500.0
500.0
500.0
500.0
500.0
500.0
500.0
500.0
500.0
500.0
500.0
500.0
500.0
500.0
500.0
500.0
500.0
500.0
500.0
500.0
500.0
500.0
500.0
500.0
500.0
500.0
500.0
500.0
500.0
500.0
500.0
500.0
500.0
500.0
500.0
500.0
500.0
500.0
500.0
500.0
500.0
500.0
500.0
500.0
500.0
500.0
500.0
500.0
500.0
500.0
500.0
500.0
500.0
500.0
500.0
500.0
500.0
500.0
500.0
500.0
500.0
500.0
500.0
500.0
500.0
500.0
500.0
500.0
500.0
500.0
500.0
500.0
500.0
500.0
500.0
500.0
500.0
500.0
500.0
500.0
500.0
500.0
500.0
500.0
500.0
500.0
500.0
500.0
500.0
500.0
500.0
500.0
500.0
500.0
500.0
500.0
500.0
500.0
500.0
500.0
500.0
500.0
500.0
500.0
500.0
500.0
500.0
500.0
500.0
500.0
500.0
500.0
500.0
500.0
500.0
500.0
500.0
500.0
500.0
500.0
500.0
500.0
500.0
500.0
500.0
500.0
500.0
500.0
500.0
500.0
500.0
500.0
500.0
500.0
500.0
500.0
500.0
500.0
500.0
500.0
500.0
500.0
500.0
500.0
500.0
500.0
500.0
500.0
500.0
500.0
500.0
500.0
500.0
500.0
500.0
500.0
500.0
500.0
500.0
500.0
500.0
500.0
500.0
500.0
500.0
500.0
500.0
500.0
500.0
500.0
500.0
500.0
500.0
500.0
500.0
500.0
500.0
500.0
500.0
500.0
500.0
500.0
500.0
500.0
500.0
500.0
500.0
500.0
500.0
500.0
500.0
500.0
500.0
500.0
500.0
500.0
500.0
500.0
500.0
461.0
500.0
500.0
500.0
500.0
500.0
500.0
500.0
500.0
500.0
500.0
500.0
500.0
500.0
500.0
500.0
500.0
500.0
500.0
500.0
500.0
500.0
500.0
500.0
500.0
500.0
500.0
500.0
500.0
500.0
500.0
500.0
500.0
500.0
500.0
500.0
500.0
500.0
500.0
500.0
500.0
500.0
500.0
500.0
500.0
500.0
500.0
500.0
500.0
500.0
500.0
500.0
500.0
500.0
500.0
500.0
500.0
500.0
500.0
500.0
500.0
500.0
500.0
500.0
500.0
500.0
500.0
500.0
500.0
500.0
500.0
500.0
500.0
500.0
500.0
500.0
500.0
500.0
500.0
311.0
500.0
500.0
500.0
500.0
500.0
500.0
500.0
500.0
500.0
500.0
500.0
500.0
500.0
500.0
500.0
500.0
500.0
61.0
477.0
500.0
500.0
500.0
500.0
414.0
177.0
500.0
500.0
500.0
500.0
500.0
500.0
500.0
500.0
500.0
500.0
500.0
500.0
500.0
500.0
500.0
500.0
500.0
500.0
500.0
500.0
500.0
500.0
500.0
500.0
500.0
500.0
500.0
500.0
500.0
500.0
500.0
500.0
500.0
500.0
500.0
500.0
500.0
500.0
500.0
500.0
500.0
500.0
500.0
500.0
500.0
500.0
500.0
500.0
500.0
500.0
500.0
500.0
500.0
60.0
374.0
500.0
500.0
500.0
500.0
500.0
500.0
500.0
500.0
111.0
500.0
500.0
500.0
500.0
500.0
500.0
500.0
342.0
500.0
500.0
500.0
500.0
500.0
500.0
500.0
500.0
500.0
500.0
500.0
500.0
500.0
500.0
500.0
500.0
500.0
66.0
500.0
500.0
500.0
500.0
83.0
500.0
500.0
500.0
500.0
500.0
500.0
500.0
500.0
500.0
500.0
500.0
500.0
500.0
500.0
353.0
500.0
500.0
500.0
500.0
500.0
500.0
500.0
500.0
500.0
500.0
500.0
500.0
500.0
500.0
139.0
500.0
500.0
500.0
500.0
500.0
500.0
500.0
500.0
500.0
269.0
500.0
500.0
500.0
500.0
500.0
500.0
500.0
500.0
500.0
500.0
500.0
341.0
500.0
500.0
405.0
500.0
500.0
500.0
500.0
500.0
500.0
500.0
500.0
500.0
500.0
500.0
500.0
500.0
500.0
500.0
500.0
500.0
500.0
500.0
500.0
500.0
500.0
500.0
500.0
500.0
500.0
500.0
500.0
500.0
500.0
500.0
500.0
500.0
500.0
500.0
500.0
500.0
500.0
500.0
500.0
500.0
500.0
500.0
500.0
500.0
439.0
500.0
500.0
500.0
500.0
500.0
500.0
500.0
500.0
58.0
500.0
500.0
500.0
500.0
500.0
500.0
500.0
500.0
500.0
246.0
500.0
500.0
147.0
500.0
500.0
500.0
500.0
500.0
500.0
500.0
500.0
500.0
500.0
500.0
500.0
500.0
500.0
500.0
500.0
500.0
500.0
500.0
500.0
500.0
500.0
500.0
500.0
500.0
500.0
500.0
500.0
500.0
500.0
500.0
500.0
500.0
500.0
500.0
500.0
500.0
500.0
500.0
500.0
500.0
500.0
500.0
500.0
500.0
500.0
500.0
500.0
500.0
500.0
53.0
500.0
500.0
500.0
500.0
500.0
500.0
500.0
500.0
500.0
31.0
500.0
500.0
500.0
500.0
500.0
500.0
500.0
249.0
500.0
500.0
500.0
500.0
500.0
500.0
500.0
500.0
500.0
500.0
500.0
500.0
500.0
500.0
500.0
500.0
500.0
500.0
500.0
500.0
500.0
500.0
500.0
500.0
500.0
500.0
500.0
500.0
500.0
500.0
500.0
500.0
500.0
500.0
500.0
500.0
500.0
500.0
500.0
299.0
500.0
500.0
500.0
500.0
500.0
500.0
500.0
500.0
500.0
500.0
500.0
500.0
500.0
500.0
500.0
500.0
177.0
500.0
115.0
500.0
500.0
500.0
500.0
500.0
500.0
500.0
500.0
500.0
500.0
500.0
500.0
500.0
500.0
500.0
500.0
500.0
203.0
500.0
500.0
500.0
500.0
500.0
500.0
500.0
500.0
500.0
500.0
500.0
500.0
500.0
500.0
500.0
500.0
500.0
500.0
500.0
500.0
500.0
500.0
500.0
500.0
500.0
500.0
500.0
500.0
500.0
500.0
500.0
500.0
500.0
500.0
500.0
500.0
500.0
500.0
500.0
500.0
500.0
500.0
500.0
500.0
500.0
500.0
500.0
451.0
500.0
500.0
500.0
500.0
500.0
500.0
500.0
500.0
500.0
500.0
500.0
500.0
500.0
500.0
500.0
500.0
500.0
500.0
500.0
500.0
500.0
500.0
500.0
500.0
500.0
109.0
500.0
500.0
500.0
500.0
500.0
500.0
500.0
500.0
500.0
500.0
500.0
500.0
500.0
500.0
500.0
500.0
500.0
500.0
500.0
500.0
500.0
500.0
500.0
143.0
500.0
500.0
500.0
500.0
500.0
500.0
500.0
500.0
500.0
500.0
500.0
91.0
500.0
419.0
500.0
500.0
500.0
500.0
500.0
500.0
500.0
500.0
500.0
500.0
500.0
500.0
500.0
500.0
500.0
500.0
500.0
500.0
500.0
247.0
500.0
500.0
500.0
500.0
500.0
500.0
500.0
306.0
500.0
500.0
500.0
500.0
500.0
500.0
500.0
500.0
500.0
500.0
500.0
500.0
500.0
500.0
500.0
500.0
500.0
500.0
500.0
500.0
500.0
500.0
500.0
500.0
500.0
500.0
500.0
500.0
500.0
500.0
500.0
500.0
500.0
500.0
500.0
153.0
500.0
500.0
500.0
500.0
500.0
500.0
500.0
500.0
500.0
500.0
500.0
500.0
500.0
500.0
399.0
500.0
500.0
500.0
500.0
500.0
500.0
241.0
500.0
500.0
500.0
500.0
500.0
500.0
500.0
500.0
500.0
500.0
500.0
468.0
500.0
500.0
500.0
500.0
500.0
500.0
500.0
500.0
500.0
500.0
500.0
500.0
79.0
500.0
500.0
500.0
500.0
500.0
500.0
500.0
500.0
339.0
500.0
500.0
500.0
500.0
500.0
500.0
500.0
500.0
500.0
500.0
500.0
500.0
500.0
500.0
500.0
500.0
500.0
500.0
500.0
500.0
500.0
500.0
500.0
500.0
500.0
439.0
500.0
500.0
500.0
500.0
500.0
500.0
500.0
500.0
500.0
500.0
500.0
500.0
500.0
500.0
500.0
500.0
500.0
500.0
500.0
500.0
500.0
500.0
500.0
500.0
500.0
500.0
500.0
500.0
500.0
205.0
500.0
500.0
500.0
500.0
500.0
500.0
500.0
500.0
500.0
500.0
500.0
500.0
500.0
500.0
500.0
500.0
500.0
500.0
500.0
500.0
500.0
500.0
500.0
500.0
500.0
500.0
500.0
500.0
500.0
500.0
500.0
500.0
500.0
500.0
500.0
500.0
500.0
500.0
500.0
500.0
500.0
500.0
500.0
500.0
500.0
500.0
500.0
500.0
500.0
500.0
500.0
500.0
500.0
500.0
500.0
500.0
500.0
500.0
500.0
500.0
500.0
500.0
500.0
500.0
500.0
500.0
500.0
500.0
500.0
500.0
500.0
101.0
500.0
500.0
500.0
500.0
500.0
500.0
500.0
500.0
500.0
500.0
500.0
500.0
500.0
405.0
500.0
203.0
500.0
500.0
500.0
500.0
500.0
500.0
500.0
500.0
500.0
500.0
500.0
306.0
500.0
500.0
500.0
500.0
500.0
500.0
500.0
500.0
500.0
500.0
500.0
500.0
500.0
500.0
500.0
500.0
500.0
500.0
500.0
500.0
500.0
500.0
500.0
500.0
500.0
500.0
500.0
500.0
500.0
500.0
500.0
500.0
500.0
500.0
500.0
500.0
500.0
500.0
500.0
500.0
500.0
500.0
500.0
500.0
500.0
500.0
500.0
500.0
500.0
500.0
500.0
500.0
500.0
500.0
500.0
500.0
500.0
500.0
500.0
500.0
500.0
500.0
500.0
500.0
500.0
500.0
500.0
500.0
500.0
500.0
500.0
500.0
500.0
500.0
500.0
500.0
500.0
500.0
500.0
500.0
500.0
500.0
500.0
500.0
500.0
500.0
500.0
500.0
500.0
500.0
500.0
500.0
500.0
500.0
500.0
500.0
500.0
491.0
500.0
500.0
500.0
500.0
500.0
500.0
500.0
500.0
500.0
500.0
500.0
500.0
500.0
500.0
500.0
500.0
500.0
500.0
500.0
500.0
500.0
500.0
500.0
500.0
500.0
500.0
500.0
500.0
500.0
500.0
500.0
500.0
500.0
500.0
500.0
500.0
500.0
500.0
500.0
500.0
500.0
500.0
500.0
500.0
500.0
500.0
500.0
500.0
500.0
500.0
500.0
500.0
500.0
500.0
500.0
500.0
500.0
500.0
500.0
500.0
500.0
500.0
500.0
105.0
500.0
500.0
500.0
500.0
500.0
500.0
500.0
500.0
500.0
500.0
500.0
500.0
500.0
500.0
500.0
500.0
500.0
500.0
193.0
500.0
500.0
500.0
500.0
500.0
500.0
500.0
500.0
500.0
500.0
500.0
500.0
500.0
500.0
500.0
500.0
500.0
500.0
500.0
500.0
500.0
500.0
500.0
500.0
500.0
500.0
500.0
500.0
500.0
500.0
500.0
500.0
500.0
500.0
500.0
500.0
500.0
500.0
500.0
500.0
500.0
500.0
500.0
500.0
500.0
500.0
500.0
201.0
500.0
500.0
500.0
500.0
500.0
500.0
500.0
500.0
500.0
500.0
500.0
500.0
500.0
500.0
500.0
500.0
500.0
500.0
500.0
500.0
500.0
500.0
500.0
500.0
159.0
500.0
500.0
342.0
500.0
500.0
500.0
500.0
500.0
500.0
500.0
500.0
500.0
500.0
500.0
500.0
500.0
500.0
500.0
500.0
500.0
500.0
500.0
500.0
500.0
500.0
231.0
500.0
500.0
500.0
500.0
500.0
500.0
500.0
500.0
500.0
500.0
500.0
500.0
500.0
500.0
500.0
500.0
500.0
500.0
500.0
500.0
500.0
500.0
500.0
321.0
500.0
500.0
500.0
500.0
500.0
500.0
500.0
500.0
500.0
500.0
500.0
500.0
500.0
500.0
500.0
500.0
500.0
500.0
500.0
500.0
500.0
500.0
500.0
500.0
500.0
500.0
174.0
500.0
500.0
500.0
500.0
500.0
500.0
500.0
500.0
500.0
500.0
500.0
500.0
500.0
500.0
500.0
500.0
500.0
500.0
500.0
500.0
500.0
500.0
500.0
500.0
500.0
500.0
500.0
500.0
500.0
500.0
500.0
500.0
500.0
500.0
500.0
500.0
149.0
500.0
500.0
500.0
500.0
500.0
500.0
500.0
500.0
500.0
500.0
500.0
500.0
500.0
69.0
500.0
500.0
289.0
500.0
500.0
500.0
500.0
500.0
500.0
500.0
500.0
500.0
500.0
500.0
500.0
500.0
500.0
500.0
500.0
500.0
500.0
500.0
500.0
500.0
500.0
500.0
500.0
500.0
500.0
500.0
103.0
500.0
500.0
500.0
500.0
500.0
500.0
500.0
500.0
500.0
500.0
500.0
500.0
500.0
500.0
500.0
500.0
500.0
500.0
500.0
500.0
500.0
500.0
500.0
500.0
500.0
500.0
500.0
500.0
500.0
500.0
500.0
500.0
500.0
500.0
500.0
500.0
500.0
500.0
500.0
500.0
500.0
500.0
500.0
500.0
500.0
500.0
500.0
500.0
500.0
500.0
500.0
500.0
500.0
500.0
500.0
500.0
500.0
500.0
500.0
500.0
500.0
500.0
500.0
99.0
500.0
457.0
500.0
500.0
500.0
159.0
500.0
500.0
500.0
500.0
500.0
500.0
500.0
500.0
500.0
500.0
500.0
500.0
500.0
500.0
500.0
500.0
500.0
500.0
500.0
500.0
500.0
500.0
500.0
500.0
500.0
500.0
500.0
500.0
500.0
500.0
500.0
500.0
500.0
500.0
500.0
500.0
500.0
500.0
500.0
500.0
500.0
500.0
500.0
500.0
500.0
500.0
500.0
500.0
500.0
500.0
500.0
500.0
500.0
500.0
500.0
500.0
500.0
500.0
500.0
500.0
500.0
500.0
500.0
500.0
500.0
500.0
500.0
500.0
500.0
500.0
500.0
500.0
500.0
500.0
500.0
500.0
500.0
500.0
500.0
500.0
117.0
500.0
500.0
500.0
500.0
161.0
500.0
500.0
500.0
500.0
176.0
500.0
145.0
500.0
500.0
500.0
500.0
500.0
500.0
500.0
349.0
500.0
211.0
484.0
500.0
500.0
117.0
18.0
500.0
500.0
500.0
500.0
500.0
500.0
151.0
500.0
20.0
99.0
500.0
103.0
149.0
500.0
209.0
81.0
162.0
116.0
500.0
500.0
359.0
500.0
500.0
362.0
500.0
326.0
500.0
500.0
205.0
78.0
500.0
500.0
485.0
203.0
97.0
318.0
122.0
500.0
500.0
500.0
282.0
321.0
500.0
194.0
500.0
500.0
490.0
231.0
251.0
500.0
500.0
500.0
500.0
500.0
74.0
500.0
500.0
397.0
125.0
464.0
76.0
96.0
237.0
500.0
500.0
500.0
197.0
500.0
500.0
314.0
500.0
500.0
223.0
500.0
500.0
253.0
500.0
500.0
87.0
105.0
500.0
500.0
123.0
169.0
500.0
500.0
500.0
500.0
221.0
500.0
102.0
500.0
158.0
500.0
500.0
500.0
500.0
500.0
500.0
500.0
500.0
500.0
500.0
500.0
500.0
500.0
500.0
500.0
500.0
500.0
500.0
500.0
500.0
500.0
500.0
500.0
500.0
500.0
500.0
500.0
500.0
500.0
500.0
500.0
500.0
500.0
500.0
500.0
500.0
500.0
500.0
500.0
500.0
500.0
500.0
500.0
500.0
500.0
500.0
500.0
500.0
500.0
500.0
500.0
500.0
500.0
500.0
500.0
500.0
500.0
500.0
500.0
500.0
500.0
500.0
500.0
500.0
500.0
500.0
500.0
500.0
500.0
500.0
500.0
500.0
500.0
500.0
500.0
500.0
500.0
500.0
500.0
500.0
500.0
500.0
500.0
500.0
500.0
500.0
500.0
500.0
500.0
500.0
500.0
500.0
500.0
500.0
500.0
500.0
500.0
500.0
500.0
500.0
500.0
500.0
500.0
500.0
500.0
500.0
500.0
500.0
500.0
500.0
500.0
500.0
500.0
500.0
500.0
500.0
500.0
500.0
500.0
500.0
500.0
500.0
500.0
500.0
500.0
500.0
500.0
500.0
500.0
500.0
500.0
500.0
500.0
500.0
500.0
500.0
500.0
500.0
500.0
500.0
500.0
500.0
500.0
500.0
500.0
500.0
500.0
500.0
500.0
500.0
500.0
500.0
500.0
500.0
500.0
500.0
500.0
500.0
500.0
500.0
500.0
183.0
500.0
500.0
500.0
500.0
500.0
500.0
500.0
500.0
500.0
500.0
500.0
500.0
500.0
500.0
500.0
500.0
500.0
500.0
500.0
500.0
500.0
500.0
500.0
500.0
500.0
500.0
500.0
500.0
500.0
500.0
500.0
500.0
500.0
500.0
500.0
500.0
500.0
500.0
500.0
500.0
500.0
500.0
500.0
500.0
500.0
500.0
500.0
500.0
500.0
500.0
500.0
500.0
500.0
500.0
500.0
500.0
500.0
500.0
500.0
500.0
500.0
500.0
500.0
500.0
500.0
500.0
500.0
500.0
500.0
500.0
500.0
500.0
500.0
500.0
500.0
500.0
500.0
500.0
500.0
500.0
500.0
500.0
500.0
500.0
500.0
223.0
500.0
500.0
500.0
500.0
500.0
500.0
500.0
500.0
500.0
500.0
500.0
500.0
500.0
500.0
500.0
500.0
500.0
500.0
500.0
500.0
500.0
500.0
500.0
500.0
500.0
500.0
500.0
500.0
500.0
500.0
500.0
500.0
500.0
500.0
500.0
500.0
500.0
500.0
500.0
500.0
500.0
500.0
500.0
500.0
500.0
500.0
500.0
500.0
500.0
500.0
500.0
500.0
500.0
500.0
500.0
500.0
500.0
500.0
500.0
500.0
500.0
500.0
500.0
500.0
500.0
500.0
500.0
500.0
500.0
500.0
500.0
500.0
500.0
500.0
500.0
500.0
500.0
500.0
500.0
500.0
500.0
500.0
500.0
500.0
500.0
500.0
500.0
500.0
500.0
500.0
500.0
500.0
500.0
500.0
500.0
500.0
500.0
500.0
500.0
500.0
500.0
500.0
500.0
500.0
500.0
500.0
500.0
500.0
500.0
500.0
500.0
500.0
500.0
500.0
500.0
500.0
500.0
500.0
500.0
500.0
500.0
500.0
500.0
500.0
500.0
500.0
500.0
500.0
500.0
500.0
500.0
500.0
500.0
500.0
500.0
500.0
500.0
500.0
500.0
500.0
500.0
500.0
500.0
500.0
500.0
500.0
500.0
500.0
500.0
500.0
500.0
500.0
500.0
500.0
500.0
500.0
500.0
500.0
500.0
500.0
500.0
500.0
500.0
500.0
500.0
500.0
500.0
500.0
500.0
500.0
500.0
500.0
500.0
500.0
500.0
500.0
500.0
500.0
500.0
354.0
500.0
500.0
500.0
500.0
500.0
500.0
500.0
500.0
500.0
500.0
500.0
500.0
500.0
500.0
500.0
500.0
500.0
500.0
500.0
500.0
500.0
500.0
500.0
500.0
500.0
500.0
500.0
500.0
500.0
500.0
500.0
500.0
500.0
500.0
391.0
500.0
225.0
500.0
500.0
500.0
500.0
500.0
500.0
500.0
500.0
500.0
500.0
500.0
500.0
500.0
500.0
500.0
500.0
500.0
500.0
500.0
500.0
500.0
500.0
500.0
500.0
500.0
500.0
500.0
500.0
500.0
500.0
500.0
500.0
500.0
500.0
500.0
500.0
500.0
500.0
500.0
500.0
500.0
500.0
404.0
500.0
500.0
500.0
500.0
500.0
500.0
500.0
500.0
500.0
500.0
500.0
500.0
500.0
500.0
500.0
500.0
500.0
500.0
500.0
500.0
500.0
500.0
500.0
500.0
500.0
500.0
500.0
500.0
500.0
500.0
500.0
500.0
500.0
276.0
500.0
500.0
500.0
500.0
500.0
500.0
500.0
500.0
500.0
500.0
500.0
500.0
500.0
500.0
500.0
500.0
500.0
500.0
500.0
500.0
500.0
500.0
500.0
500.0
500.0
500.0
500.0
500.0
451.0
500.0
500.0
500.0
500.0
500.0
500.0
500.0
500.0
500.0
500.0
500.0
500.0
500.0
500.0
500.0
500.0
500.0
500.0
500.0
500.0
500.0
500.0
500.0
500.0
500.0
500.0
500.0
500.0
500.0
500.0
500.0
500.0
500.0
500.0
500.0
500.0
500.0
500.0
500.0
500.0
500.0
500.0
500.0
500.0
500.0
500.0
500.0
500.0
500.0
500.0
500.0
500.0
500.0
500.0
500.0
500.0
500.0
500.0
500.0
500.0
500.0
500.0
500.0
500.0
500.0
500.0
500.0
500.0
500.0
500.0
500.0
500.0
500.0
500.0
500.0
500.0
500.0
500.0
500.0
500.0
500.0
500.0
500.0
500.0
500.0
500.0
500.0
500.0
500.0
500.0
500.0
500.0
500.0
500.0
500.0
500.0
500.0
500.0
500.0
500.0
500.0
500.0
500.0
500.0
500.0
500.0
500.0
500.0
500.0
500.0
500.0
500.0
500.0
500.0
500.0
500.0
500.0
500.0
500.0
500.0
500.0
500.0
500.0
500.0
500.0
500.0
500.0
500.0
500.0
500.0
500.0
500.0
500.0
500.0
500.0
500.0
500.0
500.0
500.0
500.0
500.0
500.0
500.0
500.0
500.0
500.0
500.0
500.0
500.0
500.0
500.0
500.0
500.0
500.0
500.0
500.0
500.0
500.0
500.0
500.0
500.0
500.0
500.0
500.0
500.0
500.0
500.0
500.0
500.0
500.0
500.0
500.0
500.0
500.0
500.0
500.0
500.0
500.0
500.0
500.0
500.0
500.0
500.0
500.0
500.0
500.0
500.0
500.0
500.0
500.0
500.0
500.0
500.0
500.0
500.0
500.0
500.0
500.0
500.0
500.0
500.0
500.0
500.0
500.0
500.0
500.0
500.0
500.0
500.0
500.0
500.0
500.0
500.0
500.0
500.0
500.0
500.0
500.0
500.0
500.0
500.0
500.0
500.0
500.0
500.0
500.0
500.0
500.0
500.0
500.0
500.0
500.0
500.0
500.0
500.0
500.0
500.0
500.0
500.0
500.0
500.0
500.0
500.0
500.0
500.0
500.0
500.0
500.0
500.0
500.0
500.0
500.0
500.0
500.0
500.0
500.0
500.0
500.0
500.0
500.0
500.0
500.0
500.0
500.0
500.0
500.0
500.0
500.0
500.0
500.0
500.0
500.0
500.0
500.0
500.0
500.0
500.0
500.0
500.0
500.0
500.0
500.0
500.0
500.0
500.0
500.0
500.0
500.0
500.0
500.0
500.0
69.0
500.0
500.0
500.0
500.0
500.0
500.0
500.0
500.0
500.0
500.0
500.0
500.0
500.0
500.0
500.0
500.0
500.0
500.0
500.0
500.0
500.0
500.0
500.0
500.0
500.0
500.0
500.0
500.0
500.0
500.0
500.0
500.0
500.0
500.0
500.0
500.0
500.0
500.0
500.0
500.0
500.0
500.0
500.0
500.0
500.0
500.0
500.0
500.0
500.0
500.0
500.0
500.0
500.0
500.0
500.0
500.0
500.0
500.0
500.0
500.0
500.0
500.0
500.0
500.0
500.0
500.0
500.0
500.0
500.0
500.0
500.0
500.0
500.0
500.0
500.0
500.0
500.0
500.0
500.0
500.0
500.0
500.0
500.0
500.0
500.0
500.0
500.0
500.0
500.0
500.0
500.0
500.0
500.0
500.0
500.0
500.0
500.0
500.0
500.0
500.0
500.0
500.0
500.0
500.0
500.0
500.0
500.0
500.0
500.0
500.0
500.0
500.0
500.0
500.0
500.0
500.0
500.0
500.0
500.0
500.0
500.0
500.0
500.0
500.0
500.0
500.0
500.0
500.0
500.0
500.0
500.0
500.0
500.0
500.0
500.0
500.0
500.0
500.0
500.0
500.0
500.0
500.0
500.0
500.0
500.0
500.0
500.0
500.0
500.0
500.0
500.0
500.0
500.0
500.0
500.0
500.0
500.0
500.0
500.0
500.0
500.0
500.0
500.0
500.0
500.0
500.0
500.0
500.0
500.0
500.0
500.0
500.0
500.0
500.0
500.0
500.0
500.0
500.0
500.0
500.0
500.0
500.0
500.0
500.0
500.0
500.0
500.0
500.0
500.0
500.0
500.0
500.0
500.0
500.0
500.0
500.0
500.0
500.0
500.0
500.0
500.0
500.0
500.0
500.0
500.0
500.0
500.0
500.0
500.0
500.0
500.0
500.0
500.0
500.0
500.0
500.0
500.0
500.0
500.0
500.0
500.0
500.0
500.0
500.0
500.0
500.0
500.0
500.0
500.0
500.0
500.0
500.0
500.0
500.0
500.0
500.0
500.0
500.0
500.0
500.0
500.0
500.0
500.0
500.0
500.0
500.0
500.0
500.0
500.0
500.0
500.0
500.0
500.0
500.0
500.0
500.0
500.0
500.0
500.0
500.0
500.0
500.0
500.0
500.0
500.0
500.0
500.0
500.0
500.0
500.0
500.0
500.0
500.0
500.0
500.0
500.0
500.0
500.0
500.0
500.0
500.0
500.0
500.0
500.0
500.0
500.0
500.0
500.0
500.0
500.0
500.0
500.0
500.0
500.0
500.0
500.0
500.0
500.0
500.0
500.0
500.0
500.0
500.0
500.0
500.0
500.0
500.0
500.0
500.0
500.0
500.0
500.0
500.0
500.0
500.0
500.0
500.0
500.0
500.0
500.0
500.0
500.0
500.0
500.0
500.0
500.0
500.0
500.0
500.0
500.0
500.0
500.0
500.0
500.0
500.0
500.0
500.0
500.0
500.0
500.0
500.0
500.0
500.0
500.0
500.0
500.0
500.0
500.0
500.0
500.0
500.0
500.0
500.0
500.0
500.0
500.0
500.0
500.0
500.0
500.0
500.0
500.0
500.0
500.0
500.0
500.0
500.0
500.0
500.0
500.0
500.0
500.0
500.0
500.0
500.0
500.0
500.0
500.0
500.0
500.0
500.0
500.0
500.0
500.0
500.0
500.0
500.0
500.0
500.0
500.0
500.0
500.0
500.0
500.0
500.0
500.0
500.0
500.0
500.0
500.0
500.0
500.0
500.0
500.0
500.0
500.0
500.0
500.0
500.0
500.0
500.0
500.0
500.0
500.0
500.0
500.0
500.0
500.0
500.0
500.0
500.0
500.0
500.0
500.0
500.0
500.0
500.0
500.0
500.0
500.0
500.0
500.0
500.0
500.0
500.0
500.0
500.0
500.0
500.0
500.0
500.0
500.0
500.0
500.0
500.0
500.0
500.0
500.0
500.0
500.0
500.0
500.0
500.0
500.0
500.0
500.0
500.0
500.0
500.0
500.0
500.0
500.0
500.0
500.0
500.0
500.0
500.0
500.0
500.0
500.0
500.0
500.0
500.0
500.0
500.0
500.0
500.0
500.0
500.0
500.0
500.0
500.0
500.0
500.0
500.0
500.0
500.0
500.0
500.0
500.0
500.0
500.0
500.0
500.0
500.0
500.0
500.0
500.0
500.0
500.0
500.0
500.0
500.0
500.0
500.0
500.0
500.0
500.0
500.0
500.0
500.0
500.0
500.0
500.0
500.0
125.0
500.0
125.0
500.0
48.0
20.0
90.0
43.0
19.0
19.0
146.0
254.0
31.0
500.0
500.0
297.0
191.0
500.0
500.0
452.0
500.0
500.0
500.0
377.0
500.0
314.0
15.0
500.0
500.0
500.0
500.0
351.0
321.0
500.0
500.0
104.0
500.0
500.0
500.0
500.0
500.0
500.0
500.0
500.0
79.0
500.0
500.0
500.0
500.0
500.0
500.0
500.0
500.0
500.0
500.0
500.0
500.0
500.0
208.0
500.0
500.0
500.0
500.0
500.0
18.0
500.0
500.0
500.0
252.0
500.0
500.0
500.0
500.0
500.0
500.0
500.0
500.0
500.0
500.0
500.0
500.0
500.0
500.0
500.0
500.0
500.0
500.0
69.0
13.0
500.0
500.0
87.0
47.0
500.0
500.0
500.0
500.0
500.0
67.0
500.0
91.0
500.0
500.0
500.0
61.0
20.0
500.0
85.0
464.0
500.0
500.0
500.0
78.0
65.0
500.0
10.0
500.0
500.0
500.0
45.0
500.0
500.0
110.0
500.0
500.0
500.0
194.0
500.0
500.0
32.0
500.0
500.0
500.0
16.0
306.0
144.0
245.0
44.0
55.0
42.0
101.0
500.0
500.0
500.0
28.0
304.0
36.0
66.0
10.0
500.0
500.0
500.0
22.0
45.0
40.0
500.0
130.0
34.0
500.0
60.0
69.0
72.0
220.0
500.0
500.0
500.0
38.0
500.0
30.0
500.0
500.0
54.0
138.0
128.0
98.0
60.0
34.0
77.0
500.0
150.0
47.0
100.0
82.0
337.0
250.0
500.0
183.0
127.0
77.0
500.0
137.0
446.0
66.0
38.0
500.0
44.0
234.0
131.0
128.0
132.0
79.0
23.0
23.0
500.0
500.0
215.0
44.0
421.0
23.0
54.0
500.0
500.0
500.0
500.0
500.0
500.0
104.0
173.0
17.0
76.0
48.0
500.0
500.0
393.0
177.0
500.0
11.0
500.0
500.0
49.0
500.0
474.0
156.0
500.0
500.0
45.0
490.0
185.0
16.0
33.0
62.0
83.0
130.0
39.0
217.0
500.0
68.0
500.0
121.0
175.0
95.0
500.0
29.0
500.0
12.0
13.0
132.0
500.0
19.0
500.0
500.0
51.0
159.0
395.0
500.0
128.0
23.0
226.0
500.0
500.0
500.0
500.0
500.0
47.0
191.0
57.0
11.0
500.0
44.0
500.0
500.0
20.0
500.0
500.0
18.0
171.0
500.0
27.0
39.0
62.0
500.0
43.0
81.0
500.0
362.0
88.0
69.0
34.0
75.0
152.0
500.0
500.0
15.0
11.0
500.0
53.0
500.0
39.0
57.0
34.0
500.0
103.0
500.0
500.0
26.0
500.0
185.0
251.0
500.0
24.0
63.0
206.0
500.0
11.0
15.0
223.0
149.0
500.0
131.0
95.0
77.0
500.0
500.0
32.0
500.0
500.0
323.0
500.0
15.0
220.0
92.0
500.0
500.0
88.0
500.0
500.0
500.0
500.0
176.0
68.0
49.0
23.0
500.0
17.0
500.0
500.0
18.0
303.0
39.0
500.0
30.0
29.0
500.0
126.0
13.0
241.0
500.0
414.0
500.0
500.0
500.0
11.0
69.0
500.0
64.0
500.0
500.0
38.0
63.0
11.0
52.0
500.0
108.0
81.0
500.0
103.0
500.0
192.0
24.0
500.0
15.0
500.0
22.0
36.0
500.0
500.0
18.0
17.0
500.0
500.0
500.0
500.0
24.0
500.0
27.0
500.0
399.0
500.0
287.0
82.0
24.0
500.0
26.0
500.0
500.0
209.0
66.0
32.0
500.0
23.0
44.0
75.0
500.0
500.0
20.0
12.0
152.0
53.0
118.0
75.0
34.0
500.0
500.0
500.0
138.0
134.0
40.0
94.0
34.0
500.0
38.0
500.0
70.0
41.0
500.0
500.0
202.0
10.0
140.0
95.0
42.0
500.0
20.0
18.0
500.0
22.0
187.0
18.0
500.0
14.0
10.0
11.0
13.0
500.0
220.0
118.0
500.0
123.0
500.0
500.0
109.0
25.0
24.0
36.0
500.0
500.0
218.0
257.0
304.0
137.0
500.0
130.0
258.0
500.0
65.0
10.0
500.0
34.0
500.0
13.0
119.0
500.0
34.0
500.0
38.0
500.0
500.0
500.0
500.0
21.0
500.0
85.0
500.0
41.0
500.0
82.0
500.0
122.0
123.0
500.0
91.0
186.0
68.0
14.0
500.0
500.0
17.0
10.0
36.0
25.0
358.0
40.0
10.0
148.0
29.0
316.0
500.0
33.0
500.0
48.0
82.0
500.0
300.0
500.0
20.0
30.0
144.0
72.0
500.0
89.0
500.0
500.0
500.0
126.0
500.0
500.0
200.0
11.0
100.0
142.0
500.0
136.0
500.0
500.0
500.0
500.0
500.0
203.0
500.0
228.0
153.0
500.0
34.0
93.0
10.0
246.0
51.0
44.0
500.0
172.0
500.0
500.0
41.0
101.0
66.0
188.0
26.0
500.0
254.0
500.0
500.0
64.0
32.0
93.0
192.0
134.0
500.0
60.0
36.0
89.0
74.0
220.0
500.0
75.0
274.0
389.0
10.0
10.0
500.0
10.0
500.0
70.0
10.0
500.0
500.0
11.0
500.0
433.0
10.0
74.0
20.0
500.0
12.0
171.0
500.0
39.0
125.0
500.0
500.0
500.0
262.0
500.0
68.0
500.0
500.0
500.0
500.0
11.0
89.0
500.0
256.0
28.0
75.0
108.0
500.0
500.0
224.0
500.0
500.0
35.0
237.0
500.0
124.0
500.0
14.0
500.0
500.0
51.0
31.0
500.0
500.0
171.0
48.0
96.0
500.0
208.0
219.0
208.0
500.0
500.0
500.0
500.0
112.0
500.0
500.0
500.0
500.0
58.0
500.0
92.0
11.0
91.0
500.0
92.0
500.0
190.0
500.0
500.0
148.0
41.0
12.0
171.0
239.0
17.0
500.0
500.0
32.0
500.0
500.0
500.0
500.0
500.0
500.0
500.0
500.0
111.0
500.0
34.0
445.0
500.0
500.0
500.0
500.0
32.0
12.0
217.0
16.0
500.0
500.0
500.0
500.0
26.0
500.0
500.0
500.0
500.0
500.0
500.0
500.0
500.0
500.0
500.0
500.0
18.0
500.0
500.0
500.0
500.0
500.0
500.0
500.0
500.0
500.0
500.0
500.0
500.0
500.0
24.0
500.0
500.0
18.0
500.0
500.0
500.0
69.0
500.0
500.0
500.0
500.0
154.0
41.0
500.0
500.0
500.0
500.0
500.0
500.0
500.0
500.0
500.0
500.0
500.0
500.0
500.0
500.0
500.0
500.0
500.0
500.0
500.0
500.0
500.0
500.0
500.0
500.0
48.0
500.0
500.0
54.0
500.0
500.0
500.0
500.0
500.0
500.0
500.0
500.0
500.0
500.0
500.0
500.0
500.0
500.0
500.0
500.0
500.0
500.0
500.0
500.0
500.0
500.0
500.0
500.0
500.0
500.0
359.0
500.0
132.0
500.0
199.0
224.0
242.0
278.0
333.0
288.0
208.0
184.0
144.0
356.0
280.0
326.0
500.0
500.0
220.0
356.0
285.0
232.0
500.0
207.0
500.0
500.0
266.0
500.0
227.0
436.0
500.0
500.0
473.0
500.0
397.0
500.0
500.0
289.0
500.0
92.0
185.0
500.0
279.0
245.0
198.0
302.0
255.0
247.0
500.0
366.0
337.0
476.0
345.0
500.0
265.0
307.0
309.0
322.0
308.0
316.0
442.0
232.0
227.0
217.0
331.0
206.0
282.0
231.0
193.0
185.0
428.0
217.0
223.0
197.0
344.0
326.0
229.0
148.0
265.0
224.0
500.0
331.0
291.0
262.0
138.0
416.0
339.0
224.0
146.0
280.0
276.0
254.0
171.0
264.0
290.0
168.0
236.0
223.0
212.0
241.0
281.0
203.0
203.0
275.0
157.0
264.0
213.0
123.0
321.0
223.0
191.0
229.0
210.0
308.0
205.0
314.0
312.0
249.0
257.0
257.0
217.0
186.0
162.0
358.0
192.0
182.0
282.0
213.0
213.0
339.0
134.0
107.0
173.0
115.0
234.0
290.0
42.0
263.0
238.0
321.0
341.0
181.0
236.0
248.0
111.0
206.0
223.0
171.0
225.0
232.0
149.0
241.0
291.0
210.0
121.0
222.0
189.0
175.0
156.0
206.0
193.0
234.0
166.0
209.0
251.0
259.0
235.0
238.0
241.0
204.0
245.0
238.0
269.0
225.0
224.0
218.0
225.0
205.0
330.0
295.0
215.0
203.0
144.0
210.0
314.0
323.0
192.0
294.0
301.0
314.0
255.0
211.0
285.0
227.0
197.0
192.0
211.0
347.0
193.0
315.0
198.0
215.0
203.0
161.0
211.0
350.0
309.0
212.0
229.0
260.0
301.0
201.0
301.0
201.0
248.0
271.0
306.0
220.0
215.0
203.0
72.0
230.0
226.0
223.0
273.0
186.0
186.0
203.0
180.0
69.0
196.0
235.0
223.0
304.0
263.0
341.0
200.0
201.0
269.0
227.0
291.0
226.0
416.0
251.0
301.0
354.0
321.0
226.0
384.0
180.0
271.0
153.0
249.0
178.0
191.0
260.0
179.0
190.0
217.0
191.0
251.0
177.0
178.0
203.0
187.0
251.0
128.0
358.0
263.0
257.0
199.0
282.0
223.0
340.0
148.0
180.0
284.0
184.0
160.0
149.0
183.0
340.0
266.0
290.0
248.0
215.0
266.0
156.0
273.0
235.0
352.0
321.0
161.0
294.0
264.0
207.0
213.0
177.0
211.0
261.0
203.0
305.0
218.0
273.0
201.0
249.0
185.0
260.0
200.0
243.0
250.0
276.0
221.0
293.0
211.0
228.0
207.0
294.0
278.0
182.0
191.0
295.0
205.0
251.0
293.0
205.0
207.0
235.0
212.0
214.0
203.0
262.0
197.0
278.0
199.0
295.0
237.0
92.0
187.0
265.0
56.0
196.0
206.0
50.0
82.0
147.0
217.0
271.0
153.0
275.0
270.0
173.0
195.0
250.0
191.0
201.0
244.0
213.0
203.0
447.0
500.0
500.0
266.0
242.0
241.0
202.0
166.0
278.0
289.0
305.0
227.0
155.0
205.0
223.0
201.0
233.0
247.0
253.0
215.0
194.0
201.0
225.0
269.0
305.0
207.0
306.0
199.0
185.0
242.0
282.0
298.0
232.0
279.0
203.0
204.0
250.0
165.0
214.0
235.0
276.0
295.0
161.0
237.0
245.0
215.0
187.0
293.0
192.0
286.0
321.0
247.0
155.0
201.0
229.0
296.0
253.0
373.0
219.0
220.0
199.0
213.0
212.0
217.0
304.0
257.0
234.0
161.0
208.0
269.0
187.0
176.0
281.0
169.0
169.0
342.0
267.0
156.0
202.0
91.0
176.0
164.0
178.0
248.0
167.0
352.0
330.0
211.0
204.0
153.0
168.0
190.0
253.0
246.0
180.0
211.0
500.0
178.0
424.0
208.0
159.0
177.0
233.0
174.0
246.0
248.0
250.0
292.0
391.0
220.0
152.0
423.0
247.0
176.0
228.0
154.0
280.0
200.0
259.0
222.0
226.0
188.0
213.0
312.0
260.0
203.0
159.0
500.0
245.0
212.0
337.0
257.0
247.0
217.0
303.0
240.0
232.0
252.0
245.0
250.0
221.0
309.0
201.0
175.0
314.0
214.0
187.0
299.0
160.0
225.0
249.0
238.0
263.0
243.0
191.0
293.0
171.0
265.0
194.0
199.0
174.0
244.0
422.0
237.0
204.0
193.0
255.0
255.0
202.0
234.0
212.0
198.0
241.0
209.0
330.0
423.0
255.0
185.0
231.0
205.0
43.0
325.0
332.0
269.0
225.0
187.0
158.0
275.0
239.0
169.0
244.0
285.0
293.0
146.0
333.0
181.0
202.0
93.0
245.0
129.0
185.0
175.0
246.0
207.0
349.0
318.0
283.0
209.0
169.0
187.0
316.0
218.0
342.0
282.0
211.0
187.0
290.0
258.0
208.0
345.0
259.0
212.0
207.0
180.0
201.0
132.0
220.0
217.0
199.0
190.0
150.0
251.0
125.0
210.0
242.0
226.0
93.0
181.0
91.0
110.0
327.0
311.0
146.0
390.0
265.0
246.0
251.0
211.0
170.0
294.0
188.0
193.0
187.0
309.0
326.0
246.0
233.0
500.0
254.0
347.0
211.0
194.0
104.0
491.0
500.0
369.0
258.0
91.0
324.0
292.0
268.0
296.0
313.0
404.0
262.0
263.0
196.0
286.0
221.0
211.0
190.0
206.0
391.0
174.0
381.0
280.0
203.0
337.0
116.0
168.0
309.0
272.0
259.0
339.0
187.0
115.0
354.0
154.0
276.0
105.0
332.0
180.0
245.0
273.0
263.0
264.0
322.0
260.0
253.0
168.0
240.0
236.0
380.0
297.0
371.0
366.0
351.0
453.0
283.0
304.0
267.0
500.0
328.0
345.0
197.0
210.0
396.0
248.0
441.0
233.0
261.0
410.0
173.0
340.0
500.0
346.0
331.0
331.0
166.0
500.0
324.0
164.0
428.0
174.0
188.0
406.0
257.0
88.0
173.0
171.0
194.0
263.0
126.0
180.0
282.0
207.0
192.0
266.0
223.0
178.0
351.0
277.0
268.0
152.0
257.0
114.0
267.0
306.0
146.0
98.0
145.0
183.0
200.0
128.0
225.0
243.0
297.0
296.0
285.0
312.0
251.0
278.0
245.0
178.0
239.0
128.0
124.0
369.0
315.0
226.0
249.0
349.0
206.0
229.0
209.0
312.0
253.0
348.0
199.0
232.0
262.0
272.0
251.0
287.0
300.0
307.0
313.0
500.0
197.0
261.0
116.0
236.0
401.0
156.0
212.0
215.0
325.0
420.0
471.0
320.0
283.0
334.0
254.0
144.0
258.0
144.0
202.0
186.0
187.0
248.0
190.0
236.0
316.0
90.0
279.0
156.0
112.0
222.0
146.0
180.0
236.0
213.0
279.0
352.0
189.0
402.0
227.0
435.0
170.0
144.0
210.0
252.0
310.0
170.0
292.0
477.0
222.0
427.0
305.0
318.0
245.0
297.0
234.0
205.0
202.0
127.0
500.0
283.0
348.0
171.0
154.0
325.0
283.0
203.0
202.0
308.0
266.0
434.0
500.0
134.0
267.0
306.0
291.0
321.0
245.0
187.0
220.0
329.0
344.0
248.0
426.0
159.0
295.0
442.0
500.0
236.0
111.0
292.0
264.0
289.0
395.0
292.0
323.0
296.0
278.0
262.0
132.0
258.0
360.0
412.0
135.0
174.0
335.0
500.0
281.0
195.0
177.0
335.0
172.0
239.0
135.0
449.0
500.0
500.0
112.0
195.0
189.0
500.0
193.0
500.0
500.0
318.0
500.0
500.0
326.0
500.0
167.0
164.0
277.0
198.0
217.0
492.0
500.0
500.0
166.0
500.0
199.0
500.0
194.0
500.0
242.0
170.0
199.0
237.0
440.0
462.0
263.0
270.0
500.0
500.0
179.0
292.0
200.0
441.0
154.0
500.0
248.0
184.0
398.0
500.0
313.0
500.0
500.0
112.0
231.0
230.0
292.0
236.0
232.0
223.0
230.0
88.0
500.0
200.0
235.0
500.0
180.0
84.0
349.0
302.0
303.0
500.0
226.0
500.0
194.0
500.0
292.0
406.0
220.0
186.0
302.0
348.0
144.0
500.0
203.0
262.0
202.0
291.0
100.0
311.0
230.0
215.0
170.0
189.0
287.0
274.0
500.0
215.0
500.0
373.0
500.0
202.0
500.0
391.0
500.0
329.0
312.0
197.0
388.0
353.0
146.0
500.0
500.0
500.0
202.0
500.0
239.0
500.0
311.0
500.0
338.0
282.0
252.0
500.0
232.0
500.0
115.0
186.0
284.0
198.0
275.0
350.0
500.0
293.0
166.0
191.0
119.0
212.0
222.0
106.0
400.0
215.0
270.0
398.0
500.0
500.0
266.0
199.0
246.0
132.0
182.0
500.0
180.0
257.0
306.0
438.0
168.0
386.0
284.0
200.0
500.0
352.0
272.0
128.0
500.0
112.0
500.0
168.0
500.0
290.0
180.0
200.0
500.0
393.0
475.0
216.0
500.0
321.0
500.0
383.0
229.0
280.0
343.0
500.0
303.0
364.0
267.0
194.0
357.0
307.0
500.0
314.0
290.0
286.0
500.0
258.0
325.0
337.0
237.0
500.0
500.0
500.0
135.0
235.0
500.0
247.0
341.0
270.0
241.0
297.0
200.0
345.0
178.0
500.0
366.0
220.0
269.0
473.0
500.0
248.0
317.0
297.0
386.0
500.0
243.0
500.0
290.0
226.0
244.0
222.0
370.0
359.0
500.0
422.0
500.0
460.0
415.0
262.0
500.0
199.0
279.0
70.0
201.0
285.0
251.0
196.0
500.0
247.0
500.0
378.0
285.0
242.0
406.0
439.0
239.0
487.0
500.0
309.0
194.0
500.0
500.0
500.0
190.0
500.0
275.0
319.0
437.0
329.0
500.0
425.0
189.0
361.0
500.0
500.0
343.0
269.0
255.0
229.0
500.0
363.0
500.0
349.0
290.0
329.0
500.0
204.0
275.0
500.0
267.0
500.0
500.0
500.0
201.0
209.0
405.0
338.0
282.0
291.0
317.0
500.0
435.0
231.0
253.0
282.0
500.0
214.0
284.0
227.0
500.0
280.0
500.0
337.0
500.0
479.0
207.0
299.0
500.0
246.0
174.0
500.0
500.0
391.0
289.0
351.0
500.0
500.0
500.0
500.0
405.0
472.0
500.0
432.0
364.0
500.0
319.0
500.0
373.0
121.0
135.0
500.0
332.0
487.0
471.0
500.0
500.0
294.0
500.0
275.0
500.0
500.0
500.0
500.0
500.0
500.0
278.0
408.0
216.0
227.0
427.0
471.0
351.0
500.0
287.0
343.0
278.0
235.0
500.0
419.0
500.0
313.0
500.0
136.0
360.0
234.0
500.0
500.0
211.0
274.0
252.0
365.0
500.0
144.0
500.0
333.0
273.0
323.0
372.0
500.0
470.0
500.0
500.0
500.0
500.0
500.0
500.0
171.0
500.0
500.0
194.0
500.0
365.0
206.0
211.0
421.0
386.0
317.0
500.0
500.0
250.0
277.0
500.0
500.0
500.0
142.0
244.0
384.0
358.0
133.0
333.0
500.0
351.0
500.0
239.0
461.0
354.0
269.0
288.0
241.0
500.0
500.0
336.0
500.0
195.0
500.0
395.0
500.0
307.0
500.0
500.0
500.0
500.0
500.0
500.0
369.0
228.0
282.0
500.0
195.0
223.0
316.0
500.0
441.0
366.0
500.0
472.0
356.0
500.0
292.0
471.0
500.0
302.0
297.0
500.0
245.0
385.0
258.0
232.0
168.0
281.0
141.0
500.0
500.0
321.0
261.0
246.0
356.0
500.0
500.0
500.0
269.0
131.0
500.0
500.0
212.0
266.0
236.0
138.0
500.0
500.0
194.0
411.0
500.0
500.0
358.0
247.0
500.0
198.0
416.0
262.0
257.0
500.0
500.0
293.0
500.0
348.0
200.0
500.0
500.0
421.0
500.0
351.0
369.0
120.0
137.0
219.0
500.0
93.0
354.0
500.0
321.0
99.0
138.0
306.0
213.0
244.0
212.0
500.0
329.0
267.0
500.0
500.0
217.0
316.0
500.0
256.0
500.0
266.0
238.0
190.0
500.0
500.0
500.0
219.0
260.0
221.0
280.0
270.0
500.0
105.0
344.0
500.0
350.0
286.0
278.0
368.0
308.0
243.0
500.0
343.0
296.0
342.0
238.0
500.0
447.0
500.0
402.0
500.0
299.0
500.0
362.0
500.0
255.0
500.0
461.0
500.0
412.0
500.0
500.0
500.0
500.0
444.0
500.0
500.0
500.0
407.0
500.0
500.0
500.0
500.0
500.0
500.0
357.0
328.0
466.0
500.0
411.0
500.0
411.0
500.0
257.0
225.0
314.0
370.0
358.0
500.0
498.0
500.0
489.0
474.0
500.0
500.0
500.0
500.0
500.0
410.0
392.0
321.0
500.0
500.0
500.0
500.0
499.0
500.0
218.0
500.0
488.0
500.0
500.0
459.0
500.0
500.0
500.0
500.0
500.0
500.0
500.0
500.0
500.0
500.0
500.0
361.0
500.0
326.0
454.0
321.0
269.0
407.0
500.0
500.0
478.0
465.0
496.0
351.0
187.0
500.0
500.0
500.0
500.0
500.0
500.0
500.0
500.0
500.0
473.0
500.0
500.0
500.0
321.0
500.0
500.0
500.0
500.0
500.0
500.0
500.0
434.0
162.0
500.0
303.0
500.0
457.0
295.0
500.0
500.0
500.0
500.0
384.0
500.0
465.0
439.0
500.0
500.0
327.0
500.0
294.0
500.0
417.0
349.0
81.0
500.0
500.0
500.0
97.0
95.0
500.0
350.0
500.0
500.0
500.0
500.0
273.0
500.0
500.0
308.0
327.0
303.0
242.0
500.0
500.0
399.0
357.0
297.0
500.0
418.0
363.0
244.0
107.0
190.0
219.0
500.0
259.0
138.0
500.0
500.0
141.0
345.0
78.0
264.0
235.0
500.0
63.0
500.0
117.0
262.0
500.0
500.0
500.0
500.0
430.0
500.0
500.0
500.0
473.0
490.0
500.0
500.0
500.0
500.0
500.0
500.0
500.0
500.0
500.0
500.0
500.0
461.0
500.0
500.0
341.0
272.0
500.0
413.0
500.0
500.0
500.0
500.0
467.0
377.0
464.0
500.0
448.0
500.0
500.0
500.0
272.0
500.0
500.0
500.0
500.0
500.0
500.0
439.0
500.0
430.0
500.0
500.0
500.0
500.0
500.0
500.0
500.0
500.0
500.0
447.0
500.0
500.0
124.0
500.0
500.0
500.0
500.0
110.0
500.0
58.0
58.0
500.0
155.0
87.0
500.0
500.0
500.0
500.0
500.0
500.0
500.0
500.0
110.0
500.0
275.0
500.0
500.0
500.0
500.0
500.0
500.0
157.0
57.0
327.0
500.0
500.0
500.0
500.0
178.0
500.0
500.0
500.0
380.0
500.0
500.0
500.0
500.0
101.0
500.0
500.0
500.0
73.0
61.0
500.0
500.0
500.0
500.0
384.0
500.0
500.0
500.0
80.0
295.0
500.0
88.0
500.0
500.0
101.0
489.0
500.0
500.0
500.0
500.0
500.0
205.0
500.0
500.0
239.0
160.0
218.0
306.0
500.0
128.0
82.0
500.0
500.0
500.0
500.0
500.0
500.0
381.0
500.0
500.0
63.0
192.0
72.0
155.0
231.0
500.0
75.0
500.0
62.0
59.0
500.0
316.0
148.0
500.0
473.0
500.0
266.0
94.0
304.0
500.0
500.0
177.0
500.0
116.0
500.0
500.0
142.0
60.0
184.0
331.0
500.0
68.0
500.0
500.0
53.0
500.0
500.0
65.0
500.0
500.0
500.0
62.0
500.0
500.0
500.0
500.0
110.0
500.0
98.0
500.0
236.0
468.0
500.0
301.0
500.0
500.0
500.0
500.0
500.0
500.0
500.0
500.0
500.0
500.0
500.0
500.0
500.0
500.0
500.0
500.0
500.0
500.0
500.0
500.0
500.0
500.0
500.0
500.0
500.0
500.0
500.0
500.0
500.0
500.0
500.0
500.0
500.0
500.0
500.0
500.0
500.0
500.0
85.0
228.0
500.0
500.0
500.0
500.0
500.0
500.0
500.0
500.0
500.0
500.0
500.0
500.0
500.0
500.0
500.0
500.0
500.0
500.0
500.0
500.0
500.0
500.0
500.0
500.0
500.0
468.0
500.0
500.0
500.0
500.0
500.0
500.0
500.0
500.0
500.0
500.0
500.0
500.0
500.0
500.0
500.0
332.0
500.0
500.0
500.0
500.0
500.0
500.0
500.0
500.0
500.0
500.0
500.0
439.0
500.0
500.0
500.0
500.0
500.0
500.0
500.0
500.0
500.0
409.0
490.0
500.0
500.0
500.0
468.0
500.0
500.0
500.0
500.0
500.0
500.0
500.0
412.0
500.0
492.0
500.0
500.0
500.0
500.0
470.0
500.0
500.0
500.0
500.0
482.0
500.0
500.0
500.0
500.0
500.0
500.0
500.0
406.0
500.0
500.0
500.0
500.0
500.0
500.0
456.0
500.0
500.0
500.0
500.0
500.0
480.0
500.0
489.0
500.0
442.0
500.0
500.0
500.0
500.0
500.0
500.0
500.0
485.0
500.0
495.0
417.0
500.0
500.0
500.0
500.0
500.0
500.0
500.0
434.0
500.0
500.0
500.0
500.0
500.0
500.0
500.0
500.0
500.0
500.0
467.0
500.0
500.0
500.0
500.0
500.0
500.0
500.0
500.0
500.0
500.0
500.0
500.0
500.0
500.0
500.0
428.0
500.0
500.0
500.0
500.0
500.0
311.0
500.0
500.0
500.0
500.0
500.0
473.0
500.0
500.0
500.0
500.0
500.0
500.0
500.0
500.0
399.0
454.0
500.0
440.0
500.0
500.0
500.0
500.0
500.0
444.0
396.0
500.0
500.0
375.0
500.0
500.0
500.0
432.0
500.0
500.0
500.0
376.0
500.0
402.0
500.0
412.0
301.0
500.0
500.0
500.0
500.0
500.0
500.0
500.0
500.0
500.0
491.0
500.0
500.0
500.0
500.0
500.0
500.0
500.0
500.0
478.0
500.0
500.0
500.0
500.0
500.0
500.0
500.0
500.0
500.0
480.0
500.0
500.0
500.0
500.0
500.0
500.0
500.0
500.0
500.0
500.0
500.0
500.0
500.0
500.0
500.0
500.0
500.0
500.0
500.0
500.0
500.0
500.0
500.0
500.0
500.0
500.0
500.0
500.0
500.0
500.0
500.0
500.0
500.0
500.0
500.0
500.0
500.0
500.0
500.0
500.0
500.0
500.0
500.0
500.0
500.0
500.0
449.0
500.0
500.0
500.0
500.0
500.0
500.0
500.0
500.0
500.0
500.0
500.0
500.0
500.0
500.0
500.0
500.0
500.0
500.0
500.0
500.0
500.0
500.0
500.0
500.0
500.0
500.0
500.0
500.0
500.0
500.0
500.0
500.0
500.0
500.0
407.0
500.0
500.0
500.0
500.0
500.0
500.0
500.0
500.0
500.0
500.0
500.0
500.0
500.0
500.0
500.0
500.0
201.0
500.0
500.0
500.0
500.0
500.0
500.0
500.0
500.0
500.0
500.0
500.0
500.0
500.0
500.0
500.0
500.0
500.0
500.0
500.0
500.0
500.0
500.0
500.0
500.0
500.0
500.0
392.0
500.0
500.0
500.0
500.0
500.0
500.0
351.0
500.0
417.0
373.0
315.0
500.0
500.0
294.0
303.0
398.0
500.0
388.0
500.0
500.0
408.0
326.0
461.0
217.0
268.0
500.0
500.0
500.0
500.0
500.0
500.0
294.0
423.0
303.0
273.0
500.0
500.0
500.0
382.0
500.0
414.0
332.0
500.0
500.0
500.0
500.0
305.0
384.0
500.0
388.0
500.0
500.0
500.0
500.0
500.0
500.0
500.0
500.0
500.0
500.0
500.0
500.0
500.0
440.0
500.0
500.0
500.0
500.0
500.0
500.0
350.0
500.0
379.0
307.0
464.0
500.0
500.0
340.0
500.0
500.0
500.0
500.0
260.0
500.0
259.0
500.0
500.0
500.0
377.0
500.0
180.0
175.0
500.0
500.0
500.0
421.0
500.0
255.0
176.0
500.0
363.0
500.0
500.0
500.0
302.0
370.0
500.0
500.0
500.0
460.0
500.0
500.0
500.0
415.0
500.0
297.0
500.0
500.0
500.0
285.0
500.0
500.0
500.0
500.0
500.0
500.0
500.0
500.0
500.0
500.0
288.0
293.0
500.0
500.0
278.0
500.0
500.0
500.0
291.0
500.0
500.0
433.0
500.0
500.0
500.0
500.0
500.0
500.0
500.0
500.0
364.0
293.0
500.0
500.0
500.0
500.0
500.0
467.0
500.0
345.0
412.0
500.0
368.0
499.0
500.0
446.0
500.0
425.0
375.0
352.0
500.0
282.0
490.0
500.0
275.0
500.0
500.0
276.0
500.0
500.0
334.0
304.0
500.0
500.0
202.0
500.0
500.0
208.0
500.0
114.0
135.0
88.0
500.0
500.0
200.0
500.0
72.0
237.0
209.0
500.0
225.0
500.0
106.0
169.0
500.0
500.0
167.0
500.0
500.0
70.0
192.0
128.0
176.0
500.0
375.0
77.0
315.0
500.0
500.0
500.0
500.0
500.0
500.0
445.0
471.0
251.0
500.0
500.0
212.0
500.0
392.0
304.0
500.0
365.0
500.0
286.0
309.0
500.0
316.0
500.0
434.0
500.0
500.0
500.0
407.0
500.0
500.0
500.0
500.0
500.0
500.0
500.0
500.0
500.0
500.0
500.0
500.0
500.0
500.0
500.0
500.0
500.0
500.0
500.0
500.0
500.0
429.0
500.0
500.0
500.0
500.0
500.0
500.0
500.0
500.0
500.0
500.0
500.0
500.0
500.0
500.0
500.0
500.0
500.0
500.0
500.0
500.0
500.0
500.0
500.0
500.0
500.0
500.0
500.0
500.0
500.0
500.0
500.0
500.0
500.0
500.0
500.0
500.0
500.0
500.0
500.0
500.0
500.0
500.0
500.0
500.0
418.0
500.0
500.0
500.0
500.0
500.0
500.0
500.0
500.0
500.0
500.0
500.0
500.0
500.0
500.0
500.0
500.0
500.0
500.0
500.0
500.0
500.0
500.0
500.0
500.0
500.0
500.0
500.0
500.0
500.0
500.0
500.0
465.0
500.0
500.0
500.0
500.0
500.0
500.0
500.0
500.0
500.0
500.0
500.0
500.0
500.0
500.0
500.0
500.0
500.0
500.0
406.0
500.0
500.0
500.0
500.0
500.0
500.0
500.0
500.0
500.0
500.0
500.0
500.0
423.0
500.0
500.0
500.0
500.0
500.0
500.0
500.0
500.0
500.0
500.0
500.0
500.0
500.0
500.0
500.0
500.0
500.0
500.0
500.0
500.0
500.0
500.0
500.0
487.0
500.0
500.0
500.0
500.0
500.0
500.0
500.0
500.0
500.0
500.0
500.0
500.0
500.0
500.0
500.0
500.0
500.0
500.0
500.0
500.0
500.0
500.0
500.0
500.0
500.0
500.0
500.0
500.0
500.0
500.0
500.0
500.0
500.0
500.0
500.0
500.0
500.0
500.0
500.0
500.0
500.0
500.0
500.0
500.0
500.0
500.0
500.0
500.0
500.0
500.0
500.0
500.0
500.0
500.0
500.0
500.0
500.0
500.0
500.0
500.0
500.0
500.0
500.0
500.0
500.0
500.0
500.0
500.0
500.0
500.0
500.0
500.0
500.0
500.0
500.0
500.0
500.0
308.0
122.0
500.0
369.0
500.0
500.0
500.0
500.0
500.0
500.0
500.0
500.0
500.0
500.0
500.0
247.0
180.0
500.0
500.0
500.0
500.0
500.0
500.0
500.0
500.0
500.0
117.0
500.0
500.0
500.0
339.0
500.0
500.0
334.0
500.0
500.0
409.0
500.0
500.0
500.0
406.0
500.0
500.0
412.0
500.0
500.0
500.0
500.0
500.0
500.0
500.0
500.0
500.0
500.0
500.0
500.0
500.0
500.0
500.0
500.0
500.0
500.0
500.0
500.0
500.0
500.0
500.0
500.0
500.0
500.0
500.0
500.0
500.0
500.0
500.0
500.0
500.0
500.0
500.0
500.0
500.0
500.0
500.0
500.0
500.0
500.0
500.0
500.0
500.0
500.0
500.0
500.0
441.0
500.0
263.0
500.0
500.0
500.0
500.0
500.0
500.0
500.0
500.0
500.0
500.0
409.0
500.0
500.0
500.0
500.0
500.0
500.0
500.0
500.0
500.0
500.0
500.0
500.0
500.0
500.0
500.0
500.0
500.0
431.0
500.0
500.0
500.0
500.0
500.0
500.0
500.0
500.0
500.0
500.0
500.0
500.0
500.0
500.0
500.0
500.0
500.0
500.0
500.0
500.0
500.0
500.0
500.0
500.0
500.0
500.0
500.0
493.0
500.0
500.0
500.0
500.0
500.0
500.0
500.0
500.0
500.0
500.0
500.0
500.0
500.0
500.0
500.0
500.0
500.0
500.0
500.0
500.0
500.0
500.0
500.0
500.0
499.0
500.0
500.0
500.0
500.0
500.0
500.0
500.0
500.0
500.0
500.0
500.0
500.0
500.0
500.0
500.0
500.0
500.0
500.0
500.0
500.0
500.0
500.0
500.0
500.0
500.0
500.0
500.0
500.0
500.0
500.0
500.0
500.0
500.0
500.0
500.0
500.0
500.0
438.0
500.0
500.0
500.0
500.0
500.0
500.0
498.0
500.0
500.0
500.0
500.0
401.0
500.0
500.0
500.0
500.0
500.0
500.0
500.0
500.0
500.0
500.0
500.0
500.0
500.0
500.0
500.0
500.0
500.0
500.0
500.0
500.0
500.0
500.0
500.0
500.0
500.0
500.0
500.0
500.0
500.0
500.0
500.0
500.0
500.0
500.0
500.0
500.0
500.0
500.0
500.0
500.0
500.0
500.0
500.0
500.0
500.0
500.0
500.0
500.0
500.0
500.0
500.0
500.0
500.0
500.0
500.0
500.0
500.0
500.0
500.0
500.0
500.0
500.0
500.0
500.0
500.0
500.0
500.0
500.0
500.0
500.0
500.0
500.0
500.0
500.0
500.0
500.0
500.0
500.0
500.0
500.0
500.0
500.0
500.0
500.0
500.0
500.0
500.0
494.0
500.0
500.0
500.0
500.0
500.0
500.0
500.0
500.0
500.0
500.0
500.0
453.0
500.0
500.0
500.0
500.0
500.0
500.0
500.0
500.0
500.0
500.0
500.0
500.0
500.0
424.0
500.0
500.0
500.0
500.0
500.0
500.0
500.0
500.0
500.0
500.0
500.0
500.0
500.0
500.0
500.0
490.0
500.0
500.0
500.0
500.0
500.0
500.0
500.0
500.0
500.0
500.0
500.0
500.0
500.0
500.0
500.0
500.0
500.0
500.0
500.0
500.0
500.0
500.0
500.0
500.0
500.0
500.0
500.0
500.0
500.0
500.0
500.0
500.0
500.0
500.0
500.0
500.0
500.0
500.0
500.0
500.0
500.0
500.0
500.0
500.0
500.0
500.0
500.0
500.0
500.0
500.0
500.0
500.0
500.0
500.0
500.0
500.0
500.0
500.0
500.0
500.0
500.0
500.0
500.0
500.0
500.0
500.0
500.0
500.0
500.0
500.0
500.0
500.0
500.0
500.0
500.0
500.0
500.0
500.0
500.0
500.0
500.0
500.0
500.0
500.0
500.0
500.0
500.0
500.0
500.0
500.0
500.0
500.0
500.0
500.0
500.0
500.0
500.0
500.0
500.0
500.0
500.0
500.0
500.0
500.0
500.0
500.0
500.0
500.0
500.0
500.0
500.0
500.0
500.0
500.0
500.0
500.0
500.0
500.0
500.0
500.0
500.0
500.0
500.0
500.0
500.0
500.0
500.0
500.0
500.0
500.0
500.0
500.0
500.0
500.0
500.0
500.0
500.0
500.0
500.0
500.0
500.0
500.0
500.0
500.0
500.0
500.0
500.0
500.0
500.0
500.0
500.0
500.0
500.0
500.0
500.0
500.0
500.0
500.0
500.0
500.0
500.0
500.0
500.0
500.0
500.0
500.0
500.0
500.0
500.0
500.0
500.0
500.0
500.0
500.0
500.0
500.0
500.0
500.0
500.0
500.0
500.0
500.0
500.0
500.0
500.0
500.0
500.0
500.0
500.0
500.0
500.0
500.0
500.0
500.0
500.0
500.0
500.0
500.0
500.0
500.0
500.0
500.0
500.0
500.0
500.0
500.0
500.0
500.0
500.0
500.0
500.0
500.0
500.0
500.0
500.0
500.0
500.0
500.0
500.0
500.0
500.0
500.0
500.0
500.0
500.0
500.0
500.0
500.0
500.0
500.0
500.0
500.0
500.0
500.0
500.0
500.0
500.0
500.0
500.0
500.0
500.0
500.0
500.0
500.0
500.0
315.0
500.0
500.0
500.0
500.0
500.0
500.0
500.0
500.0
500.0
500.0
500.0
500.0
500.0
500.0
500.0
500.0
500.0
500.0
500.0
500.0
500.0
500.0
500.0
500.0
500.0
500.0
500.0
500.0
500.0
500.0
500.0
500.0
500.0
500.0
500.0
500.0
500.0
500.0
500.0
500.0
500.0
500.0
500.0
500.0
500.0
500.0
500.0
500.0
500.0
500.0
500.0
500.0
500.0
500.0
500.0
500.0
500.0
468.0
500.0
500.0
500.0
500.0
500.0
500.0
500.0
500.0
500.0
500.0
500.0
500.0
500.0
500.0
500.0
500.0
500.0
500.0
500.0
500.0
500.0
500.0
500.0
500.0
500.0
500.0
500.0
500.0
500.0
500.0
500.0
500.0
500.0
500.0
500.0
500.0
500.0
500.0
500.0
500.0
500.0
500.0
500.0
500.0
500.0
500.0
500.0
500.0
500.0
500.0
500.0
500.0
500.0
500.0
500.0
500.0
500.0
500.0
500.0
500.0
500.0
500.0
500.0
500.0
500.0
500.0
500.0
500.0
500.0
500.0
500.0
500.0
500.0
500.0
500.0
500.0
500.0
500.0
500.0
500.0
500.0
500.0
500.0
500.0
500.0
500.0
500.0
500.0
500.0
500.0
500.0
500.0
500.0
500.0
500.0
500.0
500.0
500.0
500.0
500.0
500.0
500.0
500.0
500.0
500.0
500.0
500.0
500.0
500.0
500.0
500.0
500.0
500.0
500.0
500.0
500.0
500.0
500.0
500.0
500.0
500.0
500.0
500.0
500.0
287.0
500.0
500.0
500.0
500.0
500.0
500.0
500.0
500.0
500.0
500.0
500.0
500.0
500.0
500.0
500.0
500.0
500.0
500.0
500.0
500.0
500.0
500.0
500.0
500.0
500.0
500.0
500.0
500.0
500.0
500.0
500.0
500.0
500.0
500.0
500.0
500.0
500.0
500.0
500.0
500.0
500.0
500.0
500.0
500.0
500.0
500.0
500.0
500.0
500.0
500.0
500.0
500.0
500.0
500.0
500.0
500.0
500.0
500.0
500.0
500.0
500.0
500.0
500.0
500.0
500.0
500.0
500.0
500.0
500.0
500.0
500.0
500.0
500.0
500.0
500.0
500.0
500.0
500.0
500.0
500.0
500.0
500.0
500.0
500.0
500.0
500.0
500.0
500.0
500.0
500.0
500.0
500.0
500.0
500.0
500.0
500.0
500.0
500.0
500.0
500.0
500.0
500.0
500.0
500.0
500.0
500.0
500.0
500.0
500.0
500.0
500.0
500.0
500.0
500.0
500.0
500.0
500.0
500.0
500.0
500.0
500.0
500.0
500.0
450.0
500.0
500.0
500.0
500.0
500.0
500.0
500.0
500.0
500.0
500.0
500.0
500.0
500.0
500.0
500.0
500.0
500.0
500.0
500.0
500.0
500.0
500.0
500.0
500.0
500.0
500.0
500.0
500.0
500.0
500.0
500.0
500.0
500.0
500.0
500.0
500.0
500.0
500.0
500.0
500.0
500.0
500.0
500.0
500.0
500.0
500.0
500.0
500.0
500.0
500.0
500.0
500.0
500.0
500.0
500.0
500.0
500.0
500.0
500.0
500.0
500.0
500.0
500.0
500.0
500.0
500.0
500.0
500.0
500.0
500.0
500.0
500.0
500.0
500.0
500.0
500.0
500.0
500.0
500.0
500.0
500.0
500.0
500.0
500.0
500.0
500.0
500.0
500.0
500.0
500.0
500.0
500.0
500.0
500.0
500.0
500.0
460.0
500.0
500.0
500.0
500.0
500.0
500.0
500.0
500.0
500.0
500.0
500.0
500.0
500.0
500.0
500.0
500.0
500.0
500.0
500.0
500.0
500.0
500.0
500.0
500.0
500.0
500.0
327.0
500.0
500.0
500.0
500.0
500.0
500.0
500.0
500.0
500.0
500.0
500.0
500.0
500.0
500.0
500.0
500.0
500.0
500.0
500.0
500.0
500.0
500.0
500.0
500.0
500.0
500.0
500.0
500.0
500.0
500.0
500.0
500.0
500.0
500.0
500.0
500.0
500.0
500.0
500.0
500.0
500.0
500.0
500.0
500.0
500.0
500.0
500.0
500.0