9.0
10.0
10.0
9.0
9.0
10.0
11.0
9.0
9.0
11.0
12.0
15.0
34.0
30.0
11.0
18.0
26.0
24.0
37.0
22.0
47.0
32.0
56.0
31.0
24.0
18.0
18.0
14.0
12.0
11.0
25.0
22.0
11.0
8.0
22.0
10.0
10.0
13.0
13.0
11.0
10.0
45.0
18.0
11.0
15.0
35.0
12.0
88.0
15.0
17.0
25.0
57.0
31.0
29.0
34.0
33.0
45.0
43.0
19.0
20.0
51.0
36.0
27.0
25.0
44.0
36.0
19.0
38.0
19.0
22.0
16.0
34.0
111.0
99.0
49.0
30.0
52.0
40.0
232.0
93.0
45.0
135.0
33.0
69.0
48.0
73.0
105.0
135.0
57.0
150.0
55.0
26.0
42.0
42.0
57.0
56.0
32.0
41.0
30.0
27.0
46.0
31.0
45.0
26.0
22.0
69.0
112.0
14.0
72.0
162.0
70.0
98.0
63.0
39.0
42.0
59.0
300.0
114.0
345.0
97.0
295.0
500.0
305.0
54.0
149.0
84.0
485.0
108.0
296.0
131.0
91.0
31.0
101.0
285.0
62.0
500.0
70.0
41.0
141.0
245.0
500.0
119.0
79.0
164.0
500.0
374.0
225.0
223.0
43.0
285.0
129.0
470.0
74.0
34.0
118.0
500.0
500.0
120.0
500.0
500.0
500.0
500.0
113.0
500.0
75.0
43.0
54.0
72.0
83.0
151.0
250.0
51.0
120.0
33.0
133.0
50.0
49.0
33.0
176.0
130.0
319.0
133.0
34.0
251.0
47.0
103.0
43.0
249.0
130.0
70.0
126.0
64.0
106.0
115.0
500.0
124.0
196.0
500.0
170.0
117.0
92.0
32.0
93.0
109.0
106.0
163.0
225.0
57.0
55.0
92.0
500.0
145.0
186.0
155.0
322.0
106.0
104.0
146.0
368.0
272.0
165.0
79.0
108.0
104.0
89.0
90.0
103.0
86.0
80.0
232.0
500.0
201.0
95.0
117.0
310.0
126.0
258.0
270.0
252.0
163.0
396.0
140.0
231.0
335.0
500.0
500.0
286.0
367.0
416.0
265.0
500.0
500.0
500.0
250.0
313.0
98.0
294.0
459.0
500.0
500.0
130.0
115.0
361.0
280.0
169.0
375.0
456.0
97.0
129.0
79.0
500.0
264.0
500.0
500.0
500.0
331.0
500.0
96.0
348.0
500.0
279.0
251.0
500.0
500.0
248.0
500.0
448.0
481.0
500.0
500.0
454.0
428.0
441.0
500.0
105.0
225.0
500.0
182.0
500.0
64.0
500.0
494.0
500.0
134.0
500.0
500.0
464.0
500.0
348.0
269.0
500.0
264.0
500.0
334.0
245.0
59.0
130.0
500.0
210.0
500.0
324.0
101.0
325.0
436.0
203.0
500.0
500.0
500.0
445.0
330.0
500.0
149.0
267.0
369.0
379.0
500.0
126.0
182.0
500.0
500.0
143.0
392.0
500.0
500.0
500.0
500.0
355.0
500.0
500.0
500.0
500.0
89.0
206.0
79.0
396.0
500.0
437.0
500.0
500.0
500.0
331.0
145.0
74.0
166.0
226.0
381.0
336.0
371.0
130.0
72.0
313.0
233.0
500.0
479.0
314.0
397.0
173.0
500.0
187.0
329.0
129.0
395.0
166.0
500.0
77.0
196.0
500.0
84.0
162.0
72.0
311.0
253.0
224.0
197.0
241.0
380.0
184.0
325.0
491.0
500.0
500.0
500.0
500.0
390.0
491.0
164.0
458.0
500.0
185.0
500.0
500.0
500.0
500.0
433.0
355.0
399.0
500.0
500.0
284.0
314.0
305.0
107.0
424.0
72.0
396.0
136.0
253.0
154.0
150.0
500.0
378.0
500.0
313.0
233.0
211.0
163.0
100.0
303.0
312.0
155.0
500.0
303.0
500.0
311.0
500.0
161.0
447.0
500.0
149.0
133.0
76.0
500.0
96.0
107.0
254.0
500.0
500.0
326.0
351.0
433.0
173.0
192.0
254.0
265.0
295.0
397.0
500.0
314.0
153.0
376.0
230.0
247.0
196.0
189.0
271.0
391.0
377.0
226.0
500.0
461.0
500.0
408.0
500.0
500.0
500.0
263.0
344.0
500.0
487.0
477.0
429.0
416.0
300.0
314.0
257.0
166.0
267.0
227.0
44.0
392.0
259.0
100.0
196.0
150.0
272.0
132.0
396.0
199.0
193.0
436.0
419.0
293.0
343.0
288.0
407.0
255.0
361.0
293.0
302.0
308.0
280.0
293.0
308.0
350.0
232.0
368.0
385.0
240.0
263.0
367.0
251.0
333.0
333.0
268.0
363.0
331.0
312.0
423.0
236.0
402.0
215.0
455.0
359.0
346.0
406.0
417.0
302.0
203.0
343.0
306.0
135.0
101.0
87.0
159.0
209.0
34.0
104.0
88.0
280.0
381.0
359.0
500.0
55.0
500.0
427.0
306.0
239.0
334.0
298.0
89.0
262.0
46.0
237.0
168.0
459.0
300.0
337.0
311.0
422.0
277.0
396.0
480.0
375.0
136.0
233.0
88.0
313.0
345.0
286.0
369.0
431.0
371.0
267.0
500.0
482.0
302.0
241.0
157.0
386.0
275.0
214.0
144.0
385.0
275.0
273.0
314.0
280.0
395.0
284.0
189.0
135.0
150.0
254.0
59.0
73.0
28.0
68.0
190.0
111.0
26.0
138.0
87.0
104.0
189.0
167.0
240.0
158.0
247.0
183.0
32.0
117.0
272.0
94.0
303.0
265.0
195.0
292.0
259.0
234.0
213.0
205.0
60.0
289.0
225.0
289.0
183.0
258.0
136.0
145.0
294.0
39.0
264.0
373.0
247.0
143.0
222.0
49.0
137.0
254.0
129.0
267.0
218.0
500.0
17.0
295.0
95.0
86.0
48.0
14.0
165.0
336.0
38.0
304.0
187.0
58.0
91.0
89.0
15.0
165.0
40.0
36.0
182.0
34.0
74.0
207.0
237.0
427.0
238.0
196.0
92.0
108.0
254.0
223.0
106.0
154.0
80.0
293.0
8.0
300.0
95.0
290.0
266.0
287.0
306.0
219.0
179.0
337.0
92.0
319.0
500.0
85.0
111.0
10.0
13.0
244.0
135.0
360.0
214.0
269.0
376.0
252.0
258.0
111.0
72.0
164.0
124.0
199.0
136.0
135.0
304.0
80.0
368.0
88.0
235.0
146.0
231.0
192.0
249.0
372.0
185.0
344.0
287.0
304.0
143.0
185.0
344.0
274.0
374.0
355.0
232.0
500.0
273.0
214.0
355.0
151.0
168.0
335.0
357.0
231.0
180.0
154.0
158.0
414.0
381.0
168.0
500.0
500.0
500.0
500.0
500.0
500.0
175.0
500.0
237.0
304.0
106.0
283.0
223.0
500.0
263.0
500.0
191.0
500.0
421.0
172.0
481.0
500.0
500.0
280.0
500.0
500.0
500.0
294.0
500.0
331.0
359.0
500.0
468.0
217.0
72.0
426.0
438.0
218.0
219.0
500.0
356.0
500.0
357.0
220.0
122.0
346.0
500.0
293.0
345.0
144.0
500.0
68.0
260.0
281.0
263.0
500.0
56.0
500.0
450.0
500.0
239.0
342.0
500.0
231.0
500.0
244.0
500.0
500.0
265.0
500.0
500.0
500.0
303.0
286.0
202.0
240.0
441.0
500.0
279.0
291.0
387.0
264.0
500.0
271.0
331.0
432.0
304.0
462.0
500.0
387.0
500.0
500.0
500.0
489.0
500.0
500.0
44.0
195.0
264.0
143.0
170.0
102.0
153.0
98.0
168.0
99.0
46.0
157.0
104.0
390.0
500.0
399.0
158.0
181.0
500.0
271.0
196.0
37.0
500.0
500.0
455.0
415.0
176.0
89.0
140.0
57.0
142.0
42.0
63.0
165.0
135.0
168.0
112.0
184.0
292.0
417.0
457.0
267.0
168.0
302.0
412.0
247.0
500.0
113.0
262.0
500.0
246.0
500.0
500.0
385.0
301.0
500.0
500.0
190.0
169.0
500.0
500.0
365.0
500.0
406.0
260.0
500.0
450.0
174.0
319.0
496.0
78.0
482.0
105.0
500.0
158.0
500.0
500.0
500.0
500.0
500.0
500.0
420.0
500.0
385.0
500.0
500.0
500.0
500.0
500.0
500.0
307.0
500.0
230.0
500.0
500.0
396.0
150.0
500.0
500.0
500.0
500.0
500.0
132.0
500.0
500.0
285.0
250.0
392.0
56.0
500.0
43.0
111.0
500.0
500.0
500.0
222.0
500.0
500.0
500.0
345.0
500.0
446.0
168.0
168.0
87.0
182.0
160.0
57.0
450.0
392.0
405.0
235.0
236.0
180.0
415.0
167.0
500.0
500.0
500.0
500.0
155.0
102.0
500.0
288.0
165.0
500.0
500.0
500.0
139.0
298.0
352.0
500.0
400.0
500.0
500.0
500.0
500.0
500.0
500.0
500.0
500.0
500.0
500.0
500.0
500.0
306.0
500.0
500.0
364.0
500.0
500.0
500.0
500.0
500.0
500.0
477.0
500.0
500.0
500.0
500.0
500.0
500.0
500.0
355.0
396.0
222.0
240.0
77.0
198.0
416.0
50.0
500.0
500.0
500.0
145.0
500.0
207.0
39.0
359.0
77.0
318.0
500.0
500.0
500.0
500.0
500.0
122.0
500.0
432.0
500.0
500.0
500.0
497.0
500.0
500.0
500.0
500.0
432.0
500.0
500.0
138.0
415.0
198.0
340.0
96.0
377.0
402.0
299.0
397.0
500.0
196.0
500.0
64.0
393.0
500.0
500.0
500.0
500.0
232.0
437.0
344.0
500.0
42.0
52.0
279.0
384.0
500.0
305.0
64.0
500.0
409.0
500.0
480.0
174.0
78.0
274.0
161.0
42.0
500.0
500.0
421.0
500.0
199.0
500.0
500.0
366.0
377.0
500.0
500.0
368.0
259.0
350.0
500.0
423.0
500.0
500.0
183.0
360.0
500.0
500.0
269.0
500.0
500.0
163.0
335.0
500.0
500.0
267.0
500.0
336.0
343.0
500.0
500.0
98.0
357.0
45.0
57.0
280.0
366.0
249.0
228.0
500.0
500.0
500.0
500.0
164.0
279.0
500.0
500.0
59.0
323.0
222.0
452.0
500.0
97.0
500.0
325.0
500.0
339.0
334.0
500.0
335.0
343.0
352.0
500.0
500.0
182.0
500.0
69.0
184.0
500.0
394.0
500.0
500.0
383.0
223.0
306.0
500.0
490.0
325.0
365.0
486.0
500.0
500.0
402.0
500.0
500.0
500.0
418.0
500.0
374.0
500.0
302.0
359.0
500.0
417.0
20.0
182.0
500.0
500.0
500.0
390.0
487.0
500.0
500.0
435.0
500.0
500.0
500.0
500.0
500.0
500.0
500.0
203.0
500.0
500.0
152.0
500.0
25.0
373.0
317.0
150.0
500.0
407.0
449.0
379.0
357.0
500.0
356.0
416.0
456.0
95.0
500.0
500.0
385.0
407.0
500.0
500.0
379.0
403.0
500.0
364.0
219.0
333.0
313.0
356.0
500.0
320.0
500.0
500.0
500.0
500.0
500.0
346.0
500.0
500.0
500.0
345.0
355.0
500.0
500.0
500.0
362.0
475.0
500.0
500.0
500.0
500.0
500.0
342.0
500.0
500.0
500.0
478.0
500.0
500.0
347.0
500.0
373.0
330.0
378.0
500.0
500.0
500.0
500.0
454.0
500.0
500.0
500.0
500.0
322.0
500.0
481.0
152.0
401.0
500.0
327.0
500.0
500.0
500.0
500.0
318.0
500.0
500.0
500.0
313.0
26.0
500.0
500.0
500.0
500.0
470.0
368.0
500.0
500.0
500.0
500.0
500.0
500.0
362.0
27.0
316.0
441.0
317.0
500.0
500.0
500.0
500.0
377.0
368.0
500.0
374.0
500.0
500.0
500.0
500.0
500.0
500.0
396.0
500.0
500.0
500.0
500.0
322.0
500.0
485.0
500.0
500.0
500.0
341.0
500.0
500.0
24.0
500.0
362.0
500.0
368.0
414.0
500.0
500.0
500.0
500.0
329.0
65.0
354.0
293.0
333.0
500.0
387.0
500.0
382.0
500.0
383.0
422.0
500.0
500.0
428.0
500.0
500.0
500.0
100.0
500.0
334.0
500.0
500.0
500.0
500.0
500.0
500.0
500.0
500.0
500.0
423.0
284.0
481.0
366.0
500.0
487.0
500.0
421.0
500.0
500.0
500.0
500.0
500.0
500.0
500.0
424.0
500.0
483.0
500.0
374.0
500.0
500.0
340.0
56.0
56.0
300.0
500.0
414.0
185.0
364.0
487.0
500.0
500.0
333.0
486.0
363.0
500.0
454.0
23.0
350.0
379.0
500.0
500.0
483.0
500.0
500.0
500.0
314.0
440.0
500.0
500.0
500.0
500.0
500.0
500.0
500.0
352.0
500.0
500.0
500.0
237.0
182.0
358.0
494.0
387.0
287.0
340.0
216.0
200.0
239.0
211.0
294.0
239.0
268.0
275.0
256.0
206.0
281.0
249.0
124.0
224.0
465.0
239.0
500.0
341.0
225.0
282.0
269.0
412.0
234.0
292.0
402.0
250.0
350.0
268.0
243.0
339.0
259.0
197.0
260.0
427.0
219.0
298.0
312.0
243.0
281.0
304.0
254.0
343.0
28.0
381.0
298.0
260.0
134.0
313.0
183.0
298.0
224.0
208.0
226.0
224.0
331.0
242.0
383.0
450.0
238.0
244.0
500.0
281.0
358.0
500.0
341.0
384.0
341.0
343.0
480.0
500.0
500.0
352.0
319.0
500.0
479.0
404.0
500.0
500.0
406.0
295.0
500.0
311.0
396.0
347.0
388.0
379.0
500.0
500.0
372.0
349.0
312.0
500.0
412.0
322.0
318.0
470.0
500.0
500.0
500.0
500.0
500.0
500.0
400.0
316.0
435.0
500.0
500.0
319.0
500.0
500.0
500.0
386.0
292.0
411.0
394.0
322.0
500.0
398.0
360.0
344.0
500.0
500.0
500.0
500.0
436.0
430.0
500.0
356.0
500.0
408.0
500.0
358.0
497.0
500.0
420.0
320.0
402.0
500.0
327.0
42.0
288.0
406.0
219.0
478.0
390.0
500.0
352.0
317.0
479.0
462.0
288.0
500.0
309.0
445.0
478.0
323.0
120.0
457.0
423.0
386.0
415.0
327.0
336.0
154.0
342.0
364.0
378.0
417.0
434.0
358.0
500.0
500.0
415.0
500.0
500.0
500.0
386.0
500.0
406.0
379.0
342.0
426.0
500.0
359.0
358.0
344.0
388.0
398.0
433.0
408.0
387.0
500.0
355.0
500.0
443.0
59.0
346.0
339.0
360.0
467.0
398.0
490.0
366.0
402.0
500.0
418.0
412.0
336.0
500.0
500.0
500.0
433.0
417.0
461.0
500.0
500.0
500.0
500.0
500.0
500.0
322.0
500.0
353.0
420.0
409.0
410.0
329.0
448.0
500.0
500.0
305.0
330.0
363.0
416.0
315.0
354.0
416.0
302.0
500.0
356.0
500.0
500.0
500.0
143.0
345.0
500.0
500.0
500.0
365.0
481.0
500.0
500.0
500.0
500.0
220.0
83.0
500.0
500.0
500.0
500.0
89.0
500.0
213.0
500.0
500.0
500.0
500.0
500.0
500.0
500.0
500.0
500.0
500.0
500.0
500.0
500.0
500.0
58.0
403.0
500.0
500.0
500.0
500.0
500.0
500.0
500.0
500.0
500.0
427.0
385.0
500.0
500.0
500.0
500.0
500.0
250.0
61.0
500.0
500.0
500.0
500.0
500.0
500.0
54.0
500.0
500.0
500.0
432.0
500.0
457.0
437.0
500.0
335.0
500.0
500.0
500.0
500.0
500.0
500.0
500.0
500.0
500.0
500.0
500.0
500.0
486.0
500.0
500.0
500.0
500.0
500.0
500.0
500.0
500.0
500.0
500.0
500.0
500.0
500.0
500.0
500.0
500.0
500.0
500.0
500.0
500.0
500.0
500.0
500.0
500.0
500.0
500.0
500.0
500.0
500.0
500.0
500.0
500.0
500.0
489.0
500.0
500.0
500.0
500.0
489.0
500.0
500.0
500.0
500.0
500.0
497.0
500.0
500.0
500.0
500.0
500.0
500.0
500.0
500.0
500.0
470.0
133.0
500.0
500.0
500.0
500.0
500.0
500.0
500.0
500.0
500.0
500.0
500.0
468.0
410.0
500.0
159.0
500.0
500.0
500.0
500.0
500.0
500.0
407.0
500.0
459.0
500.0
431.0
500.0
500.0
375.0
109.0
281.0
316.0
90.0
228.0
199.0
139.0
388.0
154.0
220.0
365.0
151.0
194.0
415.0
394.0
500.0
276.0
322.0
187.0
184.0
168.0
196.0
306.0
298.0
94.0
500.0
120.0
260.0
96.0
75.0
107.0
126.0
120.0
130.0
206.0
174.0
57.0
500.0
215.0
224.0
138.0
119.0
238.0
246.0
218.0
112.0
162.0
326.0
151.0
448.0
137.0
67.0
236.0
185.0
468.0
391.0
146.0
406.0
84.0
437.0
97.0
185.0
380.0
65.0
205.0
112.0
391.0
347.0
56.0
500.0
161.0
433.0
500.0
500.0
500.0
500.0
500.0
157.0
454.0
83.0
152.0
500.0
387.0
205.0
69.0
74.0
500.0
500.0
57.0
104.0
500.0
411.0
389.0
78.0
370.0
253.0
500.0
140.0
186.0
110.0
264.0
300.0
500.0
500.0
124.0
212.0
158.0
274.0
500.0
59.0
125.0
500.0
500.0
500.0
500.0
320.0
500.0
440.0
500.0
133.0
500.0
500.0
500.0
500.0
161.0
285.0
500.0
59.0
500.0
486.0
500.0
500.0
500.0
55.0
410.0
98.0
500.0
500.0
279.0
500.0
500.0
441.0
363.0
350.0
500.0
68.0
259.0
233.0
76.0
500.0
134.0
416.0
500.0
87.0
500.0
500.0
467.0
130.0
252.0
137.0
204.0
67.0
199.0
500.0
323.0
500.0
500.0
500.0
500.0
500.0
449.0
500.0
439.0
500.0
433.0
137.0
55.0
500.0
55.0
500.0
225.0
432.0
500.0
500.0
500.0
500.0
459.0
434.0
500.0
500.0
500.0
500.0
500.0
500.0
481.0
490.0
500.0
500.0
500.0
196.0
289.0
500.0
500.0
500.0
500.0
500.0
500.0
478.0
322.0
500.0
113.0
500.0
500.0
500.0
500.0
500.0
500.0
500.0
500.0
500.0
500.0
500.0
500.0
500.0
500.0
500.0
500.0
65.0
500.0
500.0
500.0
500.0
500.0
500.0
500.0
500.0
500.0
500.0
500.0
500.0
500.0
500.0
500.0
500.0
500.0
500.0
500.0
500.0
500.0
500.0
500.0
500.0
500.0
500.0
500.0
500.0
500.0
500.0
500.0
500.0
500.0
500.0
500.0
500.0
500.0
500.0
500.0
500.0
500.0
500.0
500.0
500.0
500.0
500.0
500.0
500.0
500.0
500.0
500.0
164.0
500.0
500.0
500.0
456.0
500.0
500.0
500.0
500.0
500.0
95.0
500.0
355.0
483.0
500.0
500.0
500.0
500.0
500.0
119.0
500.0
500.0
433.0
53.0
500.0
500.0
475.0
500.0
500.0
500.0
500.0
500.0
500.0
500.0
500.0
500.0
500.0
500.0
500.0
500.0
500.0
500.0
500.0
500.0
500.0
470.0
500.0
500.0
500.0
442.0
500.0
500.0
500.0
40.0
500.0
500.0
500.0
500.0
46.0
472.0
500.0
500.0
500.0
500.0
481.0
500.0
482.0
500.0
420.0
500.0
158.0
500.0
500.0
42.0
500.0
500.0
500.0
500.0
500.0
500.0
500.0
500.0
500.0
500.0
500.0
500.0
500.0
500.0
500.0
500.0
500.0
500.0
500.0
500.0
500.0
500.0
500.0
500.0
500.0
500.0
500.0
500.0
500.0
500.0
500.0
500.0
500.0
500.0
500.0
428.0
500.0
500.0
500.0
500.0
500.0
500.0
448.0
500.0
482.0
500.0
500.0
500.0
500.0
500.0
500.0
500.0
500.0
500.0
500.0
500.0
500.0
43.0
500.0
500.0
500.0
40.0
500.0
44.0
500.0
500.0
500.0
500.0
500.0
500.0
500.0
422.0
500.0
500.0
146.0
500.0
500.0
500.0
500.0
500.0
394.0
500.0
500.0
500.0
500.0
163.0
500.0
500.0
500.0
500.0
500.0
422.0
500.0
500.0
500.0
500.0
500.0
500.0
500.0
500.0
500.0
500.0
500.0
447.0
88.0
500.0
500.0
500.0
500.0
473.0
500.0
500.0
500.0
500.0
500.0
500.0
500.0
500.0
500.0
500.0
500.0
500.0
500.0
500.0
500.0
372.0
186.0
291.0
367.0
392.0
500.0
483.0
132.0
478.0
238.0
356.0
398.0
195.0
406.0
397.0
192.0
500.0
154.0
68.0
163.0
378.0
300.0
243.0
188.0
366.0
232.0
231.0
224.0
310.0
242.0
236.0
234.0
93.0
380.0
231.0
459.0
269.0
249.0
275.0
363.0
380.0
317.0
350.0
276.0
123.0
234.0
193.0
205.0
236.0
293.0
397.0
289.0
220.0
185.0
41.0
234.0
91.0
63.0
253.0
197.0
364.0
186.0
153.0
325.0
133.0
89.0
304.0
500.0
500.0
151.0
500.0
88.0
500.0
500.0
346.0
500.0
500.0
280.0
170.0
63.0
500.0
240.0
500.0
417.0
500.0
500.0
500.0
500.0
500.0
500.0
500.0
500.0
233.0
500.0
500.0
348.0
500.0
500.0
500.0
500.0
500.0
418.0
467.0
359.0
122.0
159.0
356.0
118.0
105.0
116.0
69.0
166.0
79.0
230.0
500.0
231.0
364.0
500.0
245.0
135.0
500.0
33.0
500.0
500.0
220.0
33.0
500.0
212.0
500.0
500.0
500.0
345.0
500.0
484.0
500.0
500.0
500.0
500.0
500.0
500.0
500.0
500.0
48.0
500.0
461.0
500.0
500.0
500.0
500.0
500.0
250.0
55.0
447.0
190.0
237.0
500.0
134.0
239.0
103.0
165.0
500.0
172.0
500.0
500.0
245.0
50.0
476.0
174.0
500.0
210.0
122.0
102.0
249.0
208.0
500.0
271.0
500.0
208.0
500.0
173.0
239.0
500.0
258.0
500.0
304.0
228.0
319.0
421.0
70.0
261.0
286.0
197.0
121.0
53.0
62.0
313.0
118.0
289.0
172.0
119.0
500.0
93.0
119.0
71.0
138.0
178.0
246.0
380.0
251.0
108.0
302.0
114.0
151.0
273.0
57.0
99.0
80.0
246.0
126.0
175.0
500.0
216.0
368.0
229.0
500.0
497.0
52.0
216.0
394.0
39.0
219.0
313.0
52.0
338.0
429.0
78.0
329.0
327.0
281.0
223.0
246.0
500.0
113.0
226.0
228.0
174.0
91.0
360.0
500.0
167.0
337.0
199.0
240.0
251.0
25.0
346.0
298.0
273.0
473.0
309.0
262.0
200.0
276.0
500.0
500.0
261.0
500.0
80.0
90.0
500.0
500.0
316.0
500.0
70.0
500.0
109.0
43.0
29.0
57.0
500.0
500.0
500.0
219.0
379.0
485.0
356.0
500.0
500.0
500.0
198.0
500.0
500.0
500.0
500.0
500.0
500.0
500.0
340.0
500.0
500.0
124.0
313.0
69.0
334.0
500.0
500.0
500.0
446.0
500.0
500.0
468.0
201.0
500.0
500.0
500.0
149.0
211.0
500.0
500.0
132.0
500.0
500.0
500.0
209.0
500.0
500.0
500.0
113.0
191.0
500.0
60.0
163.0
500.0
500.0
500.0
69.0
372.0
153.0
500.0
122.0
500.0
500.0
361.0
500.0
500.0
500.0
500.0
159.0
500.0
500.0
500.0
136.0
500.0
500.0
500.0
500.0
500.0
500.0
500.0
500.0
500.0
500.0
500.0
500.0
500.0
500.0
143.0
500.0
500.0
500.0
500.0
500.0
265.0
500.0
500.0
500.0
500.0
500.0
500.0
500.0
500.0
72.0
500.0
500.0
249.0
500.0
500.0
290.0
74.0
61.0
72.0
500.0
500.0
500.0
500.0
208.0
500.0
363.0
500.0
162.0
500.0
500.0
500.0
500.0
500.0
500.0
500.0
276.0
500.0
500.0
317.0
500.0
500.0
66.0
500.0
64.0
500.0
500.0
67.0
233.0
500.0
335.0
208.0
500.0
236.0
500.0
500.0
263.0
306.0
500.0
500.0
197.0
169.0
500.0
500.0
352.0
369.0
239.0
500.0
79.0
122.0
500.0
500.0
500.0
500.0
500.0
500.0
500.0
268.0
500.0
181.0
121.0
500.0
315.0
500.0
500.0
500.0
428.0
500.0
500.0
132.0
500.0
500.0
500.0
500.0
294.0
500.0
500.0
500.0
500.0
118.0
500.0
500.0
500.0
500.0
500.0
500.0
500.0
187.0
500.0
500.0
189.0
500.0
500.0
500.0
138.0
500.0
500.0
500.0
67.0
500.0
500.0
71.0
500.0
500.0
458.0
500.0
500.0
500.0
332.0
500.0
500.0
500.0
500.0
500.0
177.0
290.0
178.0
500.0
500.0
500.0
500.0
500.0
500.0
175.0
214.0
500.0
500.0
500.0
500.0
244.0
125.0
500.0
500.0
500.0
243.0
500.0
500.0
500.0
500.0
64.0
500.0
500.0
500.0
189.0
500.0
176.0
500.0
500.0
500.0
500.0
500.0
312.0
500.0
500.0
500.0
500.0
500.0
500.0
500.0
500.0
201.0
500.0
500.0
500.0
188.0
500.0
500.0
500.0
500.0
500.0
500.0
500.0
500.0
126.0
179.0
500.0
500.0
132.0
314.0
500.0
500.0
500.0
500.0
500.0
168.0
500.0
500.0
500.0
134.0
162.0
500.0
129.0
500.0
500.0
356.0
87.0
500.0
500.0
80.0
500.0
500.0
500.0
500.0
251.0
500.0
210.0
500.0
51.0
500.0
500.0
500.0
467.0
500.0
500.0
500.0
105.0
119.0
500.0
500.0
500.0
380.0
500.0
500.0
500.0
500.0
500.0
500.0
500.0
500.0
131.0
500.0
500.0
500.0
500.0
500.0
85.0
275.0
419.0
500.0
500.0
500.0
500.0
500.0
500.0
500.0
500.0
500.0
197.0
178.0
210.0
146.0
500.0
500.0
500.0
107.0
500.0
500.0
194.0
500.0
399.0
500.0
269.0
500.0
500.0
500.0
214.0
214.0
115.0
500.0
500.0
500.0
500.0
500.0
500.0
500.0
500.0
500.0
500.0
500.0
500.0
500.0
117.0
500.0
143.0
500.0
500.0
500.0
88.0
88.0
500.0
500.0
500.0
500.0
500.0
500.0
500.0
500.0
500.0
500.0
171.0
107.0
500.0
175.0
318.0
255.0
500.0
500.0
500.0
500.0
500.0
500.0
500.0
500.0
500.0
500.0
500.0
500.0
500.0
500.0
500.0
500.0
500.0
500.0
500.0
118.0
500.0
500.0
340.0
500.0
140.0
187.0
346.0
500.0
500.0
98.0
181.0
500.0
350.0
405.0
500.0
438.0
500.0
500.0
500.0
500.0
500.0
500.0
500.0
500.0
500.0
500.0
500.0
500.0
500.0
500.0
462.0
500.0
500.0
399.0
500.0
500.0
500.0
500.0
364.0
500.0
106.0
500.0
500.0
500.0
500.0
500.0
500.0
177.0
133.0
500.0
208.0
500.0
189.0
500.0
166.0
127.0
500.0
500.0
376.0
500.0
500.0
500.0
500.0
500.0
206.0
500.0
211.0
500.0
500.0
500.0
204.0
156.0
500.0
500.0
500.0
500.0
500.0
500.0
500.0
500.0
500.0
500.0
500.0
500.0
500.0
210.0
500.0
500.0
346.0
500.0
500.0
137.0
500.0
500.0
500.0
402.0
500.0
500.0
500.0
133.0
500.0
372.0
500.0
500.0
273.0
500.0
191.0
500.0
500.0
500.0
500.0
139.0
500.0
500.0
500.0
414.0
500.0
202.0
500.0
500.0
138.0
500.0
500.0
500.0
500.0
369.0
500.0
500.0
500.0
500.0
500.0
500.0
500.0
500.0
500.0
116.0
500.0
500.0
500.0
500.0
500.0
500.0
500.0
500.0
500.0
500.0
500.0
500.0
142.0
500.0
500.0
500.0
239.0
500.0
500.0
500.0
500.0
500.0
500.0
160.0
500.0
107.0
333.0
115.0
500.0
500.0
274.0
243.0
115.0
141.0
500.0
500.0
253.0
500.0
500.0
300.0
500.0
500.0
500.0
145.0
500.0
500.0
500.0
500.0
294.0
500.0
500.0
152.0
349.0
500.0
285.0
500.0
500.0
500.0
87.0
500.0
500.0
500.0
500.0
500.0
500.0
500.0
500.0
500.0
500.0
339.0
500.0
500.0
500.0
500.0
500.0
308.0
81.0
500.0
500.0
164.0
500.0
500.0
500.0
500.0
500.0
500.0
500.0
75.0
500.0
500.0
500.0
500.0
500.0
500.0
500.0
135.0
500.0
166.0
500.0
62.0
500.0
500.0
500.0
500.0
182.0
500.0
500.0
500.0
500.0
500.0
500.0
500.0
500.0
500.0
500.0
500.0
500.0
500.0
500.0
500.0
500.0
500.0
500.0
159.0
500.0
500.0
500.0
500.0
244.0
500.0
500.0
500.0
500.0
500.0
290.0
500.0
500.0
500.0
500.0
76.0
500.0
107.0
500.0
500.0
471.0
213.0
500.0
500.0
500.0
231.0
500.0
500.0
500.0
500.0
500.0
214.0
500.0
89.0
100.0
149.0
500.0
500.0
500.0
500.0
500.0
300.0
473.0
129.0
500.0
500.0
166.0
500.0
500.0
101.0
500.0
500.0
500.0
500.0
500.0
280.0
286.0
500.0
500.0
238.0
500.0
500.0
226.0
259.0
500.0
244.0
500.0
500.0
500.0
500.0
475.0
166.0
500.0
500.0
500.0
500.0
500.0
383.0
500.0
500.0
500.0
500.0
500.0
500.0
500.0
101.0
500.0
500.0
117.0
500.0
500.0
500.0
500.0
500.0
500.0
137.0
500.0
500.0
500.0
500.0
115.0
500.0
500.0
500.0
124.0
320.0
500.0
500.0
133.0
500.0
500.0
382.0
500.0
455.0
139.0
500.0
307.0
500.0
113.0
500.0
500.0
500.0
500.0
500.0
500.0
500.0
500.0
500.0
500.0
457.0
464.0
500.0
500.0
500.0
117.0
500.0
500.0
203.0
500.0
500.0
500.0
500.0
500.0
500.0
138.0
500.0
500.0
500.0
500.0
500.0
500.0
500.0
500.0
500.0
189.0
500.0
137.0
500.0
500.0
500.0
500.0
500.0
500.0
500.0
179.0
500.0
500.0
500.0
500.0
500.0
500.0
500.0
500.0
209.0
500.0
500.0
500.0
290.0
113.0
500.0
500.0
144.0
500.0
500.0
500.0
500.0
500.0
500.0
500.0
500.0
116.0
500.0
500.0
477.0
500.0
500.0
500.0
451.0
500.0
500.0
500.0
122.0
233.0
500.0
500.0
500.0
500.0
120.0
160.0
150.0
357.0
224.0
500.0
500.0
203.0
500.0
500.0
500.0
500.0
100.0
189.0
164.0
500.0
500.0
500.0
500.0
500.0
500.0
500.0
170.0
500.0
500.0
500.0
500.0
191.0
500.0
500.0
500.0
500.0
500.0
136.0
434.0
500.0
210.0
500.0
500.0
500.0
500.0
500.0
500.0
500.0
318.0
500.0
138.0
500.0
500.0
500.0
500.0
500.0
500.0
97.0
500.0
500.0
500.0
500.0
500.0
194.0
500.0
500.0
500.0
500.0
500.0
500.0
500.0
500.0
142.0
197.0
500.0
500.0
500.0
500.0
500.0
500.0
500.0
500.0
500.0
500.0
500.0
130.0
64.0
500.0
500.0
500.0
500.0
500.0
500.0
500.0
500.0
144.0
500.0
500.0
500.0
500.0
500.0
500.0
500.0
197.0
500.0
206.0
500.0
500.0
500.0
500.0
500.0
126.0
500.0
500.0
500.0
500.0
500.0
256.0
500.0
500.0
154.0
500.0
500.0
500.0
500.0
500.0
500.0
500.0
205.0
500.0
500.0
500.0
500.0
500.0
114.0
500.0
500.0
500.0
500.0
500.0
143.0
500.0
170.0
500.0
500.0
500.0
500.0
500.0
194.0
500.0
500.0
500.0
500.0
500.0
500.0
500.0
500.0
500.0
500.0
500.0
500.0
500.0
121.0
500.0
500.0
68.0
500.0
500.0
232.0
500.0
500.0
500.0
500.0
500.0
500.0
209.0
500.0
405.0
176.0
500.0
70.0
500.0
450.0
500.0
500.0
500.0
500.0
500.0
340.0
185.0
109.0
500.0
500.0
500.0
500.0
500.0
500.0
500.0
500.0
500.0
500.0
238.0
500.0
318.0
500.0
500.0
500.0
500.0
500.0
135.0
500.0
500.0
500.0
257.0
500.0
500.0
500.0
500.0
500.0
500.0
500.0
500.0
500.0
500.0
500.0
500.0
500.0
500.0
500.0
211.0
104.0
500.0
500.0
101.0
500.0
500.0
102.0
179.0
500.0
500.0
500.0
500.0
467.0
495.0
500.0
282.0
128.0
500.0
500.0
91.0
500.0
500.0
500.0
500.0
500.0
500.0
149.0
500.0
500.0
205.0
500.0
500.0
500.0
500.0
500.0
194.0
500.0
500.0
500.0
170.0
500.0
500.0
500.0
500.0
181.0
500.0
500.0
500.0
500.0
500.0
224.0
500.0
500.0
500.0
500.0
500.0
500.0
500.0
500.0
500.0
500.0
500.0
239.0
107.0
188.0
500.0
500.0
220.0
500.0
172.0
111.0
500.0
500.0
500.0
500.0
500.0
500.0
125.0
500.0
500.0
500.0
500.0
500.0
500.0
500.0
500.0
109.0
500.0
209.0
500.0
500.0
500.0
500.0
500.0
114.0
110.0
500.0
109.0
500.0
500.0
500.0
178.0
500.0
500.0
500.0
500.0
148.0
500.0
188.0
500.0
348.0
500.0
500.0
500.0
500.0
500.0
500.0
485.0
164.0
222.0
500.0
500.0
500.0
171.0
500.0
500.0
500.0
172.0
500.0
211.0
500.0
500.0
185.0
140.0
500.0
500.0
500.0
500.0
500.0
500.0
167.0
500.0
500.0
500.0
500.0
500.0
500.0
500.0
500.0
500.0
500.0
349.0
167.0
500.0
500.0
122.0
500.0
500.0
500.0
500.0
146.0
500.0
500.0
500.0
500.0
500.0
500.0
500.0
500.0
500.0
500.0
205.0
500.0
500.0
500.0
500.0
500.0
500.0
500.0
500.0
500.0
500.0
500.0
500.0
500.0
500.0
500.0
500.0
500.0
500.0
500.0
500.0
500.0
500.0
500.0
500.0
500.0
500.0
293.0
500.0
500.0
500.0
241.0
500.0
500.0
500.0
500.0
192.0
500.0
500.0
273.0
133.0
193.0
500.0
500.0
117.0
500.0
500.0
471.0
500.0
500.0
500.0
500.0
500.0
500.0
500.0
500.0
500.0
500.0
500.0
137.0
500.0
500.0
500.0
500.0
112.0
500.0
500.0
60.0
235.0
500.0
148.0
500.0
500.0
500.0
500.0
500.0
500.0
500.0
113.0
500.0
500.0
500.0
500.0
252.0
500.0
108.0
118.0
500.0
172.0
500.0
500.0
500.0
299.0
222.0
500.0
500.0
500.0
111.0
500.0
140.0
500.0
500.0
380.0
108.0
500.0
500.0
500.0
136.0
500.0
500.0
127.0
500.0
500.0
116.0
500.0
123.0
500.0
232.0
118.0
196.0
500.0
500.0
500.0
500.0
73.0
500.0
500.0
500.0
500.0
500.0
500.0
500.0
133.0
223.0
500.0
224.0
500.0
500.0
500.0
500.0
500.0
500.0
500.0
500.0
500.0
442.0
133.0
500.0
500.0
500.0
500.0
500.0
500.0
500.0
500.0
500.0
194.0
500.0
500.0
500.0
500.0
500.0
328.0
500.0
500.0
500.0
500.0
500.0
500.0
428.0
500.0
500.0
500.0
500.0
500.0
500.0
500.0
500.0
176.0
500.0
500.0
500.0
500.0
500.0
139.0
119.0
470.0
500.0
215.0
500.0
500.0
500.0
500.0
500.0
500.0
500.0
500.0
500.0
500.0
500.0
500.0
500.0
499.0
500.0
29.0
141.0
207.0
500.0
500.0
500.0
113.0
170.0
500.0
123.0
500.0
500.0
500.0
202.0
500.0
500.0
500.0
500.0
500.0
500.0
500.0
123.0
274.0
500.0
191.0
500.0
500.0
500.0
500.0
500.0
80.0
500.0
500.0
500.0
500.0
500.0
500.0
500.0
500.0
500.0
143.0
500.0
500.0
500.0
500.0
500.0
500.0
500.0
481.0
500.0
500.0
120.0
500.0
500.0
500.0
500.0
500.0
230.0
500.0
500.0
500.0
500.0
500.0
500.0
500.0
500.0
500.0
60.0
500.0
500.0
205.0
500.0
500.0
133.0
500.0
500.0
500.0
500.0
500.0
142.0
187.0
500.0
500.0
140.0
500.0
500.0
500.0
100.0
500.0
278.0
500.0
289.0
500.0
500.0
500.0
500.0
500.0
175.0
500.0
500.0
500.0
500.0
500.0
500.0
500.0
500.0
500.0
500.0
500.0
234.0
500.0
500.0
500.0
500.0
500.0
500.0
500.0
500.0
500.0
175.0
500.0
500.0
500.0
500.0
500.0
500.0
500.0
123.0
500.0
500.0
500.0
500.0
500.0
500.0
207.0
293.0
500.0
500.0
207.0
500.0
500.0
181.0
337.0
500.0
500.0
500.0
71.0
500.0
500.0
500.0
500.0
500.0
500.0
500.0
500.0
500.0
103.0
500.0
240.0
500.0
280.0
245.0
234.0
500.0
500.0
500.0
500.0
500.0
219.0
500.0
500.0
500.0
500.0
500.0
500.0
500.0
500.0
500.0
500.0
500.0
500.0
267.0
500.0
179.0
500.0
500.0
194.0
500.0
500.0
500.0
500.0
500.0
500.0
500.0
500.0
500.0
500.0
500.0
500.0
500.0
500.0
193.0
500.0
500.0
500.0
500.0
500.0
500.0
249.0
500.0
94.0
500.0
500.0
500.0
500.0
500.0
500.0
94.0
419.0
500.0
500.0
64.0
500.0
500.0
252.0
500.0
500.0
500.0
500.0
500.0
500.0
500.0
108.0
127.0
500.0
500.0
500.0
368.0
500.0
500.0
500.0
500.0
500.0
500.0
500.0
500.0
500.0
500.0
500.0
500.0
156.0
500.0
500.0
500.0
154.0
210.0
500.0
500.0
136.0
287.0
500.0
242.0
500.0
216.0
500.0
93.0
500.0
500.0
500.0
196.0
500.0
500.0
500.0
500.0
500.0
174.0
141.0
500.0
500.0
500.0
250.0
500.0
164.0
500.0
371.0
500.0
500.0
500.0
151.0
500.0
500.0
500.0
500.0
500.0
500.0
500.0
500.0
188.0
500.0
500.0
500.0
85.0
500.0
500.0
500.0
69.0
500.0
500.0
500.0
500.0
500.0
70.0
66.0
500.0
500.0
500.0
500.0
500.0
500.0
500.0
173.0
500.0
500.0
500.0
500.0
500.0
500.0
445.0
500.0
500.0
416.0
500.0
500.0
500.0
440.0
125.0
500.0
500.0
500.0
500.0
500.0
168.0
500.0
500.0
134.0
500.0
500.0
482.0
500.0
500.0
500.0
148.0
500.0
185.0
500.0
500.0
500.0
366.0
500.0
500.0
230.0
500.0
500.0
473.0
108.0
500.0
500.0
500.0
500.0
500.0
500.0
134.0
500.0
237.0
500.0
500.0
500.0
500.0
500.0
500.0
500.0
500.0
247.0
500.0
500.0
500.0
500.0
500.0
500.0
500.0
500.0
500.0
500.0
500.0
500.0
500.0
500.0
272.0
500.0
500.0
500.0
414.0
500.0
500.0
500.0
500.0
223.0
500.0
500.0
500.0
500.0
500.0
293.0
500.0
117.0
454.0
500.0
221.0
500.0
500.0
500.0
306.0
500.0
500.0
133.0
223.0
500.0
500.0
258.0
500.0
500.0
500.0
500.0
500.0
160.0
500.0
500.0
500.0
195.0
300.0
500.0
500.0
500.0
500.0
500.0
500.0
500.0
434.0
500.0
125.0
500.0
500.0
500.0
500.0
500.0
187.0
199.0
500.0
500.0
500.0
500.0
127.0
500.0
247.0
500.0
500.0
500.0
268.0
500.0
500.0
500.0
500.0
500.0
500.0
162.0
251.0
500.0
52.0
500.0
500.0
500.0
500.0
500.0
500.0
500.0
500.0
500.0
500.0
391.0
500.0
500.0
500.0
500.0
178.0
500.0
500.0
500.0
217.0
400.0
500.0
500.0
500.0
500.0
500.0
500.0
166.0
500.0
500.0
500.0
500.0
500.0
500.0
500.0
500.0
500.0
500.0
500.0
500.0
500.0
179.0
500.0
500.0
203.0
60.0
500.0
500.0
500.0
500.0
500.0
500.0
500.0
500.0
500.0
500.0
500.0
500.0
383.0
500.0
500.0
500.0
500.0
500.0
388.0
46.0
500.0
500.0
500.0
432.0
386.0
253.0
331.0
421.0
500.0
500.0
500.0
500.0
312.0
117.0
500.0
500.0
500.0
142.0
500.0
500.0
500.0
500.0
500.0
390.0
500.0
500.0
93.0
500.0
500.0
165.0
500.0
259.0
500.0
500.0
500.0
105.0
500.0
500.0
500.0
500.0
500.0
500.0
500.0
112.0
500.0
500.0
500.0
500.0
500.0
500.0
500.0
391.0
399.0
500.0
212.0
500.0
216.0
500.0
500.0
500.0
500.0
500.0
500.0
500.0
500.0
500.0
500.0
500.0
500.0
500.0
500.0
500.0
500.0
249.0
500.0
500.0
500.0
500.0
500.0
500.0
500.0
500.0
383.0
500.0
500.0
500.0
260.0
500.0
500.0
500.0
481.0
500.0
324.0
220.0
500.0
448.0
500.0
500.0
500.0
500.0
500.0
444.0
500.0
500.0
500.0
327.0
500.0
500.0
139.0
500.0
211.0
165.0
500.0
500.0
500.0
500.0
500.0
500.0
500.0
500.0
500.0
500.0
500.0
500.0
70.0
500.0
500.0
500.0
328.0
500.0
500.0
500.0
500.0
500.0
500.0
500.0
500.0
500.0
500.0
500.0
500.0
500.0
500.0
500.0
500.0
500.0
500.0
500.0
500.0
500.0
500.0
500.0
500.0
500.0
500.0
500.0
500.0
500.0
500.0
500.0
500.0
240.0
500.0
500.0
500.0
500.0
500.0
500.0
500.0
500.0
500.0
500.0
73.0
500.0
500.0
230.0
60.0
500.0
70.0
500.0
500.0
500.0
245.0
500.0
500.0
500.0
500.0
500.0
488.0
500.0
221.0
240.0
500.0
500.0
500.0
500.0
500.0
500.0
486.0
500.0
401.0
500.0
500.0
500.0
500.0
500.0
500.0
500.0
500.0
239.0
500.0
500.0
500.0
500.0
500.0
500.0
500.0
500.0
500.0
500.0
500.0
500.0
500.0
500.0
500.0
500.0
500.0
500.0
500.0
500.0
500.0
500.0
500.0
475.0
500.0
500.0
500.0
500.0
500.0
500.0
500.0
500.0
500.0
500.0
500.0
500.0
500.0
500.0
500.0
500.0
500.0
500.0
500.0
500.0
500.0
500.0
500.0
500.0
500.0
500.0
500.0
500.0
500.0
500.0
500.0
500.0
500.0
500.0
500.0
500.0
500.0
500.0
360.0
500.0
500.0
500.0
500.0
480.0
500.0
500.0
500.0
500.0
500.0
500.0
500.0
500.0
500.0
500.0
230.0
500.0
500.0
500.0
500.0
500.0
500.0
500.0
500.0
500.0
500.0
500.0
500.0
500.0
500.0
500.0
500.0
500.0
500.0
500.0
500.0
500.0
500.0
345.0
500.0
394.0
500.0
500.0
500.0
500.0
500.0
500.0
500.0
500.0
500.0
500.0
500.0
500.0
500.0
500.0
500.0
500.0
500.0
488.0
261.0
500.0
500.0
500.0
500.0
500.0
500.0
500.0
267.0
101.0
500.0
500.0
500.0
500.0
500.0
500.0
163.0
500.0
500.0
500.0
500.0
500.0
500.0
293.0
500.0
500.0
500.0
500.0
500.0
500.0
500.0
500.0
500.0
273.0
500.0
500.0
500.0
500.0
500.0
297.0
500.0
500.0
500.0
500.0
500.0
500.0
500.0
500.0
500.0
500.0
500.0
500.0
500.0
500.0
54.0
500.0
91.0
500.0
500.0
500.0
500.0
496.0
140.0
500.0
500.0
332.0
500.0
500.0
500.0
500.0
500.0
500.0
500.0
500.0
500.0
500.0
500.0
500.0
500.0
500.0
366.0
500.0
500.0
171.0
500.0
500.0
228.0
500.0
500.0
500.0
500.0
500.0
500.0
500.0
500.0
500.0
500.0
500.0
410.0
500.0
500.0
500.0
470.0
500.0
500.0
500.0
500.0
500.0
500.0
500.0
500.0
63.0
500.0
500.0
500.0
58.0
500.0
500.0
500.0
500.0
500.0
500.0
500.0
500.0
500.0
500.0
500.0
500.0
500.0
500.0
500.0
500.0
500.0
500.0
95.0
500.0
57.0
500.0
124.0
500.0
500.0
500.0
500.0
500.0
500.0
500.0
222.0
500.0
500.0
500.0
500.0
500.0
500.0
500.0
500.0
500.0
500.0
500.0
500.0
500.0
500.0
500.0
500.0
201.0
500.0
500.0
500.0
500.0
500.0
500.0
500.0
430.0
292.0
500.0
500.0
500.0
153.0
500.0
500.0
500.0
500.0
500.0
109.0
500.0
500.0
500.0
500.0
500.0
500.0
500.0
500.0
500.0
500.0
500.0
500.0
500.0
500.0
500.0
215.0
500.0
500.0
500.0
500.0
342.0
409.0
500.0
500.0
500.0
500.0
500.0
500.0
500.0
500.0
500.0
500.0
500.0
500.0
500.0
500.0
500.0
441.0
500.0
500.0
500.0
500.0
500.0
104.0
500.0
500.0
500.0
500.0
500.0
500.0
500.0
500.0
500.0
456.0
500.0
500.0
262.0
362.0
500.0
500.0
500.0
500.0
500.0
500.0
500.0
198.0
412.0
500.0
500.0
500.0
500.0
500.0
500.0
500.0
500.0
500.0
500.0
500.0
500.0
500.0
500.0
500.0
500.0
500.0
500.0
500.0
500.0
500.0
500.0
500.0
190.0
500.0
500.0
468.0
136.0
500.0
500.0
500.0
500.0
500.0
500.0
500.0
500.0
500.0
242.0
500.0
500.0
500.0
500.0
235.0
500.0
500.0
469.0
500.0
500.0
500.0
500.0
500.0
500.0
500.0
500.0
500.0
500.0
467.0
500.0
500.0
500.0
500.0
500.0
500.0
500.0
500.0
500.0
500.0
500.0
500.0
500.0
500.0
500.0
500.0
500.0
500.0
500.0
90.0
500.0
434.0
500.0
500.0
500.0
500.0
500.0
500.0
94.0
500.0
500.0
500.0
500.0
500.0
500.0
500.0
500.0
500.0
500.0
500.0
500.0
500.0
131.0
339.0
500.0
500.0
500.0
500.0
500.0
89.0
500.0
500.0
500.0
500.0
500.0
500.0
500.0
72.0
500.0
500.0
450.0
500.0
201.0
500.0
500.0
500.0
500.0
500.0
500.0
500.0
79.0
500.0
500.0
500.0
500.0
194.0
500.0
500.0
248.0
135.0
71.0
500.0
500.0
500.0
500.0
500.0
500.0
500.0
306.0
500.0
500.0
500.0
93.0
500.0
500.0
500.0
205.0
500.0
500.0
441.0
500.0
500.0
500.0
500.0
500.0
476.0
500.0
500.0
500.0
500.0
500.0
474.0
500.0
500.0
457.0
500.0
500.0
207.0
500.0
500.0
500.0
500.0
500.0
500.0
500.0
500.0
500.0
500.0
500.0
173.0
500.0
500.0
500.0
500.0
500.0
500.0
55.0
500.0
361.0
500.0
500.0
500.0
500.0
500.0
500.0
500.0
484.0
500.0
500.0
500.0
500.0
500.0
500.0
500.0
500.0
500.0
500.0
500.0
500.0
500.0
500.0
490.0
500.0
500.0
500.0
500.0
500.0
500.0
500.0
500.0
488.0
500.0
500.0
500.0
500.0
500.0
500.0
500.0
500.0
500.0
500.0
500.0
500.0
500.0
500.0
500.0
500.0
500.0
500.0
500.0
500.0
500.0
500.0
500.0
500.0
500.0
500.0
500.0
500.0
500.0
500.0
500.0
500.0
500.0
500.0
500.0
500.0
56.0
500.0
500.0
500.0
500.0
500.0
500.0
500.0
127.0
500.0
500.0
500.0
500.0
500.0
500.0
500.0
500.0
500.0
500.0
299.0
500.0
500.0
119.0
277.0
31.0
500.0
500.0
500.0
500.0
500.0
500.0
500.0
500.0
500.0
399.0
500.0
500.0
500.0
500.0
500.0
428.0
500.0
500.0
52.0
295.0
500.0
500.0
500.0
500.0
500.0
500.0
383.0
500.0
500.0
500.0
500.0
500.0
500.0
500.0
500.0
500.0
500.0
500.0
500.0
500.0
500.0
500.0
500.0
500.0
500.0
500.0
500.0
500.0
500.0
500.0
500.0
364.0
500.0
46.0
500.0
500.0
500.0
33.0
275.0
500.0
405.0
500.0
372.0
500.0
500.0
500.0
500.0
500.0
500.0
500.0
500.0
500.0
500.0
244.0
500.0
500.0
500.0
500.0
500.0
500.0
500.0
500.0
212.0
500.0
223.0
500.0
500.0
500.0
500.0
500.0
500.0
500.0
500.0
500.0
500.0
500.0
500.0
500.0
500.0
500.0
500.0
500.0
500.0
500.0
500.0
500.0
500.0
500.0
500.0
500.0
500.0
500.0
500.0
500.0
500.0
500.0
500.0
500.0
500.0
500.0
500.0
500.0
500.0
500.0
500.0
198.0
500.0
500.0
500.0
407.0
500.0
500.0
500.0
414.0
500.0
500.0
500.0
500.0
432.0
500.0
500.0
500.0
231.0
500.0
490.0
411.0
500.0
500.0
500.0
500.0
500.0
500.0
500.0
500.0
418.0
500.0
500.0
500.0
500.0
500.0
500.0
500.0
500.0
500.0
500.0
500.0
500.0
500.0
500.0
500.0
311.0
500.0
500.0
500.0
500.0
500.0
500.0
500.0
500.0
500.0
500.0
500.0
500.0
500.0
283.0
500.0
500.0
500.0
500.0
500.0
344.0
500.0
500.0
500.0
500.0
500.0
500.0
500.0
500.0
500.0
500.0
500.0
500.0
500.0
500.0
500.0
500.0
500.0
500.0
500.0
500.0
500.0
500.0
500.0
500.0
500.0
500.0
500.0
500.0
500.0
500.0
500.0
500.0
500.0
500.0
500.0
500.0
500.0
500.0
500.0
500.0
500.0
500.0
500.0
500.0
500.0
500.0
500.0
500.0
500.0
500.0
371.0
500.0
80.0
500.0
140.0
500.0
500.0
500.0
500.0
500.0
500.0
500.0
500.0
500.0
437.0
500.0
500.0
65.0
500.0
500.0
500.0
500.0
500.0
500.0
500.0
500.0
400.0
399.0
500.0
110.0
500.0
500.0
500.0
500.0
462.0
500.0
500.0
500.0
500.0
500.0
500.0
500.0
500.0
500.0
500.0
500.0
500.0
68.0
500.0
500.0
500.0
500.0
500.0
500.0
366.0
500.0
500.0
500.0
500.0
292.0
500.0
500.0
500.0
500.0
500.0
500.0
500.0
156.0
436.0
500.0
365.0
500.0
91.0
500.0
500.0
500.0
500.0
500.0
500.0
500.0
500.0
500.0
500.0
500.0
500.0
500.0
226.0
500.0
500.0
500.0
500.0
500.0
433.0
500.0
500.0
500.0
500.0
500.0
500.0
500.0
500.0
500.0
236.0
500.0
500.0
500.0
500.0
500.0
500.0
500.0
500.0
500.0
500.0
500.0
500.0
500.0
500.0
500.0
500.0
500.0
500.0
500.0
500.0
219.0
500.0
500.0
500.0
232.0
500.0
500.0
500.0
500.0
500.0
500.0
500.0
500.0
387.0
500.0
500.0
500.0
500.0
500.0
500.0
222.0
500.0
500.0
186.0
349.0
500.0
500.0
500.0
500.0
374.0
500.0
500.0
470.0
500.0
266.0
500.0
500.0
500.0
500.0
500.0
500.0
500.0
107.0
500.0
500.0
126.0
500.0
500.0
500.0
500.0
500.0
500.0
500.0
500.0
193.0
500.0
500.0
500.0
500.0
500.0
500.0
500.0
500.0
500.0
500.0
500.0
500.0
500.0
500.0
500.0
483.0
500.0
500.0
500.0
500.0
500.0
500.0
500.0
500.0
500.0
500.0
250.0
500.0
500.0
500.0
500.0
500.0
500.0
500.0
500.0
500.0
500.0
500.0
500.0
500.0
500.0
500.0
500.0
500.0
500.0
500.0
71.0
500.0
500.0
500.0
500.0
500.0
500.0
500.0
500.0
500.0
500.0
500.0
500.0
500.0
500.0
500.0
500.0
500.0
500.0
110.0
500.0
500.0
500.0
500.0
500.0
500.0
500.0
500.0
500.0
500.0
500.0
500.0
500.0
500.0
500.0
500.0
500.0
500.0
500.0
500.0
500.0
500.0
500.0
500.0
500.0
500.0
157.0
500.0
500.0
500.0
500.0
500.0
500.0
500.0
500.0
500.0
500.0
500.0
500.0
500.0
500.0
500.0
500.0
500.0
500.0
500.0
500.0
500.0
328.0
216.0
500.0
500.0
500.0
317.0
500.0
500.0
500.0
500.0
500.0
423.0
500.0
500.0
500.0
500.0
402.0
500.0
500.0
500.0
500.0
500.0
500.0
500.0
500.0
500.0
500.0
500.0
500.0
500.0
500.0
500.0
500.0
500.0
500.0
399.0
500.0
500.0
500.0
500.0
500.0
500.0
484.0
500.0
500.0
500.0
500.0
500.0
367.0
500.0
500.0
500.0
500.0
500.0
500.0
500.0
500.0
500.0
302.0
500.0
500.0
500.0
500.0
500.0
67.0
500.0
500.0
500.0
500.0
500.0
194.0
500.0
500.0
85.0
119.0
500.0
500.0
500.0
500.0
500.0
500.0
500.0
500.0
500.0
500.0
500.0
500.0
500.0
500.0
500.0
500.0
500.0
500.0
207.0
500.0
500.0
500.0
500.0
500.0
500.0
500.0
500.0
500.0
500.0
500.0
500.0
500.0
500.0
500.0
500.0
500.0
500.0
500.0
500.0
166.0
500.0
500.0
500.0
500.0
500.0
500.0
500.0
500.0
500.0
500.0
500.0
500.0
252.0
500.0
500.0
500.0
500.0
500.0
500.0
500.0
500.0
500.0
334.0
500.0
500.0
500.0
500.0
500.0
500.0
500.0
342.0
500.0
500.0
500.0
500.0
500.0
500.0
500.0
500.0
500.0
500.0
500.0
500.0
500.0
500.0
500.0
392.0
500.0
500.0
174.0
62.0
441.0
500.0
500.0
500.0
500.0
500.0
500.0
500.0
500.0
284.0
500.0
500.0
500.0
500.0
500.0
458.0
500.0
463.0
500.0
500.0
500.0
500.0
500.0
500.0
500.0
500.0
500.0
210.0
500.0
500.0
500.0
500.0
500.0
500.0
272.0
500.0
500.0
500.0
500.0
500.0
500.0
500.0
500.0
500.0
500.0
500.0
500.0
500.0
500.0
500.0
500.0
500.0
54.0
500.0
189.0
500.0
113.0
500.0
500.0
500.0
500.0
500.0
500.0
177.0
500.0
500.0
320.0
500.0
500.0
359.0
500.0
500.0
500.0
500.0
500.0
444.0
500.0
500.0
500.0
500.0
500.0
500.0
500.0
500.0
500.0
500.0
500.0
179.0
500.0
500.0
500.0
500.0
500.0
500.0
413.0
500.0
500.0
500.0
500.0
500.0
500.0
500.0
500.0
500.0
500.0
500.0
500.0
500.0
500.0
500.0
500.0
500.0
256.0
500.0
500.0
500.0
500.0
500.0
500.0
500.0
500.0
500.0
500.0
500.0
500.0
500.0
500.0
500.0
500.0
500.0
500.0
500.0
500.0
500.0
500.0
500.0
500.0
500.0
500.0
500.0
480.0
500.0
500.0
500.0
500.0
500.0
500.0
500.0
500.0
500.0
500.0
500.0
500.0
500.0
500.0
500.0
500.0
500.0
419.0
500.0
500.0
500.0
500.0
500.0
500.0
500.0
500.0
500.0
500.0
500.0
500.0
500.0
500.0
500.0
500.0
500.0
500.0
500.0
500.0
500.0
500.0
500.0
500.0
500.0
500.0
500.0
500.0
500.0
500.0
500.0
500.0
500.0
500.0
500.0
289.0
500.0
500.0
500.0
500.0
500.0
500.0
500.0
500.0
500.0
500.0
500.0
500.0
500.0
500.0
500.0
500.0
500.0
500.0
500.0
500.0
500.0
500.0
500.0
500.0
500.0
500.0
500.0
500.0
500.0
500.0
500.0
500.0
500.0
500.0
500.0
500.0
472.0
500.0
494.0
500.0
500.0
500.0
500.0
500.0
500.0
500.0
500.0
500.0
395.0
500.0
126.0
500.0
500.0
500.0
500.0
500.0
500.0
500.0
500.0
500.0
500.0
500.0
500.0
500.0
419.0
500.0
500.0
500.0
500.0
125.0
500.0
500.0
70.0
500.0
500.0
500.0
500.0
500.0
500.0
500.0
437.0
500.0
500.0
500.0
500.0
500.0
500.0
500.0
500.0
500.0
500.0
500.0
500.0
500.0
246.0
500.0
500.0
500.0
500.0
500.0
500.0
237.0
500.0
500.0
500.0
500.0
500.0
500.0
500.0
500.0
178.0
500.0
500.0
500.0
247.0
500.0
500.0
500.0
467.0
442.0
500.0
500.0
500.0
500.0
500.0
500.0
500.0
500.0
500.0
500.0
500.0
500.0
500.0
500.0
500.0
222.0
500.0
500.0
500.0
500.0
500.0
500.0
500.0
500.0
500.0
500.0
500.0
500.0
500.0
500.0
500.0
500.0
500.0
500.0
341.0
500.0
500.0
500.0
289.0
500.0
500.0
500.0
500.0
500.0
500.0
500.0
500.0
500.0
500.0
500.0
500.0
500.0
500.0
500.0
500.0
500.0
500.0
500.0
500.0
500.0
130.0
500.0
500.0
500.0
309.0
300.0
500.0
500.0
500.0
500.0
500.0
500.0
500.0
500.0
500.0
500.0
500.0
238.0
500.0
500.0
186.0
500.0
500.0
500.0
500.0
500.0
500.0
500.0
500.0
500.0
500.0
500.0
500.0
500.0
484.0
95.0
500.0
500.0
500.0
500.0
500.0
500.0
500.0
500.0
500.0
500.0
500.0
500.0
500.0
500.0
500.0
500.0
301.0
500.0
500.0
500.0
500.0
500.0
500.0
500.0
500.0
500.0
500.0
500.0
243.0
500.0
500.0
500.0
500.0
500.0
500.0
500.0
500.0
500.0
500.0
500.0
500.0
500.0
500.0
500.0
500.0
500.0
500.0
500.0
500.0
500.0
500.0
500.0
500.0
500.0
500.0
500.0
500.0
500.0
500.0
500.0
500.0
500.0
500.0
500.0
500.0
500.0
500.0
500.0
500.0
500.0
500.0
354.0
500.0
500.0
500.0
500.0
500.0
500.0
500.0
500.0
500.0
500.0
500.0
500.0
500.0
500.0
500.0
500.0
500.0
500.0
500.0
500.0
500.0
500.0
500.0
500.0
500.0
500.0
500.0
500.0
500.0
500.0
500.0
500.0
450.0
500.0
500.0
500.0
500.0
500.0
212.0
500.0
500.0
500.0
500.0
500.0
500.0
500.0
500.0
500.0
500.0
500.0
411.0
500.0
500.0
500.0
500.0
356.0
500.0
500.0
500.0
500.0
500.0
500.0
500.0
500.0
322.0
500.0
500.0
500.0
500.0
500.0
500.0
500.0
500.0
500.0
500.0
500.0
500.0
500.0
500.0
205.0
500.0
500.0
500.0
500.0
500.0
500.0
272.0
500.0
417.0
500.0
500.0
500.0
500.0
500.0
500.0
500.0
500.0
500.0
500.0
500.0
500.0
500.0
500.0
500.0
500.0
500.0
500.0
500.0
278.0
500.0
500.0
500.0
500.0
307.0
500.0
500.0
500.0
500.0
500.0
500.0
500.0
500.0
500.0
500.0
500.0
500.0
500.0
500.0
500.0
500.0
500.0
500.0
500.0
500.0
500.0
500.0
387.0
500.0
500.0
500.0
500.0
500.0
500.0
500.0
500.0
500.0
500.0
500.0
500.0
500.0
500.0
500.0
500.0
500.0
500.0
500.0
500.0
500.0
500.0
500.0
500.0
500.0
500.0
500.0
500.0
500.0
500.0
500.0
500.0
500.0
121.0
500.0
500.0
500.0
326.0
500.0
500.0
500.0
500.0
488.0
142.0
500.0
500.0
500.0
500.0
121.0
500.0
500.0
500.0
500.0
500.0
500.0
71.0
500.0
500.0
500.0
500.0
445.0
500.0
500.0
31.0
500.0
500.0
500.0
500.0
500.0
500.0
500.0
500.0
500.0
422.0
500.0
500.0
500.0
500.0
500.0
306.0
242.0
302.0
500.0
500.0
44.0
500.0
500.0
500.0
500.0
500.0
76.0
500.0
500.0
500.0
227.0
187.0
500.0
500.0
500.0
101.0
500.0
500.0
500.0
500.0
86.0
500.0
500.0
500.0
500.0
500.0
500.0
500.0
500.0
500.0
500.0
500.0
55.0
500.0
500.0
500.0
500.0
500.0
500.0
500.0
500.0
500.0
117.0
500.0
500.0
500.0
500.0
500.0
246.0
500.0
258.0
500.0
139.0
500.0
500.0
223.0
500.0
500.0
500.0
500.0
500.0
500.0
500.0
88.0
172.0
47.0
500.0
436.0
500.0
500.0
500.0
269.0
500.0
500.0
500.0
154.0
45.0
242.0
79.0
500.0
500.0
247.0
77.0
500.0
500.0
185.0
500.0
500.0
500.0
500.0
500.0
35.0
500.0
500.0
500.0
500.0
39.0
78.0
500.0
164.0
500.0
500.0
500.0
500.0
500.0
500.0
427.0
500.0
500.0
500.0
500.0
500.0
500.0
307.0
500.0
500.0
359.0
500.0
500.0
125.0
380.0
500.0
311.0
500.0
500.0
500.0
500.0
241.0
500.0
500.0
500.0
500.0
500.0
500.0
500.0
500.0
500.0
500.0
500.0
155.0
356.0
500.0
500.0
500.0
500.0
329.0
448.0
500.0
500.0
500.0
500.0
500.0
500.0
500.0
33.0
500.0
500.0
500.0
500.0
500.0
116.0
500.0
500.0
500.0
334.0
416.0
135.0
500.0
500.0
500.0
500.0
500.0
500.0
500.0
500.0
101.0
500.0
500.0
500.0
500.0
500.0
373.0
500.0
500.0
500.0
500.0
500.0
500.0
365.0
500.0
500.0
500.0
87.0
500.0
500.0
500.0
500.0
500.0
500.0
443.0
500.0
500.0
500.0
500.0
155.0
500.0
500.0
343.0
500.0
500.0
500.0
500.0
500.0
119.0
500.0
500.0
500.0
305.0
500.0
500.0
60.0
500.0
500.0
500.0
500.0
500.0
500.0
500.0
500.0
500.0
500.0
500.0
500.0
500.0
168.0
500.0
181.0
500.0
500.0
500.0
326.0
500.0
500.0
500.0
500.0
500.0
500.0
500.0
500.0
500.0
500.0
500.0
179.0
500.0
500.0
500.0
241.0
469.0
500.0
500.0
500.0
500.0
500.0
500.0
500.0
375.0
500.0
500.0
500.0
500.0
165.0
77.0
500.0
500.0
500.0
500.0
366.0
500.0
436.0
500.0
500.0
500.0
500.0
500.0
500.0
500.0
500.0
282.0
500.0
500.0
500.0
500.0
500.0
500.0
500.0
500.0
500.0
500.0
29.0
500.0
500.0
500.0
500.0
500.0
500.0
500.0
500.0
500.0
500.0
500.0
321.0
192.0
500.0
500.0
500.0
500.0
500.0
500.0
297.0
499.0
500.0
500.0
500.0
500.0
500.0
421.0
119.0
452.0
500.0
500.0
500.0
500.0
500.0
500.0
500.0
500.0
500.0
340.0
500.0
500.0
500.0
500.0
154.0
500.0
500.0
500.0
500.0
500.0
500.0
500.0
500.0
500.0
500.0
500.0
500.0
500.0
500.0
500.0
91.0
500.0
500.0
500.0
500.0
117.0
90.0
500.0
169.0
500.0
456.0
500.0
500.0
286.0
500.0
500.0
259.0
500.0
500.0
500.0
500.0
500.0
500.0
500.0
500.0
500.0
227.0
500.0
500.0
500.0
500.0
500.0
500.0
500.0
67.0
500.0
500.0
500.0
500.0
500.0
500.0
500.0
500.0
500.0
500.0
500.0
500.0
500.0
57.0
500.0
500.0
500.0
500.0
500.0
251.0
500.0
500.0
315.0
500.0
500.0
500.0
249.0
500.0
500.0
113.0
500.0
243.0
500.0
61.0
500.0
500.0
500.0
500.0
115.0
500.0
500.0
500.0
500.0
43.0
500.0
500.0
210.0
500.0
500.0
500.0
500.0
500.0
55.0
500.0
500.0
500.0
500.0
87.0
500.0
500.0
500.0
73.0
169.0
500.0
69.0
500.0
500.0
500.0
500.0
500.0
500.0
421.0
460.0
291.0
500.0
500.0
500.0
101.0
500.0
500.0
500.0
157.0
445.0
500.0
500.0
500.0
500.0
500.0
500.0
500.0
500.0
500.0
500.0
72.0
447.0
500.0
500.0
500.0
500.0
500.0
500.0
500.0
500.0
500.0
500.0
500.0
500.0
500.0
500.0
500.0
500.0
121.0
500.0
500.0
500.0
500.0
500.0
267.0
500.0
500.0
500.0
500.0
318.0
500.0
341.0
495.0
500.0
500.0
500.0
500.0
500.0
500.0
500.0
500.0
261.0
365.0
500.0
500.0
500.0
500.0
500.0
69.0
500.0
500.0
371.0
500.0
500.0
500.0
500.0
500.0
500.0
500.0
500.0
500.0
500.0
500.0
251.0
500.0
500.0
500.0
500.0
500.0
500.0
500.0
338.0
500.0
500.0
500.0
500.0
500.0
500.0
500.0
256.0
500.0
500.0
500.0
500.0
309.0
500.0
500.0
500.0
500.0
500.0
500.0
399.0
500.0
500.0
500.0
500.0
500.0
500.0
500.0
500.0
500.0
500.0
500.0
443.0
500.0
500.0
500.0
500.0
500.0
500.0
500.0
500.0
500.0
500.0
500.0
500.0
500.0
500.0
500.0
500.0
500.0
500.0
228.0
500.0
500.0
500.0
500.0
500.0
500.0
500.0
500.0
500.0
500.0
500.0
257.0
500.0
500.0
158.0
500.0
500.0
500.0
500.0
500.0
500.0
500.0
500.0
500.0
500.0
500.0
500.0
500.0
500.0
500.0
500.0
500.0
500.0
500.0
500.0
472.0
500.0
500.0
500.0
500.0
500.0
437.0
500.0
499.0
328.0
359.0
500.0
500.0
500.0
500.0
500.0
500.0
500.0
412.0
500.0
500.0
500.0
500.0
89.0
500.0
495.0
500.0
500.0
500.0
500.0
500.0
179.0
500.0
500.0
500.0
215.0
281.0
500.0
500.0
500.0
500.0
247.0
500.0
500.0
500.0
345.0
500.0
500.0
500.0
500.0
500.0
500.0
500.0
500.0
500.0
188.0
500.0
383.0
201.0
500.0
500.0
500.0
500.0
500.0
148.0
166.0
500.0
500.0
500.0
500.0
365.0
500.0
500.0
500.0
181.0
500.0
500.0
500.0
500.0
500.0
500.0
500.0
500.0
500.0
214.0
122.0
305.0
500.0
500.0
500.0
500.0
500.0
500.0
500.0
500.0
279.0
500.0
500.0
500.0
203.0
500.0
500.0
500.0
500.0
500.0
500.0
438.0
500.0
500.0
500.0
500.0
500.0
316.0
500.0
500.0
500.0
500.0
500.0
500.0
500.0
418.0
160.0
500.0
500.0
500.0
500.0
500.0
500.0
293.0
500.0
500.0
500.0
500.0
500.0
500.0
404.0
500.0
500.0
500.0
500.0
500.0
500.0
500.0
215.0
500.0
500.0
500.0
500.0
500.0
500.0
225.0
500.0
448.0
475.0
500.0
183.0
500.0
500.0
500.0
500.0
500.0
500.0
500.0
500.0
500.0
500.0
500.0
500.0
454.0
500.0
500.0
500.0
500.0
500.0
500.0
500.0
500.0
500.0
232.0
500.0
500.0
500.0
500.0
500.0
500.0
156.0
500.0
500.0
368.0
500.0
372.0
500.0
473.0
500.0
500.0
500.0
500.0
500.0
500.0
500.0
500.0
500.0
500.0
500.0
500.0
500.0
500.0
500.0
174.0
500.0
281.0
500.0
500.0
500.0
500.0
489.0
500.0
334.0
500.0
500.0
208.0
500.0
500.0
500.0
332.0
500.0
500.0
315.0
500.0
500.0
500.0
500.0
500.0
500.0
500.0
464.0
500.0
500.0
500.0
500.0
315.0
500.0
500.0
500.0
500.0
500.0
500.0
500.0
500.0
500.0
284.0
500.0
500.0
500.0
500.0
500.0
500.0
500.0
500.0
500.0
500.0
500.0
500.0
500.0
500.0
500.0
500.0
500.0
500.0
500.0
500.0
433.0
500.0
500.0
500.0
500.0
500.0
500.0
500.0
500.0
500.0
500.0
500.0
500.0
500.0
500.0
500.0
500.0
500.0
500.0
500.0
500.0
500.0
500.0
500.0
500.0
500.0
500.0
500.0
500.0
500.0
500.0
500.0
274.0
500.0
395.0
500.0
500.0
500.0
500.0
500.0
44.0
500.0
500.0
500.0
500.0
291.0
500.0
500.0
500.0
500.0
500.0
178.0
500.0
500.0
500.0
500.0
500.0
500.0
500.0
500.0
500.0
500.0
500.0
500.0
500.0
500.0
500.0
500.0
355.0
360.0
500.0
500.0
500.0
500.0
203.0
380.0
215.0
500.0
374.0
500.0
464.0
292.0
500.0
293.0
500.0
500.0
494.0
500.0
500.0
83.0
500.0
500.0
500.0
500.0
500.0
500.0
500.0
500.0
500.0
500.0
500.0
500.0
500.0
500.0
455.0
500.0
500.0
500.0
500.0
500.0
500.0
500.0
500.0
500.0
500.0
500.0
500.0
500.0
500.0
500.0
500.0
489.0
500.0
500.0
500.0
500.0
500.0
291.0
431.0
500.0
500.0
500.0
85.0
500.0
387.0
500.0
500.0
500.0
500.0
500.0
500.0
500.0
176.0
404.0
500.0
500.0
500.0
500.0
500.0
500.0
500.0
500.0
500.0
500.0
500.0
200.0
500.0
500.0
500.0
500.0
500.0
500.0
500.0
500.0
500.0
500.0
500.0
500.0
500.0
500.0
500.0
500.0
500.0
500.0
278.0
500.0
500.0
458.0
500.0
500.0
500.0
500.0
393.0
500.0
500.0
200.0
500.0
487.0
500.0
166.0
500.0
500.0
500.0
500.0
500.0
500.0
500.0
500.0
500.0
500.0
500.0
500.0
500.0
500.0
500.0
500.0
500.0
500.0
500.0
500.0
500.0
500.0
241.0
291.0
500.0
500.0
500.0
500.0
500.0
500.0
245.0
500.0
500.0
500.0
345.0
500.0
223.0
500.0
500.0
500.0
500.0
500.0
500.0
500.0
500.0
500.0
500.0
500.0
500.0
500.0
500.0
436.0
500.0
500.0
500.0
500.0
151.0
500.0
500.0
500.0
500.0
500.0
398.0
500.0
363.0
500.0
500.0
500.0
500.0
500.0
55.0
500.0
500.0
109.0
500.0
500.0
500.0
500.0
500.0
500.0
500.0
500.0
500.0
500.0
500.0
500.0
500.0
500.0
500.0
500.0
500.0
500.0
427.0
500.0
500.0
500.0
500.0
500.0
500.0
500.0
500.0
500.0
500.0
500.0
500.0
500.0
500.0
500.0
500.0
500.0
500.0
500.0
500.0
500.0
500.0
500.0
469.0
500.0
500.0
500.0
500.0
500.0
500.0
500.0
500.0
416.0
500.0
500.0
500.0
500.0
500.0
500.0
500.0
500.0
500.0
500.0
500.0
500.0
500.0
500.0
500.0
500.0
500.0
500.0
500.0
500.0
500.0
500.0
500.0
500.0
486.0
500.0
500.0
500.0
500.0
257.0
500.0
320.0
500.0
500.0
500.0
500.0
500.0
500.0
151.0
407.0
500.0
316.0
500.0
500.0
500.0
500.0
259.0
500.0
500.0
500.0
500.0
183.0
281.0
500.0
500.0
471.0
500.0
500.0
500.0
500.0
500.0
500.0
500.0
500.0
500.0
500.0
500.0
500.0
500.0
500.0
500.0
500.0
500.0
500.0
500.0
500.0
500.0
500.0
500.0
500.0
500.0
377.0
500.0
500.0
500.0
500.0
500.0
500.0
500.0
455.0
500.0
500.0
500.0
500.0
500.0
500.0
192.0
500.0
500.0
411.0
500.0
443.0
500.0
500.0
500.0
500.0
500.0
249.0
278.0
500.0
500.0
500.0
500.0
500.0
500.0
500.0
500.0
500.0
500.0
500.0
500.0
500.0
500.0
500.0
500.0
123.0
500.0
500.0
267.0
500.0
500.0
500.0
500.0
500.0
500.0
500.0
500.0
180.0
500.0
500.0
500.0
500.0
232.0
500.0
413.0
487.0
500.0
500.0
106.0
500.0
428.0
500.0
500.0
395.0
500.0
500.0
436.0
500.0
500.0
500.0
500.0
500.0
347.0
500.0
500.0
500.0
500.0
500.0
500.0
500.0
500.0
500.0
500.0
500.0
500.0
287.0
500.0
500.0
500.0
500.0
500.0
500.0
500.0
500.0
500.0
500.0
500.0
500.0
500.0
500.0
500.0
81.0
500.0
500.0
500.0
500.0
500.0
500.0
500.0
500.0
500.0
500.0
354.0
500.0
500.0
500.0
500.0
500.0
500.0
500.0
500.0
500.0
500.0
500.0
500.0
500.0
500.0
500.0
500.0
192.0
297.0
500.0
500.0
500.0
500.0
500.0
500.0
500.0
360.0
500.0
500.0
500.0
500.0
500.0
500.0
500.0
500.0
500.0
500.0
500.0
96.0
500.0
500.0
197.0
500.0
500.0
500.0
500.0
500.0
500.0
500.0
399.0
500.0
500.0
436.0
500.0
500.0
466.0
500.0
500.0
500.0
500.0
482.0
500.0
500.0
358.0
249.0
118.0
500.0
500.0
500.0
500.0
500.0
500.0
500.0
500.0
500.0
500.0
500.0
500.0
500.0
500.0
500.0
500.0
500.0
500.0
500.0
500.0
129.0
500.0
500.0
500.0
500.0
500.0
248.0
500.0
500.0
500.0
500.0
500.0
500.0
500.0
500.0
500.0
500.0
500.0
500.0
500.0
500.0
500.0
500.0
500.0
500.0
500.0
500.0
500.0
500.0
500.0
500.0
500.0
500.0
500.0
500.0
500.0
500.0
500.0
500.0
500.0
500.0
500.0
232.0
500.0
500.0
500.0
500.0
500.0
322.0
500.0
500.0
500.0
500.0
500.0
500.0
201.0
500.0
500.0
500.0
500.0
331.0
180.0
500.0
396.0
500.0
216.0
500.0
500.0
500.0
500.0
500.0
500.0
500.0
500.0
500.0
500.0
500.0
500.0
500.0
500.0
500.0
500.0
500.0
500.0
500.0
500.0
500.0
500.0
500.0
500.0
500.0
500.0
500.0
500.0
500.0
500.0
500.0
500.0
500.0
204.0
500.0
500.0
500.0
500.0
248.0
425.0
500.0
500.0
500.0
500.0
156.0
493.0
500.0
368.0
482.0
500.0
500.0
500.0
500.0
500.0
105.0
500.0
500.0
500.0
500.0
500.0
500.0
207.0
500.0
500.0
500.0
500.0
459.0
500.0
500.0
387.0
500.0
500.0
500.0
500.0
500.0
500.0
500.0
500.0
500.0
187.0
500.0
500.0
500.0
500.0
482.0
500.0
195.0
500.0
500.0
500.0
500.0
500.0
500.0
500.0
500.0
500.0
409.0
500.0
500.0
500.0
500.0
500.0
500.0
500.0
500.0
500.0
500.0
500.0
500.0
500.0
215.0
500.0
500.0
500.0
500.0
500.0
500.0
500.0
500.0
500.0
332.0
500.0
500.0
500.0
500.0
500.0
500.0
500.0
500.0
320.0
396.0
500.0
402.0
426.0
500.0
500.0
500.0
500.0
500.0
500.0
500.0
500.0
500.0
500.0
274.0
500.0
500.0
389.0
500.0
500.0
500.0
500.0
500.0
276.0
500.0
500.0
500.0
500.0
500.0
500.0
500.0
500.0
500.0
500.0
500.0
500.0
500.0
500.0
500.0
500.0
500.0
500.0
500.0
500.0
500.0
500.0
500.0
500.0
500.0
500.0
500.0
500.0
500.0
500.0
500.0
500.0
500.0
500.0
500.0
500.0
500.0
500.0
500.0
500.0
500.0
500.0
500.0
500.0
500.0
500.0
500.0
435.0
500.0
500.0
500.0
500.0
500.0
500.0
223.0
500.0
500.0
500.0
500.0
500.0
500.0
500.0
500.0
500.0
500.0
500.0
500.0
500.0
500.0
500.0
500.0
500.0
500.0
500.0
500.0
500.0
500.0
500.0
500.0
500.0
500.0
500.0
494.0
500.0
500.0
500.0
500.0
500.0
500.0
500.0
500.0
500.0
500.0
500.0
500.0
500.0
500.0
500.0
500.0
500.0
500.0
447.0
500.0
500.0
500.0
331.0
500.0
500.0
500.0
49.0
500.0
500.0
500.0
500.0
424.0
500.0
500.0
500.0
500.0
319.0
500.0
62.0
500.0
500.0
500.0
500.0
500.0
500.0
500.0
500.0
500.0
500.0
500.0
500.0
198.0
403.0
500.0
500.0
500.0
500.0
453.0
500.0
500.0
500.0
336.0
500.0
500.0
451.0
500.0
500.0
500.0
500.0
500.0
500.0
500.0
500.0
500.0
500.0
385.0
500.0
500.0
443.0
395.0
500.0
500.0
500.0
500.0
173.0
324.0
500.0
500.0
500.0
300.0
500.0
500.0
500.0
500.0
500.0
500.0
438.0
500.0
500.0
500.0
500.0
500.0
500.0
500.0
189.0
500.0
500.0
500.0
500.0
500.0
500.0
500.0
500.0
500.0
500.0
500.0
500.0
500.0
500.0
26.0
500.0
437.0
328.0
272.0
500.0
500.0
500.0
500.0
500.0
249.0
500.0
500.0
500.0
500.0
500.0
500.0
500.0
500.0
500.0
133.0
500.0
500.0
500.0
269.0
500.0
500.0
500.0
500.0
375.0
500.0
500.0
500.0
500.0
391.0
500.0
500.0
500.0
500.0
500.0
500.0
500.0
262.0
500.0
282.0
178.0
500.0
500.0
500.0
500.0
500.0
500.0
500.0
500.0
500.0
500.0
500.0
358.0
500.0
188.0
500.0
163.0
199.0
257.0
500.0
500.0
500.0
500.0
500.0
500.0
500.0
500.0
500.0
500.0
500.0
500.0
150.0
500.0
500.0
500.0
500.0
500.0
202.0
500.0
500.0
500.0
319.0
500.0
500.0
500.0
146.0
428.0
500.0
500.0
500.0
500.0
500.0
221.0
500.0
500.0
500.0
500.0
313.0
414.0
500.0
500.0
500.0
500.0
500.0
500.0
500.0
500.0
500.0
500.0
500.0
500.0
500.0
500.0
500.0
500.0
232.0
500.0
500.0
500.0
500.0
500.0
500.0
500.0
500.0
500.0
500.0
500.0
377.0
500.0
500.0
253.0
500.0
500.0
500.0
500.0
500.0
500.0
500.0
500.0
500.0
500.0
500.0
500.0
500.0
500.0
500.0
500.0
500.0
500.0
500.0
500.0
500.0
500.0
500.0
500.0
500.0
500.0
500.0
500.0
500.0
500.0
500.0
500.0
500.0
500.0
500.0
500.0
463.0
500.0
500.0
500.0
500.0
500.0
500.0
500.0
500.0
500.0
500.0
500.0
500.0
500.0
500.0
500.0
500.0
500.0
500.0
500.0
500.0
500.0
500.0
500.0
500.0
303.0
500.0
500.0
500.0
500.0
500.0
500.0
500.0
500.0
500.0
500.0
500.0
386.0
500.0
500.0
500.0
500.0
500.0
500.0
500.0
500.0
418.0
500.0
167.0
178.0
500.0
500.0
500.0
500.0
500.0
500.0
500.0
500.0
500.0
168.0
500.0
500.0
500.0
500.0
249.0
176.0
211.0
500.0
500.0
500.0
500.0
500.0
500.0
500.0
500.0
500.0
500.0
500.0
500.0
500.0
500.0
179.0
295.0
500.0
500.0
405.0
500.0
500.0
500.0
500.0
500.0
500.0
500.0
500.0
500.0
500.0
500.0
158.0
500.0
282.0
500.0
500.0
500.0
500.0
500.0
500.0
500.0
500.0
500.0
500.0
500.0
500.0
500.0
500.0
500.0
500.0
500.0
500.0
500.0
500.0
500.0
500.0
500.0
500.0
500.0
500.0
500.0
500.0
500.0
500.0
500.0
500.0
500.0
419.0
500.0
500.0
500.0
500.0
500.0
500.0
500.0
500.0
500.0
500.0
500.0
500.0
500.0
192.0
500.0
166.0
473.0
500.0
500.0
500.0
500.0
212.0
500.0
353.0
500.0
500.0
500.0
500.0
500.0
500.0
354.0
500.0
500.0
286.0
500.0
500.0
500.0
500.0
500.0
500.0
500.0
500.0
500.0
381.0
500.0
500.0
500.0
500.0
500.0
500.0
500.0
500.0
500.0
500.0
500.0
500.0
500.0
500.0
500.0
500.0
500.0
500.0
500.0
384.0
500.0
500.0
500.0
500.0
500.0
389.0
179.0
500.0
500.0
500.0
500.0
500.0
500.0
500.0
435.0
500.0
500.0
500.0
500.0
500.0
500.0
500.0
500.0
500.0
500.0
500.0
500.0
500.0
500.0
500.0
500.0
500.0
500.0
500.0
500.0
169.0
369.0
500.0
481.0
500.0
500.0
398.0
500.0
478.0
500.0
500.0
500.0
500.0
500.0
500.0
500.0
500.0
500.0
500.0
500.0
500.0
500.0
500.0
500.0
500.0
500.0
500.0
500.0
272.0
500.0
500.0
285.0
500.0
464.0
500.0
500.0
283.0
500.0
500.0
207.0
500.0
248.0
142.0
500.0
500.0
500.0
500.0
500.0
500.0
500.0
500.0
500.0
500.0
500.0
500.0
500.0
500.0
500.0
500.0
500.0
500.0
500.0
307.0
500.0
500.0
500.0
500.0
500.0
500.0
500.0
500.0
500.0
344.0
500.0
500.0
290.0
500.0
500.0
440.0
500.0
500.0
424.0
500.0
500.0
500.0
500.0
500.0
500.0
196.0
500.0
500.0
500.0
467.0
500.0
500.0
500.0
500.0
377.0
500.0
500.0
500.0
500.0
500.0
500.0
500.0
500.0
500.0
196.0
427.0
500.0
500.0
500.0
500.0
500.0
500.0
500.0
500.0
500.0
171.0
500.0
500.0
500.0
500.0
500.0
500.0
500.0
500.0
500.0
500.0
500.0
500.0
500.0
500.0
500.0
500.0
500.0
144.0
500.0
500.0
500.0
284.0
500.0
500.0
500.0
500.0
500.0
241.0
500.0
500.0
293.0
125.0
500.0
500.0
500.0
500.0
273.0
500.0
500.0
500.0
500.0
251.0
500.0
500.0
500.0
495.0
398.0
500.0
425.0
500.0
500.0
500.0
500.0
500.0
500.0
205.0
500.0
500.0
500.0
500.0
484.0
500.0
500.0
500.0
493.0
197.0
500.0
500.0
500.0
500.0
500.0
500.0
500.0
500.0
500.0
182.0
500.0
500.0
500.0
500.0
391.0
500.0
500.0
500.0
479.0
144.0
429.0
181.0
500.0
500.0
500.0
500.0
500.0
500.0
500.0
301.0
500.0
500.0
500.0
500.0
500.0
500.0
500.0
500.0
500.0
212.0
500.0
500.0
500.0
500.0
500.0
500.0
500.0
500.0
500.0
378.0
500.0
500.0
500.0
500.0
500.0
500.0
500.0
404.0
500.0
500.0
500.0
500.0
500.0
500.0
500.0
500.0
500.0
500.0
500.0
500.0
500.0
500.0
500.0
375.0
500.0
500.0
500.0
500.0
500.0
500.0
500.0
500.0
500.0
500.0
500.0
500.0
500.0
500.0
500.0
500.0
500.0
500.0
500.0
500.0
500.0
500.0
500.0
173.0
500.0
500.0
500.0
500.0
500.0
500.0
500.0
500.0
500.0
500.0
500.0
500.0
500.0
500.0
500.0
165.0
500.0
500.0
195.0
500.0
241.0
500.0
500.0
500.0
500.0
361.0
500.0
500.0
500.0
500.0
500.0
500.0
500.0
500.0
500.0
500.0
500.0
500.0
500.0
500.0
500.0
500.0
500.0
500.0
500.0
500.0
500.0
178.0
500.0
500.0
393.0
500.0
500.0
500.0
500.0
477.0
500.0
500.0
238.0
500.0
500.0
500.0
313.0
500.0
500.0
500.0
500.0
500.0
500.0
500.0
500.0
500.0
500.0
500.0
500.0
500.0
500.0
500.0
500.0
500.0
500.0
500.0
500.0
500.0
500.0
500.0
184.0
500.0
500.0
500.0
500.0
500.0
500.0
500.0
500.0
500.0
500.0
500.0
500.0
500.0
500.0
500.0
500.0
500.0
500.0
341.0
277.0
500.0
500.0
500.0
500.0
247.0
500.0
500.0
500.0
380.0
500.0
500.0
500.0
500.0
500.0
500.0
500.0
304.0
500.0
500.0
500.0
500.0
500.0
500.0
500.0
500.0
500.0
500.0
500.0
500.0
500.0
490.0
500.0
500.0
500.0
500.0
500.0
500.0
500.0
500.0
500.0
500.0
500.0
500.0
500.0
500.0
500.0
265.0
196.0
500.0
500.0
469.0
500.0
467.0
500.0
500.0
500.0
500.0
500.0
500.0
500.0
500.0
472.0
500.0
220.0
500.0
500.0
500.0
500.0
296.0
500.0
500.0
500.0
500.0
172.0
500.0
500.0
500.0
500.0
500.0
500.0
318.0
500.0
500.0
500.0
500.0
500.0
433.0
500.0
500.0
500.0
500.0
500.0
500.0
500.0
500.0
432.0
500.0
500.0
360.0
500.0
500.0
500.0
500.0
500.0
500.0
500.0
500.0
500.0
500.0
500.0
500.0
500.0
500.0
500.0
225.0
500.0
500.0
500.0
500.0
500.0
500.0
500.0
500.0
500.0
500.0
500.0
500.0
494.0
500.0
500.0
500.0
500.0
482.0
500.0
500.0
500.0
500.0
500.0
500.0
500.0
500.0
500.0
500.0
500.0
500.0
349.0
450.0
500.0
500.0
500.0
500.0
500.0
500.0
268.0
500.0
500.0
381.0
500.0
500.0
298.0
500.0
405.0
500.0
500.0
500.0
500.0
495.0
500.0
500.0
500.0
398.0
500.0
500.0
500.0
500.0
500.0
255.0
91.0
156.0
73.0
500.0
500.0
479.0
500.0
206.0
356.0
34.0
500.0
500.0
500.0
408.0
500.0
500.0
500.0
60.0
472.0
30.0
446.0
500.0
127.0
40.0
500.0
295.0
33.0
168.0
500.0
500.0
500.0
500.0
500.0
500.0
363.0
500.0
218.0
291.0
500.0
494.0
78.0
32.0
141.0
500.0
201.0
500.0
500.0
500.0
500.0
83.0
500.0
35.0
333.0
69.0
54.0
500.0
52.0
500.0
500.0
500.0
500.0
500.0
500.0
500.0
165.0
500.0
48.0
500.0
500.0
500.0
35.0
500.0
500.0
500.0
46.0
500.0
32.0
122.0
61.0
221.0
271.0
153.0
500.0
456.0
500.0
500.0
500.0
500.0
365.0
500.0
500.0
500.0
500.0
500.0
500.0
500.0
500.0
500.0
500.0
500.0
500.0
246.0
500.0
500.0
500.0
500.0
500.0
500.0
500.0
500.0
500.0
500.0
500.0
500.0
500.0
500.0