10.0
10.0
11.0
9.0
10.0
11.0
11.0
12.0
12.0
14.0
51.0
45.0
51.0
15.0
24.0
11.0
17.0
20.0
19.0
12.0
20.0
22.0
10.0
14.0
11.0
10.0
24.0
16.0
12.0
12.0
24.0
42.0
40.0
42.0
27.0
35.0
28.0
26.0
40.0
18.0
29.0
11.0
10.0
18.0
28.0
12.0
71.0
26.0
36.0
21.0
45.0
16.0
17.0
56.0
30.0
203.0
36.0
13.0
18.0
13.0
16.0
21.0
14.0
27.0
10.0
90.0
152.0
71.0
148.0
88.0
29.0
32.0
68.0
69.0
145.0
101.0
66.0
54.0
86.0
37.0
90.0
46.0
88.0
42.0
75.0
52.0
85.0
31.0
70.0
81.0
76.0
69.0
156.0
45.0
42.0
48.0
42.0
92.0
58.0
50.0
165.0
73.0
197.0
250.0
101.0
51.0
105.0
47.0
47.0
50.0
221.0
53.0
85.0
50.0
55.0
62.0
144.0
208.0
96.0
380.0
243.0
214.0
230.0
47.0
247.0
84.0
60.0
59.0
120.0
59.0
51.0
114.0
134.0
102.0
309.0
65.0
71.0
375.0
299.0
276.0
433.0
379.0
266.0
67.0
337.0
267.0
500.0
301.0
366.0
112.0
44.0
35.0
254.0
247.0
34.0
276.0
47.0
55.0
313.0
335.0
233.0
98.0
375.0
248.0
304.0
114.0
274.0
252.0
186.0
205.0
234.0
302.0
122.0
239.0
246.0
211.0
195.0
201.0
183.0
175.0
227.0
270.0
243.0
293.0
229.0
224.0
204.0
227.0
161.0
257.0
355.0
105.0
317.0
245.0
116.0
253.0
54.0
305.0
287.0
263.0
256.0
299.0
234.0
285.0
258.0
309.0
387.0
98.0
273.0
280.0
254.0
300.0
262.0
419.0
311.0
457.0
177.0
67.0
65.0
211.0
87.0
217.0
177.0
176.0
51.0
70.0
235.0
76.0
85.0
66.0
34.0
99.0
129.0
95.0
83.0
216.0
240.0
189.0
199.0
184.0
214.0
255.0
224.0
233.0
196.0
223.0
195.0
81.0
105.0
80.0
224.0
141.0
104.0
124.0
142.0
171.0
175.0
195.0
213.0
333.0
30.0
42.0
46.0
67.0
155.0
349.0
134.0
76.0
76.0
68.0
116.0
135.0
307.0
290.0
72.0
318.0
286.0
276.0
45.0
223.0
500.0
238.0
131.0
56.0
53.0
237.0
39.0
47.0
181.0
105.0
500.0
71.0
36.0
102.0
40.0
110.0
259.0
71.0
56.0
239.0
92.0
57.0
120.0
43.0
18.0
168.0
215.0
180.0
38.0
54.0
181.0
93.0
339.0
52.0
157.0
155.0
358.0
43.0
118.0
140.0
37.0
221.0
221.0
169.0
202.0
79.0
67.0
83.0
82.0
132.0
191.0
143.0
212.0
213.0
148.0
134.0
35.0
69.0
222.0
116.0
167.0
64.0
147.0
140.0
54.0
65.0
196.0
317.0
78.0
96.0
163.0
116.0
52.0
35.0
346.0
232.0
186.0
58.0
125.0
63.0
165.0
57.0
117.0
139.0
296.0
289.0
83.0
225.0
432.0
63.0
68.0
125.0
332.0
98.0
123.0
97.0
37.0
171.0
36.0
90.0
90.0
163.0
141.0
226.0
254.0
36.0
225.0
37.0
274.0
50.0
46.0
73.0
54.0
90.0
94.0
403.0
188.0
309.0
145.0
287.0
188.0
218.0
178.0
375.0
41.0
250.0
251.0
298.0
500.0
258.0
97.0
142.0
500.0
391.0
202.0
123.0
260.0
127.0
178.0
243.0
149.0
147.0
248.0
500.0
246.0
500.0
105.0
177.0
106.0
299.0
119.0
229.0
41.0
281.0
137.0
500.0
120.0
500.0
132.0
177.0
127.0
338.0
228.0
32.0
132.0
144.0
130.0
444.0
105.0
500.0
195.0
500.0
279.0
115.0
217.0
500.0
500.0
112.0
134.0
223.0
376.0
161.0
192.0
157.0
500.0
381.0
500.0
293.0
412.0
178.0
318.0
93.0
322.0
95.0
97.0
312.0
309.0
265.0
240.0
288.0
500.0
198.0
209.0
500.0
259.0
219.0
305.0
129.0
234.0
210.0
236.0
380.0
375.0
373.0
128.0
205.0
314.0
178.0
190.0
151.0
287.0
355.0
224.0
140.0
156.0
141.0
118.0
228.0
500.0
302.0
361.0
264.0
495.0
246.0
283.0
252.0
255.0
236.0
271.0
267.0
278.0
321.0
275.0
258.0
234.0
320.0
239.0
97.0
436.0
339.0
301.0
117.0
294.0
320.0
311.0
271.0
68.0
244.0
305.0
307.0
233.0
500.0
280.0
268.0
251.0
272.0
500.0
360.0
263.0
369.0
265.0
500.0
120.0
338.0
500.0
171.0
163.0
334.0
217.0
500.0
263.0
375.0
199.0
328.0
298.0
414.0
161.0
338.0
325.0
240.0
294.0
55.0
55.0
500.0
49.0
258.0
342.0
500.0
500.0
369.0
500.0
320.0
68.0
303.0
343.0
291.0
416.0
274.0
500.0
384.0
500.0
500.0
346.0
78.0
500.0
500.0
235.0
16.0
288.0
370.0
500.0
191.0
468.0
193.0
84.0
500.0
500.0
37.0
500.0
354.0
500.0
500.0
500.0
202.0
297.0
500.0
500.0
500.0
500.0
329.0
117.0
93.0
64.0
127.0
70.0
12.0
500.0
116.0
275.0
99.0
70.0
28.0
63.0
200.0
96.0
218.0
119.0
33.0
369.0
85.0
20.0
37.0
85.0
35.0
26.0
33.0
284.0
449.0
140.0
54.0
69.0
500.0
20.0
16.0
24.0
66.0
59.0
11.0
500.0
500.0
500.0
208.0
500.0
500.0
159.0
9.0
500.0
500.0
10.0
500.0
500.0
117.0
500.0
460.0
232.0
292.0
148.0
500.0
500.0
500.0
500.0
500.0
494.0
500.0
154.0
284.0
237.0
45.0
145.0
362.0
376.0
170.0
12.0
237.0
296.0
177.0
500.0
500.0
217.0
500.0
55.0
32.0
500.0
239.0
146.0
500.0
500.0
500.0
500.0
188.0
122.0
500.0
288.0
500.0
500.0
500.0
500.0
75.0
114.0
500.0
18.0
500.0
500.0
51.0
500.0
500.0
500.0
500.0
500.0
500.0
500.0
500.0
204.0
88.0
500.0
160.0
500.0
126.0
122.0
59.0
166.0
500.0
49.0
93.0
500.0
500.0
26.0
500.0
500.0
24.0
500.0
80.0
313.0
500.0
500.0
500.0
373.0
148.0
500.0
313.0
500.0
500.0
500.0
500.0
178.0
43.0
500.0
500.0
500.0
500.0
65.0
48.0
500.0
500.0
68.0
500.0
500.0
500.0
500.0
500.0
500.0
500.0
500.0
500.0
500.0
500.0
500.0
500.0
500.0
500.0
500.0
500.0
500.0
500.0
500.0
500.0
500.0
500.0
500.0
500.0
500.0
500.0
500.0
500.0
500.0
500.0
500.0
500.0
500.0
500.0
449.0
440.0
500.0
293.0
240.0
364.0
500.0
228.0
500.0
343.0
494.0
444.0
449.0
164.0
440.0
300.0
176.0
500.0
47.0
205.0
296.0
127.0
91.0
88.0
468.0
120.0
159.0
114.0
57.0
57.0
42.0
109.0
78.0
47.0
72.0
121.0
112.0
146.0
217.0
48.0
276.0
500.0
179.0
78.0
97.0
47.0
78.0
105.0
79.0
431.0
64.0
69.0
46.0
116.0
175.0
66.0
305.0
67.0
58.0
42.0
48.0
52.0
36.0
409.0
264.0
176.0
461.0
71.0
74.0
471.0
39.0
97.0
38.0
192.0
262.0
500.0
142.0
500.0
500.0
388.0
500.0
177.0
500.0
500.0
361.0
321.0
34.0
173.0
500.0
34.0
205.0
68.0
500.0
500.0
500.0
175.0
500.0
284.0
500.0
500.0
263.0
500.0
58.0
500.0
500.0
500.0
148.0
500.0
500.0
95.0
500.0
424.0
106.0
500.0
500.0
500.0
29.0
449.0
500.0
274.0
54.0
445.0
500.0
442.0
500.0
500.0
297.0
500.0
247.0
44.0
500.0
55.0
500.0
500.0
54.0
491.0
500.0
36.0
73.0
80.0
500.0
500.0
161.0
500.0
58.0
500.0
280.0
500.0
500.0
500.0
500.0
500.0
500.0
500.0
500.0
500.0
53.0
129.0
42.0
500.0
376.0
232.0
500.0
163.0
500.0
500.0
500.0
500.0
215.0
500.0
500.0
500.0
500.0
500.0
297.0
500.0
500.0
500.0
500.0
500.0
500.0
500.0
500.0
49.0
500.0
500.0
61.0
134.0
500.0
500.0
500.0
500.0
461.0
500.0
500.0
500.0
500.0
500.0
500.0
500.0
500.0
500.0
500.0
500.0
500.0
500.0
500.0
500.0
500.0
500.0
500.0
500.0
461.0
500.0
69.0
500.0
500.0
500.0
490.0
500.0
500.0
500.0
500.0
500.0
500.0
500.0
500.0
500.0
500.0
500.0
500.0
500.0
500.0
57.0
453.0
495.0
500.0
500.0
500.0
500.0
500.0
500.0
500.0
500.0
500.0
500.0
500.0
500.0
500.0
500.0
500.0
500.0
500.0
63.0
500.0
500.0
457.0
500.0
500.0
500.0
500.0
500.0
500.0
500.0
500.0
500.0
500.0
500.0
500.0
500.0
500.0
500.0
500.0
500.0
500.0
500.0
500.0
500.0
500.0
500.0
500.0
500.0
500.0
500.0
500.0
500.0
500.0
500.0
500.0
500.0
500.0
500.0
500.0
500.0
500.0
500.0
500.0
500.0
500.0
500.0
500.0
500.0
166.0
500.0
500.0
500.0
500.0
500.0
500.0
500.0
500.0
500.0
469.0
500.0
461.0
500.0
500.0
500.0
500.0
500.0
500.0
500.0
500.0
500.0
500.0
500.0
500.0
500.0
500.0
500.0
500.0
500.0
500.0
500.0
500.0
500.0
500.0
500.0
500.0
500.0
500.0
499.0
500.0
500.0
500.0
500.0
500.0
500.0
500.0
500.0
500.0
500.0
500.0
500.0
500.0
500.0
500.0
500.0
500.0
500.0
500.0
500.0
500.0
500.0
500.0
500.0
500.0
487.0
500.0
500.0
500.0
500.0
500.0
500.0
500.0
500.0
500.0
500.0
500.0
500.0
500.0
500.0
500.0
500.0
500.0
500.0
500.0
500.0
500.0
500.0
500.0
500.0
194.0
500.0
500.0
500.0
497.0
500.0
124.0
500.0
500.0
500.0
500.0
500.0
500.0
500.0
500.0
500.0
500.0
500.0
500.0
186.0
500.0
500.0
500.0
500.0
500.0
500.0
500.0
500.0
143.0
500.0
463.0
500.0
500.0
490.0
500.0
500.0
500.0
196.0
500.0
500.0
500.0
479.0
500.0
500.0
500.0
500.0
500.0
500.0
500.0
500.0
500.0
500.0
500.0
500.0
500.0
500.0
500.0
500.0
500.0
500.0
500.0
500.0
500.0
500.0
500.0
500.0
500.0
500.0
500.0
401.0
500.0
500.0
500.0
500.0
500.0
500.0
463.0
500.0
500.0
500.0
500.0
500.0
500.0
500.0
500.0
500.0
500.0
112.0
475.0
500.0
500.0
500.0
500.0
240.0
488.0
500.0
500.0
114.0
500.0
286.0
500.0
500.0
500.0
500.0
500.0
500.0
500.0
500.0
500.0
500.0
500.0
376.0
500.0
500.0
500.0
500.0
500.0
500.0
500.0
500.0
500.0
500.0
500.0
500.0
500.0
500.0
500.0
500.0
500.0
219.0
500.0
500.0
500.0
500.0
500.0
500.0
500.0
500.0
141.0
500.0
500.0
500.0
500.0
500.0
500.0
22.0
500.0
51.0
500.0
500.0
500.0
500.0
500.0
500.0
500.0
439.0
500.0
500.0
500.0
500.0
500.0
349.0
500.0
500.0
500.0
500.0
500.0
500.0
500.0
500.0
500.0
500.0
500.0
98.0
500.0
500.0
500.0
500.0
500.0
500.0
497.0
500.0
500.0
500.0
500.0
500.0
500.0
500.0
500.0
500.0
500.0
500.0
500.0
500.0
500.0
500.0
500.0
500.0
500.0
500.0
500.0
500.0
500.0
500.0
500.0
500.0
500.0
500.0
500.0
500.0
500.0
500.0
500.0
500.0
500.0
500.0
500.0
500.0
500.0
500.0
500.0
500.0
500.0
500.0
500.0
500.0
500.0
500.0
500.0
500.0
500.0
500.0
500.0
500.0
500.0
500.0
500.0
500.0
500.0
500.0
500.0
500.0
500.0
500.0
500.0
500.0
500.0
500.0
500.0
500.0
500.0
500.0
500.0
500.0
500.0
500.0
500.0
500.0
500.0
500.0
500.0
500.0
500.0
500.0
500.0
500.0
500.0
500.0
500.0
500.0
500.0
500.0
500.0
500.0
500.0
500.0
500.0
500.0
500.0
500.0
500.0
500.0
500.0
500.0
500.0
500.0
500.0
500.0
500.0
500.0
500.0
500.0
500.0
500.0
500.0
500.0
500.0
500.0
500.0
500.0
500.0
500.0
500.0
500.0
500.0
500.0
500.0
500.0
500.0
500.0
500.0
500.0
500.0
500.0
500.0
500.0
500.0
500.0
500.0
500.0
500.0
500.0
500.0
500.0
500.0
500.0
500.0
500.0
500.0
500.0
500.0
500.0
500.0
500.0
500.0
93.0
500.0
500.0
500.0
500.0
500.0
500.0
500.0
500.0
500.0
500.0
500.0
500.0
500.0
500.0
500.0
500.0
500.0
500.0
500.0
500.0
500.0
500.0
500.0
500.0
500.0
500.0
500.0
500.0
500.0
500.0
500.0
500.0
500.0
500.0
500.0
500.0
500.0
500.0
500.0
94.0
500.0
500.0
500.0
500.0
500.0
500.0
500.0
500.0
500.0
170.0
500.0
500.0
500.0
500.0
500.0
500.0
500.0
500.0
500.0
500.0
500.0
500.0
500.0
500.0
500.0
500.0
500.0
500.0
500.0
500.0
500.0
500.0
500.0
500.0
500.0
500.0
500.0
500.0
500.0
500.0
97.0
500.0
500.0
500.0
500.0
500.0
500.0
500.0
500.0
500.0
500.0
500.0
500.0
500.0
500.0
500.0
500.0
500.0
500.0
500.0
500.0
500.0
500.0
500.0
500.0
500.0
500.0
500.0
500.0
500.0
500.0
500.0
500.0
500.0
500.0
500.0
500.0
500.0
500.0
500.0
500.0
500.0
500.0
500.0
500.0
91.0
500.0
500.0
500.0
500.0
500.0
500.0
500.0
500.0
500.0
500.0
500.0
500.0
500.0
500.0
500.0
500.0
500.0
500.0
500.0
500.0
500.0
500.0
500.0
500.0
500.0
470.0
500.0
500.0
500.0
500.0
500.0
500.0
500.0
500.0
500.0
500.0
500.0
500.0
500.0
500.0
500.0
500.0
500.0
500.0
500.0
500.0
500.0
500.0
500.0
500.0
500.0
500.0
500.0
500.0
500.0
500.0
500.0
500.0
500.0
500.0
500.0
500.0
500.0
81.0
500.0
500.0
500.0
500.0
500.0
500.0
500.0
500.0
500.0
500.0
500.0
500.0
500.0
500.0
89.0
500.0
500.0
500.0
500.0
500.0
500.0
500.0
500.0
500.0
500.0
500.0
500.0
500.0
500.0
500.0
500.0
500.0
500.0
500.0
500.0
500.0
500.0
500.0
500.0
500.0
500.0
500.0
500.0
500.0
500.0
500.0
500.0
500.0
500.0
500.0
500.0
500.0
500.0
500.0
500.0
500.0
68.0
500.0
500.0
500.0
500.0
500.0
500.0
500.0
500.0
500.0
500.0
500.0
500.0
500.0
500.0
500.0
500.0
500.0
500.0
61.0
98.0
500.0
500.0
500.0
500.0
500.0
500.0
500.0
500.0
500.0
500.0
500.0
500.0
500.0
450.0
500.0
500.0
112.0
500.0
500.0
500.0
500.0
500.0
500.0
500.0
46.0
500.0
500.0
500.0
500.0
500.0
500.0
500.0
500.0
500.0
500.0
486.0
500.0
500.0
500.0
500.0
500.0
500.0
500.0
500.0
500.0
500.0
500.0
500.0
500.0
500.0
500.0
500.0
500.0
500.0
500.0
500.0
500.0
102.0
500.0
500.0
500.0
500.0
500.0
500.0
500.0
500.0
500.0
500.0
500.0
293.0
500.0
500.0
443.0
500.0
500.0
500.0
500.0
500.0
500.0
500.0
500.0
500.0
500.0
500.0
500.0
500.0
500.0
500.0
500.0
500.0
130.0
500.0
500.0
500.0
500.0
500.0
500.0
500.0
500.0
500.0
500.0
500.0
500.0
500.0
500.0
500.0
500.0
500.0
500.0
500.0
500.0
500.0
500.0
500.0
500.0
500.0
500.0
500.0
500.0
500.0
500.0
500.0
500.0
500.0
500.0
500.0
500.0
500.0
500.0
500.0
500.0
500.0
500.0
500.0
500.0
500.0
500.0
500.0
500.0
500.0
500.0
500.0
500.0
500.0
48.0
500.0
500.0
500.0
500.0
500.0
500.0
500.0
500.0
500.0
500.0
500.0
500.0
500.0
500.0
500.0
500.0
500.0
500.0
500.0
500.0
500.0
500.0
500.0
500.0
500.0
500.0
158.0
500.0
500.0
500.0
500.0
500.0
500.0
500.0
500.0
500.0
500.0
500.0
500.0
500.0
500.0
500.0
500.0
500.0
500.0
500.0
500.0
500.0
500.0
500.0
500.0
500.0
500.0
500.0
500.0
500.0
500.0
500.0
139.0
500.0
500.0
500.0
500.0
500.0
500.0
500.0
500.0
106.0
477.0
500.0
500.0
500.0
500.0
500.0
500.0
500.0
500.0
500.0
500.0
500.0
168.0
500.0
500.0
500.0
500.0
500.0
500.0
500.0
500.0
500.0
500.0
500.0
500.0
500.0
500.0
500.0
500.0
500.0
500.0
500.0
500.0
500.0
500.0
500.0
500.0
500.0
500.0
500.0
500.0
500.0
500.0
500.0
500.0
500.0
500.0
500.0
500.0
500.0
500.0
500.0
500.0
500.0
500.0
500.0
500.0
500.0
500.0
500.0
500.0
500.0
500.0
500.0
500.0
500.0
500.0
500.0
500.0
500.0
500.0
500.0
500.0
500.0
500.0
500.0
500.0
500.0
500.0
500.0
500.0
500.0
500.0
500.0
500.0
500.0
338.0
500.0
500.0
500.0
500.0
500.0
500.0
500.0
500.0
500.0
500.0
500.0
500.0
500.0
500.0
500.0
500.0
500.0
500.0
500.0
500.0
500.0
500.0
500.0
500.0
500.0
500.0
500.0
500.0
500.0
500.0
500.0
500.0
500.0
500.0
500.0
500.0
500.0
500.0
500.0
500.0
500.0
500.0
500.0
500.0
500.0
500.0
500.0
500.0
500.0
500.0
500.0
500.0
500.0
500.0
500.0
500.0
500.0
500.0
500.0
500.0
500.0
500.0
500.0
500.0
500.0
500.0
500.0
500.0
500.0
500.0
500.0
500.0
500.0
500.0
500.0
500.0
500.0
500.0
500.0
500.0
500.0
500.0
500.0
500.0
500.0
500.0
500.0
500.0
500.0
500.0
500.0
500.0
500.0
500.0
500.0
500.0
500.0
500.0
500.0
500.0
500.0
500.0
500.0
500.0
500.0
500.0
500.0
500.0
500.0
500.0
500.0
500.0
500.0
500.0
500.0
500.0
500.0
500.0
500.0
500.0
500.0
500.0
500.0
500.0
500.0
500.0
500.0
100.0
500.0
500.0
500.0
500.0
500.0
500.0
500.0
500.0
500.0
500.0
500.0
500.0
500.0
500.0
500.0
500.0
500.0
500.0
500.0
500.0
500.0
500.0
500.0
500.0
500.0
500.0
500.0
500.0
500.0
500.0
500.0
500.0
500.0
500.0
500.0
500.0
500.0
500.0
500.0
500.0
500.0
500.0
500.0
500.0
500.0
500.0
500.0
500.0
500.0
500.0
500.0
500.0
500.0
500.0
500.0
500.0
500.0
500.0
500.0
500.0
500.0
500.0
500.0
500.0
500.0
500.0
500.0
500.0
500.0
500.0
500.0
500.0
500.0
500.0
500.0
500.0
500.0
500.0
500.0
500.0
500.0
500.0
500.0
500.0
500.0
500.0
500.0
500.0
500.0
500.0
500.0
500.0
500.0
500.0
500.0
500.0
500.0
500.0
500.0
500.0
500.0
500.0
500.0
500.0
500.0
54.0
500.0
500.0
500.0
500.0
500.0
500.0
500.0
500.0
500.0
500.0
500.0
500.0
500.0
500.0
500.0
500.0
500.0
500.0
500.0
500.0
500.0
500.0
500.0
500.0
500.0
500.0
500.0
500.0
500.0
500.0
500.0
500.0
500.0
500.0
500.0
500.0
500.0
500.0
500.0
500.0
500.0
500.0
500.0
500.0
500.0
500.0
500.0
500.0
500.0
500.0
500.0
500.0
500.0
500.0
500.0
500.0
500.0
500.0
500.0
500.0
500.0
500.0
500.0
500.0
500.0
500.0
500.0
500.0
500.0
500.0
500.0
500.0
500.0
500.0
500.0
500.0
500.0
500.0
500.0
500.0
500.0
500.0
500.0
500.0
500.0
500.0
500.0
500.0
500.0
500.0
500.0
500.0
500.0
500.0
500.0
500.0
500.0
500.0
500.0
500.0
500.0
500.0
500.0
500.0
500.0
500.0
500.0
500.0
500.0
500.0
500.0
500.0
500.0
500.0
500.0
500.0
500.0
500.0
500.0
500.0
500.0
500.0
500.0
500.0
500.0
500.0
500.0
500.0
500.0
500.0
500.0
500.0
500.0
500.0
500.0
500.0
500.0
500.0
500.0
500.0
500.0
500.0
500.0
500.0
500.0
500.0
500.0
500.0
500.0
500.0
500.0
500.0
500.0
500.0
500.0
500.0
500.0
500.0
500.0
500.0
500.0
500.0
140.0
500.0
500.0
500.0
500.0
500.0
500.0
500.0
500.0
500.0
500.0
500.0
500.0
500.0
500.0
500.0
500.0
500.0
500.0
500.0
500.0
500.0
500.0
500.0
500.0
500.0
500.0
500.0
500.0
500.0
500.0
500.0
500.0
500.0
500.0
500.0
500.0
500.0
500.0
500.0
500.0
500.0
500.0
500.0
500.0
500.0
500.0
500.0
500.0
58.0
70.0
500.0
500.0
500.0
500.0
500.0
500.0
135.0
500.0
500.0
500.0
500.0
500.0
500.0
500.0
500.0
500.0
500.0
500.0
500.0
500.0
500.0
500.0
500.0
500.0
500.0
500.0
500.0
500.0
500.0
500.0
500.0
500.0
500.0
500.0
500.0
500.0
500.0
500.0
500.0
500.0
500.0
500.0
500.0
500.0
500.0
500.0
500.0
469.0
500.0
500.0
500.0
500.0
500.0
500.0
500.0
500.0
500.0
500.0
500.0
500.0
500.0
500.0
500.0
500.0
500.0
500.0
500.0
500.0
500.0
500.0
500.0
500.0
500.0
500.0
500.0
500.0
500.0
500.0
500.0
500.0
500.0
500.0
500.0
500.0
500.0
500.0
500.0
500.0
500.0
500.0
500.0
500.0
500.0
500.0
500.0
500.0
500.0
500.0
500.0
500.0
500.0
500.0
500.0
500.0
500.0
500.0
500.0
500.0
500.0
500.0
500.0
500.0
500.0
500.0
500.0
500.0
500.0
500.0
500.0
500.0
500.0
500.0
500.0
500.0
500.0
500.0
500.0
500.0
500.0
500.0
500.0
500.0
500.0
500.0
500.0
500.0
500.0
500.0
500.0
500.0
500.0
500.0
500.0
500.0
500.0
500.0
500.0
500.0
500.0
500.0
500.0
500.0
500.0
500.0
500.0
500.0
500.0
500.0
500.0
500.0
500.0
500.0
500.0
500.0
500.0
500.0
500.0
500.0
500.0
500.0
500.0
500.0
500.0
500.0
500.0
500.0
500.0
500.0
500.0
500.0
500.0
500.0
500.0
500.0
500.0
500.0
500.0
500.0
500.0
500.0
500.0
500.0
500.0
500.0
500.0
500.0
500.0
500.0
500.0
500.0
500.0
500.0
500.0
500.0
500.0
500.0
500.0
500.0
500.0
500.0
500.0
500.0
500.0
500.0
500.0
500.0
500.0
500.0
500.0
500.0
500.0
500.0
500.0
500.0
500.0
500.0
500.0
500.0
500.0
500.0
500.0
500.0
500.0
500.0
500.0
500.0
500.0
500.0
500.0
500.0
500.0
500.0
500.0
500.0
500.0
500.0
500.0
500.0
500.0
500.0
500.0
500.0
500.0
500.0
500.0
500.0
500.0
500.0
500.0
500.0
500.0
500.0
500.0
500.0
500.0
500.0
500.0
500.0
500.0
500.0
500.0
500.0
500.0
500.0
500.0
500.0
500.0
500.0
500.0
500.0
500.0
500.0
500.0
500.0
500.0
500.0
500.0
500.0
500.0
500.0
500.0
500.0
500.0
500.0
500.0
500.0
500.0
500.0
500.0
500.0
500.0
500.0
500.0
500.0
500.0
500.0
500.0
500.0
500.0
500.0
500.0
500.0
500.0
500.0
500.0
500.0
500.0
500.0
500.0
500.0
500.0
500.0
500.0
500.0
500.0
500.0
500.0
500.0
500.0
500.0
500.0
468.0
500.0
500.0
500.0
500.0
500.0
500.0
500.0
500.0
500.0
500.0
500.0
500.0
500.0
500.0
500.0
500.0
500.0
500.0
500.0
500.0
500.0
500.0
500.0
500.0
500.0
500.0
500.0
500.0
500.0
500.0
500.0
500.0
500.0
500.0
500.0
500.0
500.0
500.0
500.0
480.0
500.0
500.0
500.0
500.0
500.0
500.0
500.0
500.0
500.0
500.0
500.0
500.0
500.0
500.0
500.0
500.0
500.0
500.0
500.0
500.0
500.0
500.0
500.0
500.0
500.0
500.0
500.0
500.0
500.0
500.0
500.0
500.0
500.0
500.0
500.0
500.0
500.0
500.0
500.0
500.0
500.0
500.0
500.0
500.0
500.0
500.0
500.0
500.0
500.0
500.0
500.0
500.0
500.0
500.0
500.0
500.0
500.0
500.0
500.0
500.0
500.0
500.0
500.0
500.0
500.0
500.0
500.0
500.0
500.0
500.0
500.0
500.0
500.0
500.0
500.0
500.0
500.0
500.0
500.0
500.0
500.0
500.0
500.0
500.0
500.0
500.0
500.0
500.0
500.0
500.0
500.0
500.0
500.0
500.0
500.0
500.0
500.0
500.0
500.0
500.0
500.0
500.0
500.0
500.0
500.0
500.0
500.0
500.0
500.0
500.0
500.0
500.0
500.0
500.0
500.0
500.0
500.0
500.0
500.0
500.0
500.0
500.0
500.0
500.0
500.0
500.0
500.0
500.0
500.0
500.0
500.0
500.0
500.0
500.0
497.0
500.0
500.0
500.0
500.0
500.0
500.0
500.0
500.0
500.0
500.0
500.0
500.0
500.0
500.0
500.0
500.0
500.0
500.0
500.0
500.0
500.0
500.0
500.0
500.0
500.0
500.0
500.0
103.0
500.0
500.0
500.0
500.0
500.0
500.0
500.0
500.0
500.0
500.0
500.0
500.0
500.0
500.0
500.0
500.0
500.0
500.0
500.0
500.0
500.0
500.0
500.0
500.0
500.0
500.0
500.0
500.0
500.0
500.0
500.0
500.0
500.0
500.0
500.0
500.0
500.0
500.0
500.0
500.0
500.0
500.0
500.0
500.0
500.0
500.0
500.0
500.0
500.0
500.0
500.0
500.0
500.0
500.0
500.0
500.0
500.0
500.0
500.0
500.0
500.0
500.0
500.0
500.0
500.0
500.0
500.0
500.0
500.0
500.0
500.0
500.0
500.0
500.0
500.0
500.0
500.0
500.0
500.0
500.0
500.0
500.0
500.0
500.0
500.0
500.0
500.0
500.0
500.0
500.0
500.0
500.0
500.0
500.0
500.0
500.0
500.0
500.0
500.0
500.0
500.0
500.0
500.0
500.0
500.0
500.0
500.0
500.0
500.0
500.0
500.0
500.0
500.0
500.0
500.0
500.0
500.0
500.0
500.0
500.0
500.0
500.0
500.0
500.0
500.0
500.0
500.0
500.0
500.0
500.0
500.0
500.0
500.0
500.0
500.0
500.0
500.0
500.0
500.0
500.0
500.0
500.0
500.0
500.0
500.0
500.0
500.0
500.0
500.0
500.0
500.0
500.0
500.0
500.0
500.0
500.0
500.0
500.0
500.0
500.0
500.0
500.0
500.0
500.0
500.0
500.0
500.0
500.0
500.0
500.0
500.0
500.0
500.0
500.0
500.0
500.0
500.0
500.0
500.0
500.0
500.0
500.0
500.0
500.0
500.0
500.0
500.0
500.0
500.0
500.0
500.0
500.0
500.0
500.0
500.0
500.0
500.0
500.0
500.0
500.0
500.0
500.0
500.0
500.0
500.0
500.0
500.0
500.0
500.0
500.0
500.0
500.0
500.0
500.0
500.0
500.0
500.0
500.0
500.0
500.0
500.0
500.0
500.0
500.0
500.0
500.0
500.0
500.0
500.0
500.0
500.0
500.0
500.0
500.0
500.0
500.0
500.0
500.0
500.0
500.0
500.0
500.0
500.0
500.0
500.0
500.0
500.0
500.0
500.0
500.0
500.0
500.0
500.0
500.0
500.0
500.0
500.0
500.0
500.0
500.0
500.0
500.0
500.0
500.0
500.0
500.0
500.0
500.0
500.0
500.0
500.0
500.0
500.0
500.0
500.0
500.0
500.0
500.0
500.0
500.0
500.0
500.0
500.0
500.0
500.0
500.0
500.0
489.0
500.0
500.0
500.0
500.0
500.0
500.0
500.0
500.0
500.0
500.0
500.0
500.0
500.0
500.0
500.0
500.0
500.0
500.0
500.0
480.0
500.0
500.0
500.0
500.0
500.0
500.0
500.0
500.0
500.0
500.0
500.0
500.0
500.0
500.0
500.0
500.0
500.0
500.0
500.0
500.0
500.0
500.0
500.0
500.0
500.0
500.0
500.0
500.0
500.0
500.0
500.0
500.0
500.0
500.0
500.0
500.0
500.0
500.0
500.0
500.0
500.0
500.0
500.0
500.0
500.0
500.0
500.0
500.0
500.0
500.0
500.0
500.0
500.0
500.0
500.0
500.0
500.0
500.0
500.0
500.0
500.0
500.0
500.0
500.0
500.0
500.0
500.0
500.0
500.0
500.0
500.0
500.0
500.0
500.0
500.0
500.0
500.0
500.0
500.0
500.0
500.0
500.0
500.0
500.0
500.0
500.0
500.0
500.0
500.0
500.0
500.0
500.0
500.0
500.0
500.0
500.0
500.0
500.0
500.0
500.0
500.0
500.0
500.0
500.0
500.0
500.0
500.0
500.0
500.0
500.0
500.0
500.0
500.0
500.0
500.0
500.0
500.0
500.0
500.0
500.0
500.0
500.0
500.0
500.0
500.0
500.0
500.0
500.0
500.0
500.0
500.0
500.0
500.0
500.0
500.0
500.0
500.0
500.0
500.0
500.0
500.0
500.0
500.0
500.0
500.0
500.0
500.0
500.0
500.0
500.0
500.0
500.0
500.0
500.0
500.0
500.0
500.0
500.0
500.0
500.0
500.0
500.0
500.0
500.0
500.0
500.0
500.0
500.0
500.0
500.0
500.0
500.0
500.0
500.0
500.0
500.0
500.0
500.0
500.0
500.0
500.0
500.0
500.0
500.0
500.0
500.0
500.0
500.0
500.0
500.0
500.0
500.0
500.0
500.0
500.0
500.0
500.0
500.0
500.0
500.0
500.0
500.0
500.0
500.0
500.0
500.0
500.0
500.0
500.0
500.0
500.0
500.0
500.0
500.0
500.0
500.0
500.0
500.0
500.0
500.0
500.0
500.0
500.0
500.0
500.0
500.0
500.0
500.0
500.0
500.0
500.0
500.0
500.0
500.0
500.0
500.0
500.0
500.0
500.0
500.0
500.0
500.0
500.0
500.0
500.0
500.0
500.0
500.0
500.0
500.0
500.0
500.0
500.0
500.0
500.0
500.0
500.0
500.0
500.0
500.0
500.0
500.0
500.0
500.0
500.0
500.0
500.0
500.0
500.0
500.0
500.0
500.0
500.0
500.0
500.0
500.0
500.0
500.0
500.0
500.0
500.0
500.0
500.0
500.0
500.0
500.0
500.0
500.0
500.0
500.0
500.0
500.0
500.0
500.0
500.0
500.0
500.0
500.0
500.0
500.0
500.0
500.0
500.0
500.0
500.0
500.0
500.0
500.0
500.0
500.0
500.0
500.0
500.0
500.0
500.0
500.0
500.0
341.0
431.0
500.0
500.0
182.0
139.0
500.0
492.0
360.0
132.0
500.0
500.0
500.0
210.0
64.0
500.0
88.0
130.0
212.0
500.0
315.0
184.0
165.0
70.0
24.0
208.0
68.0
127.0
162.0
201.0
222.0
195.0
500.0
500.0
500.0
147.0
500.0
174.0
181.0
500.0
500.0
310.0
360.0
500.0
500.0
342.0
500.0
500.0
500.0
500.0
500.0
168.0
500.0
500.0
359.0
206.0
500.0
500.0
500.0
500.0
500.0
500.0
192.0
210.0
24.0
195.0
142.0
142.0
121.0
126.0
500.0
190.0
319.0
246.0
500.0
310.0
500.0
434.0
500.0
500.0
500.0
500.0
500.0
131.0
500.0
112.0
466.0
52.0
118.0
53.0
312.0
281.0
129.0
303.0
370.0
154.0
114.0
500.0
500.0
266.0
500.0
477.0
500.0
404.0
490.0
486.0
500.0
500.0
500.0
343.0
500.0
422.0
443.0
441.0
500.0
500.0
500.0
445.0
105.0
157.0
69.0
500.0
320.0
500.0
500.0
500.0
183.0
43.0
125.0
46.0
10.0
500.0
36.0
162.0
115.0
67.0
185.0
238.0
236.0
79.0
123.0
250.0
47.0
30.0
343.0
500.0
266.0
500.0
320.0
182.0
12.0
112.0
253.0
500.0
40.0
154.0
96.0
138.0
84.0
153.0
27.0
163.0
153.0
101.0
86.0
106.0
46.0
411.0
34.0
54.0
360.0
37.0
289.0
85.0
318.0
212.0
37.0
263.0
295.0
86.0
299.0
136.0
262.0
338.0
55.0
279.0
400.0
164.0
347.0
82.0
384.0
250.0
300.0
500.0
159.0
116.0
203.0
72.0
183.0
164.0
226.0
320.0
143.0
278.0
500.0
361.0
84.0
101.0
500.0
500.0
189.0
97.0
54.0
500.0
396.0
305.0
282.0
296.0
410.0
384.0
51.0
323.0
263.0
302.0
304.0
401.0
500.0
500.0
420.0
389.0
463.0
500.0
500.0
447.0
500.0
500.0
500.0
500.0
500.0
500.0
500.0
500.0
500.0
500.0
340.0
500.0
500.0
500.0
500.0
367.0
500.0
500.0
342.0
240.0
256.0
500.0
437.0
258.0
416.0
305.0
500.0
183.0
229.0
398.0
437.0
148.0
260.0
346.0
500.0
138.0
500.0
322.0
197.0
500.0
500.0
463.0
479.0
406.0
378.0
500.0
183.0
293.0
462.0
438.0
440.0
358.0
431.0
447.0
133.0
159.0
333.0
249.0
393.0
345.0
371.0
358.0
246.0
279.0
345.0
490.0
492.0
312.0
500.0
500.0
500.0
500.0
500.0
442.0
282.0
264.0
377.0
316.0
500.0
227.0
333.0
260.0
376.0
330.0
500.0
153.0
500.0
335.0
263.0
246.0
236.0
321.0
309.0
248.0
258.0
269.0
309.0
274.0
376.0
230.0
269.0
500.0
258.0
356.0
184.0
252.0
196.0
282.0
386.0
314.0
214.0
199.0
234.0
307.0
195.0
397.0
332.0
262.0
334.0
355.0
473.0
355.0
500.0
231.0
208.0
342.0
454.0
409.0
221.0
500.0
500.0
500.0
500.0
334.0
423.0
500.0
500.0
500.0
500.0
500.0
443.0
283.0
272.0
500.0
466.0
500.0
500.0
374.0
500.0
500.0
500.0
371.0
500.0
500.0
315.0
500.0
500.0
500.0
500.0
500.0
297.0
400.0
500.0
394.0
500.0
345.0
178.0
241.0
360.0
449.0
500.0
500.0
500.0
500.0
397.0
464.0
255.0
365.0
240.0
379.0
205.0
449.0
296.0
294.0
324.0
234.0
223.0
486.0
291.0
305.0
268.0
289.0
261.0
439.0
252.0
439.0
239.0
427.0
227.0
428.0
452.0
321.0
215.0
385.0
224.0
154.0
500.0
265.0
433.0
261.0
92.0
228.0
238.0
131.0
267.0
93.0
228.0
112.0
227.0
274.0
453.0
149.0
83.0
263.0
288.0
135.0
278.0
248.0
270.0
145.0
331.0
75.0
217.0
244.0
233.0
115.0
494.0
99.0
77.0
227.0
240.0
211.0
193.0
298.0
402.0
281.0
273.0
347.0
153.0
252.0
258.0
216.0
182.0
283.0
200.0
197.0
199.0
173.0
73.0
237.0
218.0
126.0
115.0
97.0
260.0
500.0
141.0
115.0
171.0
125.0
281.0
288.0
314.0
303.0
258.0
319.0
167.0
151.0
229.0
69.0
69.0
267.0
108.0
180.0
87.0
144.0
249.0
258.0
364.0
82.0
137.0
90.0
242.0
499.0
388.0
341.0
286.0
292.0
246.0
500.0
216.0
104.0
500.0
60.0
151.0
134.0
117.0
138.0
220.0
263.0
227.0
68.0
73.0
500.0
138.0
131.0
324.0
218.0
384.0
222.0
182.0
187.0
122.0
500.0
500.0
141.0
218.0
126.0
394.0
500.0
345.0
500.0
201.0
126.0
500.0
244.0
104.0
244.0
78.0
181.0
290.0
113.0
96.0
212.0
221.0
500.0
224.0
179.0
500.0
258.0
156.0
217.0
254.0
244.0
161.0
126.0
111.0
457.0
118.0
63.0
98.0
202.0
103.0
206.0
373.0
122.0
230.0
288.0
146.0
219.0
239.0
158.0
184.0
376.0
235.0
216.0
226.0
500.0
100.0
102.0
120.0
142.0
184.0
500.0
71.0
500.0
153.0
314.0
275.0
386.0
107.0
191.0
85.0
71.0
330.0
224.0
100.0
166.0
264.0
254.0
240.0
119.0
188.0
212.0
213.0
230.0
142.0
375.0
500.0
237.0
236.0
197.0
227.0
320.0
500.0
269.0
231.0
306.0
267.0
236.0
260.0
239.0
264.0
222.0
325.0
283.0
266.0
249.0
210.0
133.0
500.0
500.0
235.0
255.0
230.0
330.0
342.0
395.0
213.0
306.0
273.0
195.0
178.0
203.0
194.0
240.0
253.0
398.0
384.0
500.0
416.0
401.0
203.0
268.0
500.0
192.0
500.0
408.0
222.0
253.0
500.0
337.0
204.0
213.0
259.0
229.0
500.0
248.0
238.0
500.0
240.0
194.0
271.0
196.0
478.0
251.0
349.0
500.0
193.0
382.0
231.0
500.0
259.0
228.0
204.0
500.0
433.0
359.0
500.0
287.0
259.0
245.0
181.0
400.0
500.0
323.0
206.0
378.0
500.0
343.0
226.0
273.0
217.0
263.0
215.0
311.0
500.0
223.0
362.0
211.0
203.0
500.0
193.0
268.0
500.0
368.0
228.0
228.0
500.0
226.0
249.0
242.0
187.0
202.0
235.0
205.0
500.0
447.0
331.0
500.0
460.0
500.0
194.0
263.0
221.0
323.0
500.0
273.0
257.0
216.0
186.0
193.0
354.0
284.0
258.0
316.0
500.0
485.0
500.0
193.0
500.0
178.0
329.0
342.0
237.0
500.0
484.0
500.0
250.0
500.0
325.0
500.0
397.0
230.0
210.0
500.0
386.0
307.0
279.0
500.0
224.0
343.0
282.0
458.0
232.0
500.0
500.0
343.0
419.0
500.0
374.0
500.0
500.0
368.0
231.0
396.0
321.0
500.0
247.0
500.0
500.0
500.0
500.0
374.0
500.0
335.0
154.0
460.0
89.0
73.0
169.0
500.0
315.0
245.0
279.0
232.0
320.0
13.0
27.0
74.0
319.0
95.0
388.0
263.0
457.0
89.0
227.0
472.0
21.0
346.0
216.0
407.0
235.0
215.0
464.0
306.0
26.0
133.0
308.0
115.0
42.0
149.0
25.0
260.0
500.0
351.0
35.0
345.0
320.0
500.0
168.0
242.0
19.0
500.0
328.0
223.0
291.0
219.0
500.0
87.0
159.0
118.0
192.0
92.0
264.0
279.0
122.0
146.0
256.0
104.0
500.0
288.0
165.0
194.0
88.0
80.0
232.0
266.0
349.0
335.0
269.0
108.0
234.0
366.0
266.0
266.0
142.0
70.0
210.0
417.0
274.0
175.0
67.0
259.0
116.0
107.0
75.0
276.0
88.0
155.0
226.0
101.0
79.0
292.0
100.0
79.0
500.0
190.0
154.0
28.0
460.0
444.0
361.0
99.0
114.0
233.0
33.0
283.0
94.0
408.0
86.0
500.0
93.0
17.0
14.0
120.0
21.0
217.0
500.0
460.0
500.0
500.0
500.0
360.0
223.0
91.0
219.0
268.0
446.0
166.0
500.0
22.0
325.0
284.0
165.0
112.0
249.0
405.0
500.0
107.0
385.0
283.0
82.0
460.0
86.0
222.0
36.0
187.0
71.0
78.0
91.0
47.0
500.0
336.0
201.0
235.0
76.0
111.0
84.0
63.0
141.0
245.0
386.0
258.0
467.0
266.0
71.0
192.0
294.0
303.0
167.0
151.0
78.0
500.0
37.0
92.0
327.0
89.0
500.0
230.0
121.0
248.0
127.0
500.0
400.0
461.0
431.0
500.0
500.0
485.0
132.0
500.0
500.0
76.0
500.0
500.0
500.0
500.0
434.0
459.0
500.0
500.0
280.0
109.0
157.0
159.0
500.0
300.0
391.0
500.0
107.0
254.0
108.0
500.0
440.0
500.0
447.0
500.0
83.0
500.0
147.0
454.0
500.0
407.0
500.0
173.0
85.0
72.0
215.0
241.0
302.0
114.0
500.0
500.0
422.0
398.0
500.0
500.0
166.0
105.0
500.0
259.0
444.0
108.0
107.0
77.0
310.0
82.0
456.0
269.0
391.0
20.0
273.0
346.0
500.0
225.0
469.0
431.0
113.0
195.0
435.0
91.0
440.0
64.0
500.0
500.0
500.0
500.0
215.0
91.0
500.0
42.0
403.0
471.0
365.0
242.0
238.0
194.0
120.0
366.0
137.0
273.0
278.0
317.0
500.0
124.0
500.0
253.0
500.0
500.0
500.0
378.0
249.0
332.0
351.0
281.0
399.0
152.0
99.0
500.0
117.0
500.0
450.0
332.0
500.0
165.0
209.0
226.0
192.0
235.0
83.0
119.0
240.0
211.0
388.0
119.0
329.0
289.0
89.0
139.0
500.0
354.0
333.0
220.0
114.0
82.0
428.0
500.0
242.0
198.0
370.0
122.0
468.0
500.0
139.0
260.0
500.0
422.0
239.0
45.0
112.0
353.0
304.0
485.0
500.0
251.0
333.0
500.0
500.0
500.0
500.0
131.0
500.0
500.0
500.0
129.0
500.0
500.0
465.0
398.0
228.0
488.0
262.0
482.0
500.0
150.0
245.0
414.0
500.0
227.0
500.0
500.0
77.0
500.0
456.0
108.0
500.0
447.0
500.0
500.0
500.0
376.0
500.0
104.0
110.0
500.0
114.0
500.0
308.0
500.0
185.0
325.0
179.0
293.0
500.0
452.0
255.0
293.0
106.0
81.0
500.0
500.0
445.0
500.0
120.0
500.0
500.0
194.0
312.0
500.0
89.0
233.0
500.0
500.0
500.0
308.0
500.0
500.0
104.0
500.0
500.0
394.0
316.0
364.0
299.0
366.0
296.0
500.0
145.0
379.0
500.0
500.0
284.0
500.0
500.0
119.0
179.0
500.0
413.0
100.0
500.0
500.0
475.0
102.0
341.0
93.0
363.0
500.0
500.0
84.0
207.0
388.0
157.0
500.0
500.0
112.0
500.0
500.0
420.0
360.0
262.0
346.0
500.0
446.0
106.0
421.0
102.0
422.0
134.0
349.0
118.0
500.0
128.0
429.0
212.0
500.0
147.0
500.0
406.0
147.0
214.0
85.0
262.0
500.0
130.0
500.0
500.0
303.0
482.0
125.0
127.0
391.0
212.0
500.0
110.0
500.0
121.0
89.0
500.0
160.0
500.0
90.0
309.0
500.0
130.0
80.0
500.0
121.0
500.0
500.0
500.0
329.0
196.0
300.0
316.0
500.0
361.0
324.0
500.0
500.0
450.0
115.0
438.0
358.0
86.0
141.0
196.0
88.0
352.0
500.0
124.0
500.0
323.0
120.0
384.0
99.0
500.0
412.0
318.0
500.0
65.0
79.0
500.0
499.0
500.0
195.0
500.0
162.0
500.0
500.0
114.0
135.0
136.0
123.0
128.0
500.0
71.0
500.0
89.0
364.0
500.0
138.0
104.0
216.0
500.0
373.0
500.0
104.0
500.0
53.0
424.0
445.0
114.0
500.0
500.0
500.0
500.0
500.0
500.0
500.0
500.0
500.0
500.0
372.0
500.0
469.0
373.0
239.0
317.0
443.0
440.0
500.0
487.0
500.0
268.0
444.0
425.0
500.0
500.0
360.0
500.0
500.0
52.0
451.0
331.0
500.0
266.0
108.0
500.0
86.0
500.0
310.0
500.0
500.0
500.0
500.0
450.0
500.0
500.0
130.0
500.0
372.0
500.0
149.0
500.0
98.0
500.0
500.0
290.0
500.0
500.0
500.0
51.0
255.0
500.0
8.0
500.0
500.0
500.0
500.0
500.0
500.0
500.0
500.0
108.0
176.0
50.0
500.0
500.0
352.0
266.0
500.0
500.0
160.0
21.0
229.0
392.0
500.0
185.0
72.0
13.0
500.0
284.0
401.0
398.0
137.0
127.0
104.0
51.0
500.0
13.0
392.0
26.0
10.0
303.0
341.0
500.0
289.0
500.0
285.0
65.0
167.0
252.0
264.0
101.0
500.0
500.0
19.0
500.0
500.0
500.0
25.0
122.0
15.0
492.0
294.0
119.0
359.0
389.0
500.0
213.0
360.0
402.0
37.0
374.0
21.0
19.0
37.0
45.0
28.0
179.0
436.0
320.0
334.0
326.0
168.0
500.0
326.0
500.0
12.0
500.0
301.0
63.0
29.0
456.0
180.0
500.0
323.0
310.0
300.0
485.0
418.0
500.0
421.0
257.0
427.0
140.0
171.0
248.0
308.0
469.0
500.0
500.0
414.0
490.0
278.0
349.0
415.0
415.0
418.0
500.0
293.0
286.0
260.0
294.0
442.0
385.0
257.0
500.0
93.0
476.0
206.0
500.0
318.0
191.0
142.0
340.0
393.0
500.0
451.0
416.0
107.0
500.0
70.0
204.0
334.0
131.0
315.0
139.0
70.0
358.0
329.0
370.0
500.0
115.0
156.0
87.0
235.0
13.0
289.0
15.0
102.0
117.0
291.0
459.0
209.0
195.0
97.0
113.0
500.0
356.0
33.0
260.0
500.0
475.0
333.0
431.0
168.0
500.0
175.0
180.0
192.0
500.0
320.0
500.0
112.0
500.0
117.0
287.0
168.0
136.0
104.0
446.0
427.0
174.0
335.0
219.0
319.0
85.0
97.0
10.0
57.0
168.0
147.0
133.0
100.0
427.0
59.0
106.0
268.0
139.0
289.0
500.0
61.0
83.0
70.0
91.0
58.0
53.0
15.0
68.0
287.0
99.0
48.0
398.0
171.0
12.0
34.0
98.0
195.0
73.0
446.0
25.0
33.0
122.0
329.0
15.0
162.0
32.0
24.0
17.0
9.0
335.0
14.0
26.0
149.0
18.0
9.0
196.0
425.0
441.0
9.0
185.0
49.0
30.0
65.0
96.0
219.0
47.0
500.0
34.0
213.0
178.0
364.0
54.0
166.0
34.0
16.0
38.0
88.0
12.0
366.0
21.0
490.0
282.0
64.0
31.0
24.0
22.0
18.0
14.0
16.0
13.0
37.0
186.0
23.0
26.0
38.0
163.0
84.0
209.0
132.0
9.0
33.0
164.0
14.0
167.0
42.0
44.0
11.0
36.0
18.0
15.0
20.0
500.0
28.0
148.0
25.0
83.0
59.0
40.0
500.0
269.0
21.0
24.0
24.0
89.0
58.0
203.0
500.0
500.0
98.0
496.0
160.0
437.0
500.0
296.0
500.0
189.0
141.0
154.0
298.0
324.0
500.0
500.0
350.0
176.0
196.0
239.0
500.0
500.0
311.0
287.0
487.0
132.0
500.0
192.0
218.0
500.0
150.0
192.0
281.0
388.0
500.0
500.0
141.0
248.0
246.0
500.0
500.0
399.0
410.0
158.0
125.0
500.0
366.0
500.0
226.0
156.0
70.0
251.0
135.0
172.0
139.0
138.0
500.0
151.0
130.0
151.0
153.0
206.0
500.0
197.0
289.0
500.0
112.0
201.0
500.0
93.0
500.0
142.0
31.0
144.0
129.0
500.0
500.0
124.0
116.0
148.0
500.0
34.0
500.0
268.0
190.0
148.0
225.0
230.0
500.0
222.0
500.0
76.0
110.0
31.0
89.0
222.0
220.0
152.0
212.0
116.0
58.0
500.0
43.0
111.0
500.0
411.0
228.0
159.0
500.0
500.0
308.0
52.0
196.0
111.0
55.0
151.0
500.0
236.0
234.0
356.0
54.0
63.0
230.0
223.0
140.0
253.0
67.0
34.0
46.0
47.0
35.0
174.0
49.0
197.0
43.0
413.0
52.0
380.0
205.0
42.0
117.0
314.0
237.0
259.0
256.0
49.0
240.0
66.0
265.0
71.0
160.0
106.0
185.0
361.0
327.0
206.0
80.0
100.0
313.0
206.0
81.0
56.0
192.0
102.0
210.0
226.0
136.0
77.0
85.0
100.0
234.0
49.0
365.0
215.0
197.0
43.0
45.0
44.0
116.0
36.0
203.0
178.0
42.0
205.0
65.0
237.0
109.0
69.0
404.0
124.0
265.0
142.0
140.0
48.0
89.0
285.0
93.0
245.0
244.0
267.0
118.0
117.0
167.0
174.0
134.0
306.0
51.0
63.0
81.0
412.0
500.0
205.0
180.0
121.0
428.0
269.0
46.0
167.0
185.0
177.0
44.0
117.0
59.0
248.0
306.0
137.0
150.0
403.0
63.0
359.0
193.0
344.0
319.0
243.0
62.0
165.0
500.0
500.0
500.0
97.0
500.0
365.0
322.0
387.0
500.0
232.0
96.0
425.0
128.0
50.0
81.0
288.0
500.0
212.0
73.0
179.0
279.0
180.0
268.0
257.0
500.0
428.0
307.0
500.0
500.0
156.0
239.0
75.0
161.0
49.0
205.0
500.0
194.0
297.0
500.0
223.0
127.0
315.0
500.0
26.0
199.0
250.0
289.0
70.0
75.0
77.0
250.0
500.0
268.0
500.0
224.0
419.0
94.0
36.0
293.0
337.0
235.0
192.0
182.0
56.0
302.0
67.0
54.0
232.0
288.0
36.0
51.0
128.0
500.0
187.0
289.0
178.0
218.0
332.0
171.0
311.0
500.0
202.0
164.0
239.0
344.0
271.0
126.0
268.0
259.0
289.0
208.0
234.0
91.0
161.0
352.0
195.0
351.0
279.0
382.0
251.0
171.0
56.0
49.0
190.0
52.0
124.0
368.0
164.0
500.0
500.0
229.0
162.0
120.0
52.0
111.0
207.0
187.0
263.0
98.0
263.0
71.0
183.0
284.0
282.0
500.0
198.0
77.0
500.0
348.0
360.0
284.0
277.0
500.0
239.0
156.0
329.0
249.0
500.0
202.0
343.0
78.0
257.0
228.0
117.0
208.0
113.0
500.0
210.0
152.0
202.0
217.0
194.0
222.0
328.0
500.0
500.0
131.0
217.0
500.0
500.0
176.0
215.0
309.0
283.0
212.0
212.0
114.0
77.0
279.0
500.0
227.0
343.0
305.0
198.0
500.0
271.0
143.0
500.0
238.0
235.0
57.0
326.0
274.0
241.0
65.0
242.0
98.0
194.0
500.0
252.0
500.0
500.0
500.0
172.0
92.0
186.0
500.0
323.0
175.0
239.0
500.0
141.0
209.0
178.0
167.0
407.0
63.0
85.0
500.0
272.0
500.0
195.0
256.0
145.0
264.0
274.0
331.0
125.0
206.0
311.0
500.0
273.0
252.0
500.0
313.0
296.0
353.0
286.0
405.0
87.0
500.0
500.0
186.0
500.0
342.0
195.0
242.0
500.0
217.0
55.0
364.0
199.0
311.0
167.0
208.0
115.0
359.0
210.0
68.0
183.0
303.0
279.0
269.0
296.0
257.0
268.0
353.0
153.0
240.0
298.0
320.0
63.0
75.0
187.0
144.0
310.0
181.0
426.0
291.0
196.0
123.0
354.0
356.0
250.0
217.0
155.0
432.0
181.0
500.0
230.0
500.0
144.0
225.0
163.0
500.0
181.0
146.0
500.0
177.0
327.0
241.0
264.0
259.0
479.0
227.0
500.0
405.0
464.0
500.0
500.0
291.0
335.0
219.0
17.0
44.0
500.0
55.0
333.0
189.0
187.0
500.0
253.0
500.0
500.0
182.0
202.0
193.0
500.0
490.0
201.0
205.0
235.0
500.0
201.0
160.0
138.0
266.0
238.0
343.0
189.0
166.0
216.0
500.0
500.0
321.0
185.0
418.0
123.0
206.0
292.0
177.0
30.0
500.0
228.0
500.0
247.0
426.0
258.0
325.0
170.0
153.0
304.0
309.0
492.0
192.0
500.0
278.0
249.0
500.0
500.0
500.0
247.0
274.0
126.0
301.0
263.0
161.0
156.0
74.0
184.0
293.0
309.0
162.0
115.0
263.0
382.0
190.0
500.0
273.0
284.0
500.0
500.0
352.0
273.0
500.0
292.0
315.0
277.0
500.0
500.0
500.0
500.0
175.0
150.0
344.0
164.0
204.0
313.0
215.0
169.0
242.0
143.0
262.0
500.0
183.0
500.0
500.0
500.0
500.0
126.0
500.0
317.0
175.0
249.0
354.0
215.0
500.0
338.0
249.0
201.0
500.0
317.0
296.0
178.0
220.0
365.0
500.0
255.0
286.0
136.0
217.0
500.0
434.0
313.0
424.0
102.0
318.0
500.0
288.0
500.0
500.0
336.0
197.0
174.0
500.0
86.0
224.0
500.0
187.0
264.0
325.0
291.0
269.0
500.0
206.0
198.0
500.0
500.0
253.0
500.0
174.0
210.0
462.0
500.0
265.0
138.0
373.0
500.0
174.0
254.0
271.0
272.0
351.0
256.0
496.0
249.0
178.0
187.0
297.0
299.0
178.0
137.0
143.0
500.0
291.0
171.0
242.0
407.0
203.0
356.0
193.0
445.0
164.0
242.0
178.0
334.0
500.0
263.0
500.0
315.0
305.0
284.0
380.0
263.0
256.0
500.0
271.0
251.0
500.0
500.0
283.0
500.0
255.0
500.0
500.0
500.0
276.0
500.0
219.0
220.0
500.0
329.0
500.0
330.0
500.0
165.0
303.0
215.0
250.0
500.0
500.0
306.0
366.0
159.0
500.0
500.0
476.0
500.0
263.0
159.0
226.0
260.0
500.0
207.0
287.0
250.0
471.0
439.0
303.0
234.0
500.0
171.0
500.0
362.0
274.0
282.0
276.0
500.0
500.0
500.0
245.0
52.0
309.0
163.0
371.0
500.0
500.0
290.0
175.0
362.0
500.0
268.0
242.0
235.0
240.0
164.0
466.0
165.0
299.0
421.0
207.0
286.0
95.0
500.0
241.0
371.0
500.0
174.0
166.0
273.0
171.0
251.0
500.0
219.0
185.0
86.0
500.0
500.0
273.0
260.0
311.0
187.0
224.0
500.0
197.0
500.0
500.0
328.0
155.0
197.0
280.0
351.0
236.0
214.0
359.0
352.0
216.0
367.0
189.0
289.0
205.0
201.0
500.0
159.0
195.0
426.0
500.0
154.0
253.0
388.0
500.0
500.0
500.0
387.0
500.0
500.0
500.0
500.0
265.0
219.0
177.0
500.0
273.0
500.0
200.0
241.0
244.0
195.0
311.0
248.0
440.0
303.0
248.0
500.0
171.0
158.0
233.0
279.0
214.0
370.0
174.0
275.0
365.0
500.0
211.0
500.0
500.0
161.0
187.0
213.0
500.0
500.0
329.0
463.0
202.0
229.0
500.0
500.0
500.0
295.0
500.0
500.0
500.0
191.0
176.0
461.0
232.0
175.0
500.0
168.0
210.0
313.0
286.0
159.0
500.0
500.0
187.0
274.0
212.0
344.0
272.0
500.0
330.0
500.0
308.0
312.0
373.0
167.0
175.0
297.0
239.0
346.0
186.0
363.0
217.0
500.0
230.0
203.0
188.0
239.0
268.0
277.0
146.0
312.0
500.0
255.0
243.0
219.0
167.0
299.0
500.0
241.0
230.0
339.0
500.0
166.0
204.0
376.0
251.0
500.0
500.0
228.0
202.0
347.0
161.0
500.0
500.0
198.0
500.0
289.0
219.0
176.0
500.0
500.0
226.0
363.0
494.0
188.0
170.0
344.0
487.0
500.0
261.0
182.0
168.0
165.0
157.0
228.0
222.0
167.0
500.0
392.0
193.0
236.0
184.0
181.0
245.0
266.0
500.0
342.0
178.0
174.0
500.0
331.0
275.0
237.0
188.0
431.0
173.0
391.0
190.0
183.0
309.0
294.0
500.0
282.0
236.0
273.0
267.0
500.0
182.0
175.0
319.0
358.0
322.0
247.0
500.0
500.0
191.0
500.0
282.0
157.0
500.0
184.0
500.0
322.0
227.0
500.0
176.0
239.0
166.0
292.0
500.0
178.0
219.0
500.0
169.0
252.0
313.0
484.0
500.0
256.0
281.0
500.0
248.0
274.0
233.0
500.0
210.0
193.0
254.0
270.0
173.0
182.0
344.0
237.0
190.0
176.0
438.0
211.0
500.0
282.0
292.0
458.0
177.0
349.0
181.0
238.0
358.0
184.0
275.0
500.0
398.0
500.0
199.0
298.0
500.0
227.0
500.0
500.0
457.0
181.0
169.0
500.0
500.0
187.0
500.0
227.0
407.0
307.0
269.0
500.0
286.0
181.0
500.0
221.0
296.0
451.0
183.0
244.0
347.0
500.0
201.0
500.0
182.0
176.0
500.0
258.0
189.0
275.0
265.0
176.0
215.0
500.0
229.0
290.0
158.0
184.0
183.0
500.0
189.0
358.0
258.0
206.0
500.0
260.0
305.0
184.0
245.0
201.0
327.0
229.0
489.0
165.0
463.0
426.0
215.0
260.0
500.0
183.0
494.0
204.0
388.0
207.0
213.0
212.0
192.0
231.0
215.0
309.0
328.0
221.0
500.0
190.0
258.0
500.0
238.0
169.0
500.0
382.0
264.0
158.0
179.0
218.0
307.0
345.0
271.0
196.0
180.0
201.0
268.0
250.0
258.0
166.0
266.0
500.0
500.0
344.0
258.0
347.0
500.0
446.0
500.0
218.0
263.0
500.0
196.0
500.0
500.0
184.0
276.0
187.0
332.0
238.0
252.0
254.0
183.0
231.0
468.0
500.0
500.0
159.0
500.0
304.0
500.0
260.0
500.0
169.0
225.0
359.0
190.0
293.0
235.0
201.0
215.0
268.0
240.0
500.0
188.0
251.0
212.0
229.0
322.0
183.0
350.0
177.0
235.0
181.0
199.0
500.0
234.0
214.0
360.0
209.0
187.0
289.0
188.0
290.0
261.0
193.0
218.0
326.0
216.0
232.0
252.0
353.0
153.0
232.0
500.0
431.0
254.0
194.0
169.0
500.0
500.0
500.0
95.0
144.0
225.0
280.0
92.0
186.0
284.0
330.0
251.0
245.0
220.0
314.0
500.0
240.0
344.0
265.0
500.0
175.0
215.0
500.0
257.0
251.0
277.0
187.0
500.0
401.0
305.0
500.0
170.0
259.0
344.0
306.0
232.0
500.0
202.0
212.0
479.0
355.0
166.0
249.0
194.0
245.0
397.0
204.0
160.0
500.0
167.0
500.0
217.0
500.0
194.0
191.0
245.0
193.0
254.0
500.0
438.0
197.0
197.0
197.0
204.0
420.0
256.0
218.0
500.0
195.0
237.0
500.0
500.0
273.0
181.0
216.0
500.0
500.0
279.0
249.0
171.0
197.0
261.0
198.0
190.0
173.0
305.0
173.0
317.0
290.0
154.0
500.0
221.0
331.0
261.0
281.0
344.0
210.0
259.0
182.0
276.0
194.0
186.0
332.0
263.0
500.0
235.0
470.0
500.0
157.0
183.0
500.0
500.0
207.0
500.0
266.0
131.0
217.0
184.0
259.0
232.0
193.0
212.0
263.0
182.0
500.0
323.0
266.0
263.0
500.0
500.0
500.0
196.0
195.0
500.0
223.0
249.0
190.0
328.0
260.0
237.0
500.0
500.0
500.0
500.0
311.0
196.0
237.0
229.0
500.0
272.0
409.0
500.0
170.0
319.0
204.0
183.0
500.0
500.0
198.0
211.0
500.0
500.0
117.0
211.0
178.0
500.0
264.0
249.0
200.0
207.0
162.0
155.0
396.0
270.0
240.0
323.0
500.0
500.0
287.0
253.0
176.0
211.0
323.0
500.0
500.0
500.0
498.0
219.0
166.0
200.0
418.0
500.0
223.0
333.0
306.0
279.0
322.0
351.0
178.0
255.0
500.0
488.0
179.0
500.0
230.0
196.0
241.0
367.0
270.0
500.0
271.0
217.0
209.0
181.0
453.0
259.0
281.0
358.0
269.0
500.0
253.0
221.0
173.0
338.0
180.0
344.0
285.0
262.0
247.0
226.0
195.0
271.0
320.0
407.0
238.0
161.0
224.0
177.0
235.0
293.0
280.0
500.0
308.0
254.0
225.0
500.0
265.0
88.0
161.0
500.0
179.0
375.0
302.0
469.0
407.0
282.0
203.0
251.0
500.0
500.0
292.0
390.0
282.0
158.0
216.0
285.0
342.0
408.0
190.0
295.0
167.0
500.0
216.0
231.0
325.0
500.0
401.0
193.0
290.0
402.0
204.0
165.0
286.0
500.0
218.0
500.0
195.0
349.0
262.0
249.0
181.0
500.0
144.0
500.0
157.0
214.0
176.0
157.0
431.0
312.0
500.0
500.0
231.0
261.0
171.0
500.0
395.0
500.0
105.0
393.0
500.0
500.0
255.0
326.0
309.0
500.0
212.0
194.0
159.0
211.0
238.0
500.0
274.0
500.0
500.0
281.0
500.0
321.0
299.0
260.0
240.0
500.0
210.0
278.0
186.0
170.0
240.0
500.0
500.0
500.0
467.0
327.0
175.0
322.0
225.0
233.0
317.0
500.0
249.0
348.0
258.0
231.0
203.0
341.0
213.0
242.0
449.0
246.0
211.0
276.0
500.0
500.0
500.0
297.0
254.0
313.0
264.0
315.0
228.0
277.0
175.0
360.0
256.0
269.0
231.0
500.0
174.0
368.0
239.0
263.0
202.0
185.0
185.0
500.0
286.0
321.0
500.0
173.0
153.0
500.0
213.0
145.0
203.0
226.0
500.0
204.0
194.0
283.0
237.0
251.0
320.0
339.0
247.0
260.0
385.0
500.0
100.0
177.0
178.0
335.0
203.0
269.0
187.0
165.0
278.0
274.0
204.0
415.0
172.0
175.0
271.0
265.0
242.0
326.0
244.0
247.0
500.0
500.0
404.0
116.0
91.0
219.0
500.0
199.0
114.0
178.0
444.0
246.0
500.0
500.0
310.0
500.0
222.0
263.0
257.0
201.0
500.0
280.0
500.0
206.0
243.0
281.0
178.0
168.0
500.0
241.0
405.0
162.0
195.0
500.0
245.0
270.0
173.0
299.0
267.0
215.0
291.0
292.0
271.0
500.0
267.0
326.0
384.0
196.0
168.0
210.0
168.0
251.0
292.0
267.0
227.0
500.0
169.0
500.0
500.0
199.0
299.0
270.0
329.0
251.0
277.0
173.0
495.0
124.0
500.0
149.0
184.0
185.0
298.0
289.0
500.0
222.0
203.0
234.0
500.0
500.0
156.0
140.0
233.0
344.0
52.0
171.0
252.0
253.0
299.0
500.0
170.0
126.0
179.0
500.0
195.0
191.0
194.0
239.0
500.0
500.0
500.0
290.0
217.0
308.0
259.0
500.0
253.0
169.0
285.0
486.0
220.0
113.0
183.0
203.0
190.0
222.0
137.0
191.0
500.0
245.0
342.0
242.0
237.0
192.0
281.0
172.0
500.0
313.0
190.0
500.0
214.0
229.0
264.0
462.0
253.0
185.0
500.0
222.0
255.0
500.0
296.0
415.0
145.0
127.0
200.0
196.0
261.0
212.0
155.0
239.0
242.0
255.0
500.0
500.0
130.0
272.0
210.0
436.0
303.0
204.0
500.0
122.0
200.0
213.0
267.0
500.0
103.0
257.0
286.0
194.0
284.0
228.0
500.0
281.0
181.0
238.0
272.0
151.0
225.0
219.0
500.0
225.0
500.0
137.0
180.0
194.0
86.0
142.0
224.0
167.0
237.0
202.0
200.0
278.0
500.0
247.0
217.0
222.0
188.0
92.0
79.0
183.0
83.0
396.0
110.0
259.0
228.0
242.0
108.0
259.0
265.0
253.0
125.0
362.0
357.0
178.0
191.0
337.0
309.0
270.0
435.0
500.0
229.0
135.0
107.0
186.0
500.0
222.0
327.0
500.0
500.0
174.0
372.0
500.0
235.0
290.0
408.0
218.0
323.0
220.0
500.0
360.0
500.0
167.0
438.0
291.0
172.0
149.0
163.0
271.0
145.0
175.0
107.0
500.0
352.0
500.0
500.0
173.0
419.0
500.0
138.0
183.0
336.0
198.0
261.0
241.0
123.0
500.0
500.0
166.0
231.0
198.0
500.0
239.0
307.0
500.0
264.0
231.0
208.0
300.0
500.0
222.0
228.0
187.0
232.0
197.0
500.0
223.0
500.0
295.0
197.0
387.0
290.0
500.0
193.0
184.0
273.0
500.0
166.0
500.0
146.0
199.0
294.0
120.0
246.0
241.0
474.0
177.0
500.0
500.0
500.0
173.0
404.0
237.0
310.0
500.0
500.0
500.0
281.0
304.0
141.0
500.0
319.0
272.0
276.0
396.0
401.0
366.0
268.0
193.0
170.0
500.0
500.0
70.0
217.0
239.0
413.0
134.0
500.0
134.0
304.0
500.0
237.0
214.0
500.0
158.0
290.0
500.0
500.0
191.0
279.0
500.0
391.0
267.0
500.0
124.0
150.0
228.0
168.0
500.0
249.0
188.0
500.0
500.0
500.0
389.0
210.0
246.0
184.0
310.0
500.0
500.0
157.0
500.0
163.0
143.0
176.0
500.0
112.0
327.0
126.0
168.0
500.0
235.0
500.0
500.0
60.0
139.0
378.0
174.0
220.0
375.0
500.0
330.0
500.0
204.0
250.0
259.0
180.0
260.0
244.0
340.0
350.0
500.0
322.0
232.0
181.0
202.0
177.0
477.0
282.0
216.0
320.0
233.0
500.0
358.0
232.0
398.0
280.0
260.0
251.0
500.0
299.0
267.0
264.0
396.0
155.0
500.0
186.0
227.0
472.0
207.0
85.0
200.0
319.0
291.0
226.0
131.0
225.0
107.0
242.0
249.0
214.0
74.0
500.0
289.0
299.0
229.0
260.0
500.0
173.0
174.0
256.0
456.0
349.0
353.0
236.0
500.0
322.0
500.0
299.0
309.0
411.0
328.0
500.0
500.0
205.0
317.0
238.0
188.0
127.0
222.0
280.0
241.0
216.0
320.0
268.0
172.0
228.0
194.0
190.0
260.0
429.0
189.0
165.0
397.0
314.0
273.0
193.0
211.0
193.0
228.0
277.0
169.0
391.0
180.0
194.0
171.0
177.0
239.0
196.0
209.0
500.0
471.0
251.0
258.0
222.0
220.0
159.0
196.0
206.0
200.0
398.0
500.0
248.0
265.0
283.0
188.0
212.0
251.0
300.0
177.0
218.0
169.0
205.0
286.0
184.0
459.0
186.0
224.0
339.0
169.0
193.0
500.0
250.0
31.0
83.0
270.0
65.0
199.0
181.0
250.0
423.0
264.0
268.0
204.0
301.0
207.0
222.0
207.0
163.0
275.0
179.0
448.0
222.0
316.0
259.0
392.0
194.0
211.0
264.0
220.0
274.0
254.0
111.0
480.0
489.0
227.0
500.0
265.0
210.0
258.0
283.0
460.0
178.0
133.0
223.0
483.0
165.0
268.0
433.0
477.0
199.0
227.0
195.0
249.0
185.0
299.0
257.0
500.0
500.0
193.0
489.0
221.0
103.0
168.0
267.0
220.0
229.0
161.0
265.0
500.0
287.0
189.0
241.0
174.0
276.0
498.0
164.0
194.0
299.0
216.0
244.0
264.0
181.0
190.0
232.0
332.0
235.0
500.0
199.0
500.0
183.0
230.0
261.0
287.0
174.0
206.0
482.0
190.0
500.0
430.0
187.0
211.0
205.0
155.0
500.0
236.0
500.0
371.0
191.0
199.0
191.0
184.0
232.0
214.0
246.0
228.0
181.0
306.0
191.0
247.0
367.0
238.0
240.0
500.0
420.0
230.0
226.0
500.0
500.0
500.0
199.0
282.0
214.0
186.0
500.0
243.0
465.0
229.0
196.0
210.0
255.0
328.0
379.0
500.0
268.0
263.0
190.0
240.0
239.0
280.0
183.0
179.0
207.0
272.0
227.0
247.0
500.0
445.0
461.0
228.0
64.0
199.0
272.0
296.0
303.0
212.0
176.0
222.0
500.0
207.0
247.0
197.0
94.0
390.0
192.0
275.0
251.0
238.0
277.0
438.0
234.0
256.0
243.0
238.0
198.0
180.0
279.0
444.0
229.0
264.0
345.0
500.0
346.0
217.0
476.0
180.0
259.0
223.0
496.0
273.0
166.0
180.0
171.0
244.0
334.0
182.0
364.0
186.0
214.0
290.0
339.0
207.0
242.0
244.0
288.0
500.0
340.0
94.0
168.0
229.0
253.0
268.0
279.0
245.0
446.0
301.0
297.0
299.0
500.0
205.0
184.0
265.0
170.0
282.0
500.0
206.0
173.0
171.0
174.0
102.0
181.0
338.0
272.0
237.0
304.0
263.0
264.0
488.0
206.0
156.0
259.0
319.0
500.0
250.0
217.0
500.0
272.0
185.0
183.0
221.0
228.0
500.0
189.0
281.0
500.0
216.0
181.0
409.0
221.0
259.0
483.0
272.0
165.0
360.0
275.0
240.0
227.0
370.0
500.0
220.0
359.0
500.0
415.0
191.0
311.0
429.0
144.0
146.0
275.0
271.0
245.0
194.0
388.0
271.0
271.0
299.0
182.0
130.0
500.0
289.0
235.0
500.0
500.0
229.0
233.0
169.0
500.0
198.0
500.0
457.0
209.0
198.0
416.0
500.0
500.0
395.0
225.0
500.0
500.0
338.0
366.0
265.0
223.0
241.0
184.0
180.0
413.0
269.0
214.0
218.0
484.0
143.0
242.0
168.0
264.0
361.0
376.0
298.0
227.0
474.0
171.0
306.0
195.0
338.0
208.0
222.0
159.0
261.0
209.0
232.0
288.0
183.0
299.0
238.0
234.0
470.0
500.0
500.0
494.0
266.0
182.0
220.0
500.0
243.0
497.0
176.0
248.0
484.0
185.0
230.0
229.0
221.0
216.0
178.0
253.0
278.0
500.0
273.0
500.0
208.0
500.0
290.0
201.0
199.0
119.0
500.0
231.0
478.0
500.0
205.0
280.0
165.0
198.0
219.0
179.0
295.0
137.0
252.0
494.0
93.0
500.0
162.0
179.0
431.0
186.0
322.0
485.0
500.0
236.0
258.0
500.0
263.0
211.0
190.0
458.0
269.0
265.0
262.0
288.0
500.0
241.0
247.0
288.0
237.0
132.0
297.0
500.0
210.0
263.0
285.0
202.0
204.0
500.0
345.0
396.0
170.0
254.0
200.0
448.0
341.0
255.0
245.0
280.0
265.0
449.0
106.0
174.0
485.0
306.0
276.0
166.0
258.0
448.0
196.0
462.0
220.0
498.0
328.0
259.0
165.0
400.0
180.0
222.0
207.0
233.0
199.0
282.0
260.0
210.0
188.0
256.0
220.0
375.0
247.0
167.0
265.0
500.0
500.0
205.0
194.0
208.0
500.0
410.0
500.0
280.0
333.0
488.0
351.0
179.0
244.0
322.0
194.0
188.0
237.0
468.0
164.0
167.0
500.0
229.0
330.0
500.0
500.0
183.0
152.0
372.0
292.0
233.0
269.0
410.0
276.0
482.0
271.0
500.0
263.0
230.0
168.0
197.0
324.0
227.0
500.0
488.0
278.0
291.0
171.0
231.0
446.0
189.0
174.0
190.0
265.0
500.0
283.0
453.0
424.0
202.0
500.0
240.0
195.0
274.0
395.0
351.0
500.0
172.0
225.0
403.0
194.0
196.0
202.0
254.0
500.0
171.0
186.0
200.0
198.0
367.0
270.0
226.0
204.0
187.0
195.0
442.0
177.0
244.0
451.0
174.0
247.0
408.0
203.0
500.0
168.0
457.0
260.0
247.0
292.0
205.0
500.0
251.0
251.0
190.0
213.0
500.0
202.0
201.0
241.0
236.0
310.0
154.0
306.0
270.0
256.0
194.0
221.0
198.0
221.0
251.0
500.0
233.0
225.0
203.0
227.0
378.0
333.0
272.0
271.0
234.0
500.0
165.0
246.0
256.0
478.0
261.0
169.0
196.0
229.0
231.0
200.0
227.0
354.0
243.0
472.0
233.0
240.0
267.0
500.0
317.0
201.0
163.0
190.0
468.0
173.0
247.0
231.0
479.0
471.0
203.0
500.0
431.0
195.0
185.0
272.0
207.0
180.0
278.0
500.0
500.0
257.0
237.0
299.0
229.0
165.0
191.0
249.0
171.0
165.0
500.0
184.0
193.0
197.0
442.0
233.0
231.0
500.0
171.0
193.0
179.0
169.0
500.0
180.0
500.0
183.0
402.0
428.0
388.0
303.0
443.0
500.0
172.0
241.0
204.0
174.0
259.0
178.0
500.0
253.0
235.0
182.0
471.0
350.0
454.0
500.0
263.0
500.0
412.0
170.0
484.0
229.0
483.0
147.0
172.0
138.0
224.0
184.0
158.0
194.0
175.0
187.0
307.0
309.0
224.0
299.0
284.0
238.0
500.0
229.0
234.0
322.0
274.0
153.0
200.0
335.0
183.0
183.0
461.0
500.0
136.0
346.0
229.0
266.0
500.0
499.0
228.0
255.0
391.0
261.0
216.0
180.0
349.0
264.0
264.0
236.0
491.0
482.0
386.0
261.0
202.0
251.0
225.0
500.0
149.0
500.0
434.0
230.0
500.0
210.0
178.0
237.0
181.0
380.0
243.0
500.0
480.0
167.0
221.0
369.0
205.0
178.0
169.0
139.0
196.0
151.0
446.0
500.0
446.0
203.0
206.0
500.0
169.0
448.0
484.0
193.0
266.0
489.0
326.0
500.0
500.0
192.0
500.0
278.0
236.0
184.0
500.0
187.0
473.0
250.0
256.0
265.0
214.0
267.0
161.0
151.0
266.0
357.0
220.0
273.0
186.0
240.0
500.0
500.0
176.0
246.0
237.0
246.0
218.0
285.0
213.0
241.0
213.0
174.0
252.0
374.0
263.0
136.0
500.0
500.0
108.0
242.0
200.0
252.0
195.0
207.0
500.0
296.0
174.0
252.0
245.0
188.0
200.0
179.0
269.0
389.0
184.0
441.0
197.0
178.0
274.0
490.0
193.0
246.0
459.0
231.0
174.0
354.0
396.0
122.0
500.0
500.0
119.0
172.0
345.0
426.0
170.0
208.0
278.0
343.0
306.0
208.0
500.0
166.0
351.0
450.0
215.0
238.0
212.0
327.0
500.0
463.0
500.0
432.0
169.0
212.0
113.0
250.0
179.0
243.0
248.0
500.0
125.0
200.0
165.0
500.0
167.0
231.0
182.0
500.0
216.0
176.0
219.0
160.0
220.0
500.0
227.0
210.0
155.0
114.0
209.0
205.0
313.0
447.0
500.0
194.0
181.0
201.0
248.0
410.0
294.0
312.0
246.0
215.0
204.0
172.0
209.0
206.0
500.0
224.0
365.0
178.0
174.0
207.0
171.0
205.0
186.0
233.0
304.0
136.0
173.0
500.0
245.0
136.0
302.0
459.0
480.0
235.0
221.0
127.0
227.0
252.0
153.0
192.0
198.0
233.0
201.0
203.0
500.0
500.0
138.0
230.0
178.0
500.0
233.0
191.0
459.0
221.0
195.0
257.0
151.0
118.0
241.0
189.0
269.0
256.0
400.0
457.0
500.0
160.0
500.0
229.0
401.0
218.0
269.0
249.0
360.0
229.0
188.0
122.0
169.0
500.0
500.0
215.0
500.0
179.0
297.0
212.0
198.0
223.0
301.0
240.0
386.0
500.0
186.0
500.0
217.0
230.0
183.0
210.0
196.0
342.0
483.0
212.0
219.0
265.0
232.0
169.0
304.0
500.0
177.0
282.0
251.0
297.0
440.0
229.0
500.0
220.0
124.0
188.0
120.0
248.0
267.0
197.0
468.0
230.0
233.0
470.0
249.0
435.0
185.0
500.0
190.0
500.0
179.0
210.0
500.0
303.0
192.0
163.0
170.0
91.0
495.0
213.0
439.0
487.0
166.0
361.0
142.0
214.0
434.0
234.0
500.0
500.0
402.0
182.0
325.0
118.0
440.0
174.0
179.0
300.0
266.0
500.0
500.0
220.0
185.0
166.0
176.0
499.0
279.0
430.0
500.0
202.0
443.0
297.0
173.0
485.0
500.0
184.0
182.0
193.0
193.0
500.0
115.0
149.0
236.0
500.0
206.0
174.0
247.0
500.0
327.0
187.0
408.0
500.0
193.0
255.0
500.0
492.0
500.0
111.0
500.0
151.0
168.0
345.0
447.0
260.0
228.0
500.0
272.0
246.0
192.0
182.0
261.0
171.0
383.0
361.0
191.0
231.0
432.0
209.0
316.0
479.0
119.0
258.0
207.0
255.0
447.0
283.0
153.0
202.0
180.0
239.0
338.0
227.0
206.0
163.0
408.0
327.0
183.0
282.0
198.0
182.0
179.0
245.0
186.0
205.0
279.0
500.0
198.0
289.0
226.0
129.0
242.0
500.0
281.0
426.0
452.0
253.0
487.0
165.0
229.0
186.0
500.0
94.0
214.0
489.0
206.0
235.0
500.0
439.0
219.0
144.0
433.0
214.0
192.0
139.0
500.0
174.0
349.0
126.0
424.0
280.0
176.0
118.0
207.0
278.0
500.0
500.0
288.0
212.0
203.0
175.0
463.0
445.0
359.0
487.0
182.0
343.0
388.0
219.0
427.0
240.0
175.0
184.0
189.0
500.0
270.0
269.0
320.0
261.0
183.0
271.0
349.0
500.0
210.0
162.0
155.0
271.0
500.0
225.0
451.0
429.0
190.0
500.0
255.0
248.0
199.0
241.0
491.0
439.0
500.0
395.0
487.0
258.0
500.0
394.0
206.0
500.0
463.0
169.0
82.0
208.0
160.0
256.0
212.0
253.0
242.0
338.0
210.0
169.0
198.0
500.0
500.0
180.0
286.0
474.0
289.0
220.0
500.0
500.0
200.0
238.0
262.0
230.0
435.0
389.0
241.0
274.0
187.0
181.0
221.0
456.0
239.0
436.0
185.0
167.0
159.0
285.0
251.0
426.0
169.0
211.0
269.0
137.0
86.0
409.0
500.0
149.0
270.0
500.0
239.0
144.0
446.0
188.0
262.0
248.0
188.0
211.0
131.0
202.0
500.0
288.0
197.0
174.0
180.0
261.0
299.0
270.0
208.0
272.0
500.0
455.0
142.0
342.0
230.0
250.0
343.0
500.0
196.0
254.0
500.0
257.0
248.0
203.0
247.0
259.0
97.0
168.0
386.0
175.0
429.0
185.0
109.0
459.0
146.0
500.0
107.0
285.0
425.0
200.0
500.0
249.0
460.0
494.0
369.0
186.0
446.0
213.0
188.0
151.0
208.0
500.0
285.0
422.0
173.0
181.0
291.0
230.0
254.0
223.0
197.0
500.0
230.0
486.0
253.0
500.0
226.0
434.0
490.0
214.0
496.0
500.0
196.0
500.0
436.0
500.0
126.0
464.0
160.0
426.0
438.0
464.0
500.0
335.0
213.0
171.0
241.0
178.0
196.0
244.0
258.0
463.0
491.0
304.0
183.0
255.0
177.0
184.0
499.0
500.0
500.0
351.0
262.0
255.0
203.0
215.0
325.0
212.0
466.0
500.0
500.0
252.0
233.0
251.0
220.0
424.0
166.0
500.0
464.0
500.0
447.0
454.0
227.0
200.0
386.0
259.0
500.0
308.0
500.0
174.0
167.0
250.0
283.0
472.0
500.0
253.0
218.0
424.0
492.0
152.0
500.0
182.0
500.0
500.0
500.0
500.0
500.0
231.0
482.0
500.0
352.0
210.0
253.0
437.0
225.0
227.0
500.0
500.0
500.0
224.0
210.0
107.0
500.0
246.0
500.0
284.0
480.0
463.0
220.0
266.0
96.0
256.0
271.0
278.0
204.0
221.0
500.0
500.0
168.0
169.0
186.0
201.0
329.0
315.0
95.0
273.0
390.0
177.0
304.0
370.0
221.0
275.0
479.0
212.0
154.0
230.0
157.0
280.0
183.0
261.0
183.0
242.0
157.0
174.0
231.0
159.0
137.0
106.0
185.0
313.0
406.0
211.0
500.0
440.0
278.0
298.0
469.0
500.0
500.0
114.0
194.0
134.0
500.0
275.0
260.0
379.0
500.0
168.0
177.0
182.0
231.0
445.0
241.0
232.0
151.0
224.0
355.0
322.0
178.0
202.0
164.0
197.0
240.0
107.0
196.0
189.0
380.0
186.0
247.0
183.0
246.0
419.0
259.0
187.0
296.0
460.0
434.0
216.0
234.0
500.0
500.0
289.0
500.0
480.0
500.0
437.0
212.0
233.0
500.0
176.0
186.0
209.0
364.0
228.0
256.0
226.0
500.0
139.0
132.0
212.0
256.0
500.0
426.0
199.0
400.0
261.0
499.0
182.0
463.0
254.0
214.0
490.0
500.0
222.0
215.0
291.0
207.0
267.0
500.0
226.0
500.0
500.0
406.0
310.0
428.0
500.0
223.0
237.0
341.0
179.0
181.0
175.0
170.0
500.0
500.0
270.0
174.0
324.0
500.0
246.0
213.0
273.0
257.0
476.0
255.0
182.0
205.0
122.0
252.0
231.0
184.0
152.0
182.0
206.0
262.0
196.0
309.0
241.0
203.0
500.0
469.0
456.0
195.0
170.0
415.0
133.0
105.0
206.0
169.0
265.0
242.0
307.0
500.0
450.0
201.0
354.0
176.0
478.0
111.0
228.0
217.0
232.0
194.0
143.0
127.0
301.0
226.0
481.0
484.0
189.0
147.0
500.0
466.0
279.0
488.0
201.0
193.0
203.0
153.0
327.0
321.0
288.0
160.0
328.0
205.0
500.0
473.0
224.0
423.0
500.0
171.0
500.0
144.0
253.0
500.0
500.0
268.0
500.0
239.0
180.0
314.0
358.0
219.0
473.0
218.0
500.0
172.0
226.0
208.0
165.0
313.0
194.0
222.0
180.0
224.0
264.0
500.0
235.0
257.0
378.0
243.0
179.0
500.0
236.0
182.0
219.0
249.0
261.0
158.0
500.0
207.0
263.0
308.0
175.0
343.0
243.0
222.0
412.0
152.0
500.0
206.0
278.0
244.0
196.0
315.0
251.0
167.0
500.0
461.0
337.0
350.0
303.0
172.0
109.0
337.0
492.0
172.0
195.0
112.0
500.0
278.0
277.0
313.0
245.0
177.0
214.0
339.0
179.0
183.0
239.0
202.0
151.0
213.0
500.0
494.0
188.0
455.0
323.0
436.0
432.0
186.0
194.0
500.0
350.0
500.0
204.0
155.0
238.0
336.0
229.0
183.0
179.0
398.0
200.0
169.0
155.0
150.0
149.0
500.0
218.0
234.0
470.0
338.0
248.0
198.0
218.0
253.0
131.0
178.0
348.0
317.0
216.0
388.0
172.0
431.0
189.0
402.0
174.0
423.0
224.0
213.0
171.0
201.0
263.0
154.0
176.0
196.0
223.0
500.0
169.0
198.0
390.0
196.0
464.0
235.0
347.0
500.0
173.0
431.0
166.0
178.0
468.0
500.0
204.0
210.0
150.0
249.0
176.0
500.0
254.0
309.0
422.0
182.0
269.0
412.0
204.0
500.0
184.0
500.0
188.0
259.0
281.0
389.0
270.0
263.0
382.0
406.0
492.0
177.0
411.0
500.0
500.0
204.0
384.0
484.0
242.0
410.0
169.0
441.0
248.0
260.0
208.0
288.0
241.0
231.0
258.0
450.0
500.0
202.0
291.0
200.0
230.0
198.0
174.0
216.0
212.0
434.0
184.0
87.0
183.0
500.0
277.0
230.0
438.0
481.0
455.0
184.0
178.0
192.0
282.0
289.0
333.0
246.0
500.0
340.0
246.0
500.0
495.0
500.0
258.0
500.0
377.0
500.0
151.0
342.0
167.0
355.0
480.0
249.0
192.0
165.0
164.0
119.0
243.0
372.0
452.0
215.0
342.0
308.0
500.0
288.0
500.0
199.0
219.0
172.0
262.0
246.0
482.0
298.0
163.0
95.0
232.0
139.0
483.0
206.0
186.0
500.0
500.0
240.0
415.0
237.0
251.0
212.0
214.0
487.0
218.0
124.0
474.0
191.0
165.0
151.0
228.0
459.0
282.0
170.0
351.0
386.0
221.0
473.0
189.0
221.0
181.0
166.0
277.0
186.0
228.0
320.0
377.0
202.0
223.0
224.0
500.0
250.0
500.0
440.0
268.0
251.0
286.0
478.0
179.0
253.0
126.0
234.0
172.0
382.0
484.0
349.0
205.0
240.0
166.0
170.0
334.0
252.0
241.0
180.0
256.0
458.0
500.0
188.0
171.0
224.0
269.0
305.0
265.0
284.0
177.0
179.0
186.0
362.0
500.0
166.0
218.0
500.0
267.0
167.0
183.0
98.0
455.0
196.0
302.0
500.0
158.0
218.0
225.0
199.0
195.0
204.0
500.0
500.0
154.0
235.0
105.0
268.0
225.0
500.0
225.0
177.0
500.0
260.0
254.0
273.0
206.0
500.0
486.0
368.0
188.0
500.0
173.0
252.0
500.0
248.0
500.0
217.0
500.0
167.0
240.0
192.0
451.0
398.0
498.0
500.0
418.0
233.0
226.0
161.0
132.0
500.0
432.0
218.0
235.0
347.0
229.0
500.0
351.0
281.0
235.0
210.0
465.0
237.0
500.0
496.0
194.0
500.0
219.0
440.0
160.0
386.0
225.0
495.0
248.0
500.0
257.0
197.0
177.0
167.0
147.0
280.0
226.0
249.0
500.0
152.0
187.0
500.0
294.0
238.0
434.0
303.0
172.0
204.0
197.0
297.0
207.0
500.0
498.0
196.0
419.0
196.0
192.0
385.0
193.0
180.0
143.0
500.0
473.0
348.0
248.0
121.0
425.0
214.0
237.0
183.0
434.0
240.0
202.0
250.0
229.0
204.0
222.0
172.0
244.0
500.0
179.0
162.0
394.0
202.0
259.0
460.0
186.0
470.0
174.0
191.0
233.0
272.0
284.0
471.0
251.0
500.0
165.0
132.0
294.0
500.0
220.0
399.0
192.0
176.0
500.0
189.0
242.0
500.0
139.0
270.0
499.0
246.0
305.0
204.0
289.0
500.0
500.0
437.0
179.0
117.0
500.0
215.0
185.0
178.0
265.0
182.0
175.0
283.0
200.0
257.0
256.0
415.0
495.0
212.0
238.0
177.0
164.0
237.0
179.0
211.0
207.0
283.0
480.0
221.0
250.0
472.0
500.0
164.0
212.0
102.0
437.0
275.0
390.0
474.0
195.0
254.0
342.0
418.0
235.0
462.0
154.0
236.0
500.0
304.0
493.0
475.0
152.0
126.0
221.0
194.0
500.0
215.0
152.0
500.0
167.0
107.0
226.0
500.0
182.0
260.0
433.0