10.0
8.0
10.0
9.0
10.0
9.0
8.0
9.0
10.0
9.0
11.0
9.0
10.0
11.0
12.0
12.0
17.0
24.0
34.0
18.0
35.0
45.0
45.0
45.0
29.0
9.0
16.0
19.0
10.0
14.0
10.0
16.0
9.0
8.0
10.0
11.0
11.0
9.0
15.0
29.0
28.0
28.0
29.0
26.0
54.0
25.0
15.0
13.0
63.0
51.0
11.0
47.0
68.0
38.0
20.0
70.0
66.0
71.0
67.0
51.0
53.0
54.0
155.0
54.0
36.0
64.0
57.0
90.0
53.0
63.0
49.0
33.0
262.0
23.0
164.0
57.0
24.0
23.0
35.0
19.0
28.0
98.0
34.0
55.0
82.0
49.0
72.0
500.0
96.0
65.0
133.0
500.0
125.0
189.0
500.0
264.0
96.0
54.0
62.0
85.0
156.0
49.0
238.0
39.0
63.0
59.0
86.0
394.0
153.0
42.0
39.0
362.0
234.0
240.0
71.0
189.0
73.0
46.0
72.0
33.0
227.0
346.0
26.0
53.0
110.0
50.0
443.0
81.0
97.0
46.0
45.0
81.0
75.0
14.0
89.0
49.0
35.0
12.0
206.0
248.0
92.0
326.0
184.0
115.0
98.0
47.0
61.0
41.0
101.0
177.0
45.0
78.0
64.0
133.0
93.0
49.0
12.0
148.0
140.0
264.0
500.0
66.0
224.0
62.0
68.0
41.0
59.0
90.0
65.0
69.0
96.0
155.0
128.0
52.0
71.0
55.0
239.0
289.0
82.0
76.0
32.0
59.0
38.0
118.0
175.0
288.0
31.0
18.0
45.0
30.0
33.0
331.0
43.0
77.0
21.0
87.0
96.0
219.0
40.0
91.0
285.0
469.0
117.0
61.0
158.0
65.0
291.0
94.0
75.0
48.0
64.0
500.0
83.0
66.0
129.0
43.0
121.0
62.0
80.0
67.0
94.0
97.0
226.0
181.0
251.0
73.0
72.0
43.0
211.0
152.0
24.0
25.0
88.0
77.0
65.0
92.0
82.0
37.0
51.0
133.0
154.0
179.0
239.0
278.0
446.0
53.0
121.0
228.0
14.0
56.0
42.0
227.0
202.0
33.0
191.0
87.0
238.0
112.0
36.0
143.0
68.0
196.0
14.0
46.0
285.0
215.0
40.0
152.0
138.0
142.0
72.0
84.0
283.0
226.0
164.0
121.0
192.0
83.0
208.0
66.0
209.0
52.0
82.0
201.0
266.0
293.0
26.0
236.0
122.0
130.0
63.0
152.0
128.0
65.0
172.0
117.0
83.0
114.0
238.0
220.0
253.0
235.0
96.0
305.0
104.0
231.0
286.0
61.0
150.0
212.0
263.0
197.0
313.0
149.0
51.0
185.0
55.0
232.0
65.0
198.0
57.0
207.0
60.0
71.0
249.0
162.0
123.0
274.0
79.0
216.0
256.0
145.0
98.0
263.0
74.0
123.0
315.0
316.0
338.0
141.0
232.0
58.0
500.0
145.0
209.0
237.0
500.0
206.0
230.0
500.0
500.0
500.0
500.0
180.0
367.0
500.0
260.0
315.0
225.0
500.0
251.0
498.0
231.0
415.0
204.0
265.0
500.0
268.0
148.0
275.0
227.0
500.0
184.0
400.0
461.0
198.0
347.0
500.0
265.0
112.0
139.0
252.0
440.0
404.0
339.0
127.0
243.0
128.0
212.0
140.0
164.0
218.0
247.0
451.0
260.0
270.0
138.0
110.0
131.0
203.0
307.0
241.0
128.0
464.0
208.0
494.0
182.0
186.0
95.0
242.0
435.0
282.0
139.0
181.0
212.0
114.0
227.0
94.0
97.0
413.0
380.0
288.0
106.0
497.0
224.0
281.0
500.0
452.0
114.0
410.0
500.0
500.0
500.0
425.0
500.0
352.0
274.0
256.0
500.0
500.0
500.0
500.0
302.0
500.0
178.0
500.0
233.0
272.0
187.0
275.0
500.0
500.0
252.0
169.0
195.0
500.0
318.0
258.0
196.0
500.0
500.0
500.0
346.0
246.0
205.0
500.0
500.0
257.0
500.0
136.0
233.0
500.0
131.0
500.0
315.0
483.0
120.0
180.0
191.0
500.0
500.0
269.0
298.0
250.0
500.0
500.0
137.0
500.0
281.0
500.0
249.0
500.0
184.0
500.0
176.0
358.0
500.0
134.0
500.0
500.0
500.0
500.0
500.0
500.0
363.0
500.0
135.0
54.0
500.0
298.0
247.0
500.0
105.0
500.0
500.0
300.0
309.0
500.0
500.0
233.0
500.0
73.0
86.0
296.0
500.0
144.0
500.0
500.0
500.0
500.0
500.0
500.0
500.0
500.0
500.0
500.0
415.0
500.0
318.0
500.0
500.0
500.0
500.0
410.0
410.0
500.0
402.0
500.0
500.0
150.0
344.0
353.0
500.0
387.0
394.0
500.0
445.0
500.0
500.0
500.0
442.0
320.0
143.0
151.0
71.0
137.0
500.0
500.0
500.0
310.0
500.0
377.0
407.0
140.0
302.0
453.0
500.0
184.0
113.0
75.0
500.0
100.0
101.0
199.0
500.0
171.0
500.0
500.0
500.0
500.0
500.0
262.0
500.0
301.0
500.0
231.0
500.0
170.0
227.0
500.0
266.0
500.0
235.0
500.0
500.0
458.0
60.0
254.0
466.0
166.0
500.0
267.0
113.0
500.0
190.0
243.0
153.0
266.0
500.0
305.0
183.0
90.0
500.0
72.0
99.0
500.0
193.0
166.0
214.0
43.0
500.0
500.0
500.0
64.0
500.0
500.0
500.0
500.0
164.0
500.0
125.0
500.0
500.0
72.0
75.0
41.0
36.0
500.0
500.0
246.0
500.0
100.0
61.0
93.0
91.0
500.0
419.0
500.0
299.0
303.0
141.0
500.0
169.0
57.0
78.0
60.0
120.0
238.0
178.0
500.0
500.0
58.0
500.0
230.0
112.0
500.0
111.0
500.0
76.0
500.0
148.0
235.0
66.0
500.0
294.0
182.0
112.0
225.0
500.0
500.0
500.0
137.0
500.0
500.0
500.0
256.0
163.0
137.0
500.0
500.0
238.0
225.0
500.0
500.0
500.0
500.0
500.0
111.0
500.0
165.0
500.0
500.0
221.0
149.0
500.0
146.0
79.0
447.0
83.0
140.0
500.0
94.0
500.0
241.0
500.0
500.0
194.0
500.0
289.0
158.0
268.0
76.0
500.0
500.0
500.0
500.0
500.0
500.0
197.0
242.0
97.0
500.0
175.0
500.0
97.0
500.0
63.0
144.0
149.0
173.0
500.0
218.0
158.0
159.0
500.0
500.0
500.0
179.0
500.0
500.0
500.0
500.0
500.0
500.0
154.0
175.0
500.0
500.0
500.0
179.0
500.0
171.0
354.0
500.0
500.0
500.0
500.0
500.0
500.0
61.0
220.0
500.0
132.0
500.0
138.0
155.0
500.0
500.0
196.0
500.0
60.0
500.0
500.0
500.0
500.0
206.0
149.0
90.0
500.0
500.0
500.0
500.0
238.0
298.0
500.0
153.0
500.0
197.0
500.0
500.0
500.0
500.0
500.0
212.0
305.0
187.0
500.0
500.0
500.0
500.0
500.0
500.0
500.0
500.0
500.0
161.0
177.0
500.0
500.0
88.0
500.0
500.0
75.0
212.0
178.0
500.0
178.0
301.0
257.0
500.0
500.0
500.0
500.0
146.0
210.0
500.0
255.0
168.0
500.0
155.0
136.0
75.0
500.0
500.0
85.0
500.0
205.0
500.0
500.0
184.0
90.0
500.0
500.0
500.0
500.0
500.0
500.0
500.0
500.0
150.0
500.0
500.0
500.0
500.0
500.0
156.0
92.0
187.0
68.0
500.0
500.0
91.0
103.0
500.0
163.0
500.0
146.0
153.0
203.0
500.0
500.0
266.0
69.0
291.0
144.0
256.0
500.0
126.0
179.0
500.0
156.0
163.0
500.0
136.0
155.0
500.0
274.0
130.0
500.0
500.0
500.0
291.0
210.0
82.0
500.0
500.0
161.0
282.0
500.0
99.0
168.0
500.0
271.0
500.0
163.0
500.0
158.0
500.0
264.0
500.0
141.0
119.0
500.0
500.0
166.0
127.0
111.0
500.0
170.0
500.0
169.0
500.0
500.0
339.0
500.0
500.0
132.0
500.0
500.0
162.0
500.0
500.0
86.0
191.0
207.0
127.0
500.0
500.0
61.0
500.0
116.0
97.0
173.0
500.0
135.0
500.0
500.0
176.0
500.0
159.0
127.0
500.0
500.0
109.0
129.0
500.0
500.0
221.0
500.0
500.0
76.0
500.0
500.0
282.0
500.0
229.0
500.0
133.0
500.0
271.0
232.0
125.0
500.0
131.0
199.0
500.0
180.0
208.0
500.0
74.0
189.0
500.0
500.0
500.0
500.0
193.0
500.0
500.0
229.0
500.0
145.0
500.0
500.0
500.0
178.0
500.0
117.0
500.0
500.0
500.0
443.0
500.0
172.0
500.0
199.0
157.0
157.0
163.0
500.0
500.0
500.0
162.0
500.0
500.0
139.0
500.0
215.0
157.0
500.0
500.0
500.0
162.0
500.0
254.0
309.0
243.0
500.0
500.0
188.0
500.0
81.0
133.0
500.0
230.0
500.0
500.0
78.0
200.0
176.0
83.0
500.0
500.0
500.0
500.0
500.0
96.0
500.0
60.0
500.0
500.0
123.0
500.0
216.0
500.0
500.0
143.0
500.0
500.0
81.0
500.0
189.0
71.0
500.0
168.0
500.0
500.0
123.0
500.0
218.0
127.0
70.0
171.0
500.0
197.0
500.0
500.0
500.0
204.0
500.0
500.0
169.0
155.0
500.0
69.0
500.0
500.0
500.0
500.0
500.0
500.0
176.0
500.0
500.0
500.0
500.0
148.0
174.0
136.0
500.0
500.0
169.0
500.0
500.0
146.0
274.0
500.0
500.0
500.0
122.0
117.0
500.0
500.0
69.0
77.0
500.0
143.0
500.0
500.0
500.0
500.0
295.0
215.0
500.0
500.0
64.0
290.0
122.0
500.0
282.0
500.0
157.0
500.0
59.0
500.0
500.0
500.0
500.0
257.0
65.0
84.0
500.0
272.0
77.0
500.0
500.0
500.0
211.0
135.0
79.0
210.0
500.0
500.0
68.0
500.0
500.0
500.0
125.0
224.0
151.0
500.0
500.0
90.0
500.0
500.0
282.0
500.0
500.0
500.0
500.0
500.0
500.0
127.0
280.0
500.0
500.0
500.0
138.0
500.0
500.0
500.0
500.0
108.0
87.0
211.0
82.0
500.0
500.0
500.0
150.0
101.0
500.0
91.0
147.0
195.0
147.0
500.0
500.0
186.0
500.0
192.0
248.0
500.0
500.0
500.0
500.0
500.0
99.0
166.0
500.0
142.0
209.0
138.0
119.0
500.0
135.0
500.0
500.0
222.0
138.0
91.0
500.0
500.0
500.0
131.0
224.0
500.0
500.0
500.0
216.0
163.0
256.0
500.0
500.0
239.0
500.0
144.0
500.0
500.0
500.0
149.0
500.0
500.0
172.0
249.0
60.0
500.0
500.0
136.0
119.0
146.0
272.0
500.0
500.0
500.0
135.0
164.0
175.0
289.0
227.0
500.0
151.0
500.0
175.0
500.0
500.0
500.0
500.0
135.0
500.0
110.0
110.0
97.0
84.0
500.0
500.0
500.0
500.0
104.0
500.0
112.0
500.0
227.0
500.0
500.0
500.0
134.0
112.0
500.0
98.0
500.0
203.0
500.0
500.0
500.0
500.0
196.0
80.0
94.0
500.0
500.0
500.0
500.0
86.0
142.0
500.0
500.0
296.0
147.0
500.0
500.0
500.0
89.0
500.0
80.0
98.0
500.0
130.0
500.0
500.0
182.0
500.0
219.0
500.0
500.0
119.0
145.0
210.0
500.0
184.0
94.0
177.0
216.0
500.0
144.0
500.0
500.0
44.0
500.0
161.0
197.0
140.0
500.0
205.0
146.0
500.0
106.0
500.0
500.0
500.0
132.0
500.0
82.0
500.0
500.0
500.0
500.0
95.0
276.0
163.0
500.0
236.0
122.0
500.0
500.0
200.0
500.0
500.0
500.0
500.0
500.0
500.0
79.0
500.0
86.0
500.0
500.0
90.0
500.0
500.0
500.0
500.0
500.0
219.0
500.0
500.0
89.0
67.0
170.0
500.0
500.0
100.0
155.0
500.0
101.0
256.0
500.0
500.0
500.0
132.0
500.0
500.0
500.0
500.0
98.0
58.0
500.0
500.0
500.0
500.0
200.0
500.0
136.0
192.0
154.0
500.0
91.0
500.0
500.0
500.0
500.0
145.0
154.0
500.0
107.0
500.0
500.0
500.0
45.0
117.0
97.0
500.0
48.0
89.0
500.0
500.0
85.0
102.0
500.0
500.0
500.0
500.0
80.0
409.0
500.0
71.0
500.0
500.0
81.0
500.0
168.0
67.0
102.0
201.0
500.0
233.0
76.0
500.0
500.0
500.0
55.0
159.0
500.0
105.0
500.0
34.0
34.0
500.0
44.0
500.0
143.0
500.0
39.0
50.0
92.0
54.0
500.0
500.0
500.0
45.0
500.0
500.0
157.0
43.0
500.0
141.0
40.0
500.0
72.0
500.0
500.0
40.0
500.0
500.0
34.0
43.0
500.0
500.0
76.0
500.0
500.0
500.0
500.0
500.0
54.0
239.0
43.0
64.0
38.0
242.0
36.0
500.0
66.0
500.0
49.0
58.0
500.0
500.0
124.0
500.0
150.0
197.0
131.0
67.0
120.0
69.0
500.0
219.0
500.0
62.0
234.0
58.0
500.0
314.0
500.0
500.0
101.0
59.0
92.0
500.0
500.0
144.0
500.0
500.0
500.0
500.0
95.0
500.0
500.0
190.0
182.0
500.0
141.0
98.0
398.0
500.0
500.0
134.0
500.0
500.0
500.0
500.0
172.0
87.0
500.0
170.0
500.0
500.0
500.0
129.0
500.0
500.0
500.0
500.0
500.0
500.0
500.0
500.0
500.0
159.0
500.0
226.0
64.0
169.0
500.0
64.0
500.0
215.0
500.0
500.0
500.0
500.0
500.0
500.0
500.0
278.0
184.0
148.0
266.0
500.0
146.0
183.0
500.0
122.0
500.0
500.0
500.0
500.0
260.0
500.0
500.0
500.0
64.0
500.0
179.0
500.0
97.0
500.0
250.0
500.0
126.0
165.0
500.0
119.0
500.0
174.0
95.0
85.0
88.0
500.0
500.0
219.0
65.0
123.0
189.0
500.0
500.0
68.0
500.0
133.0
500.0
500.0
500.0
68.0
500.0
61.0
500.0
169.0
500.0
500.0
137.0
500.0
500.0
500.0
236.0
130.0
144.0
232.0
100.0
500.0
198.0
109.0
500.0
80.0
143.0
197.0
500.0
500.0
194.0
141.0
500.0
149.0
50.0
51.0
500.0
500.0
500.0
50.0
71.0
353.0
500.0
500.0
132.0
500.0
500.0
61.0
63.0
303.0
249.0
500.0
500.0
69.0
500.0
140.0
500.0
500.0
304.0
236.0
500.0
500.0
500.0
500.0
63.0
500.0
213.0
500.0
78.0
227.0
198.0
107.0
500.0
500.0
500.0
500.0
252.0
500.0
500.0
500.0
500.0
70.0
196.0
500.0
500.0
181.0
217.0
74.0
500.0
500.0
500.0
185.0
49.0
138.0
232.0
279.0
168.0
500.0
500.0
500.0
168.0
208.0
500.0
500.0
500.0
266.0
500.0
397.0
271.0
49.0
500.0
500.0
150.0
500.0
500.0
62.0
245.0
283.0
500.0
227.0
500.0
500.0
177.0
94.0
462.0
500.0
165.0
62.0
500.0
500.0
166.0
500.0
228.0
331.0
500.0
97.0
500.0
500.0
500.0
158.0
189.0
453.0
500.0
301.0
127.0
500.0
500.0
187.0
65.0
54.0
331.0
500.0
500.0
500.0
500.0
183.0
500.0
500.0
500.0
184.0
265.0
500.0
500.0
213.0
88.0
500.0
500.0
103.0
500.0
108.0
500.0
500.0
267.0
500.0
500.0
221.0
500.0
176.0
500.0
58.0
500.0
500.0
97.0
500.0
500.0
500.0
144.0
500.0
258.0
500.0
500.0
253.0
500.0
163.0
53.0
500.0
97.0
500.0
500.0
12.0
151.0
43.0
119.0
159.0
105.0
500.0
185.0
500.0
500.0
500.0
500.0
500.0
500.0
126.0
152.0
500.0
232.0
169.0
391.0
500.0
217.0
59.0
230.0
500.0
500.0
500.0
500.0
500.0
142.0
500.0
113.0
500.0
500.0
158.0
229.0
500.0
63.0
500.0
405.0
500.0
500.0
177.0
156.0
186.0
500.0
500.0
500.0
500.0
500.0
500.0
500.0
500.0
500.0
361.0
178.0
55.0
500.0
215.0
500.0
500.0
500.0
103.0
109.0
500.0
500.0
55.0
500.0
500.0
500.0
54.0
188.0
500.0
500.0
102.0
500.0
500.0
436.0
120.0
500.0
57.0
500.0
500.0
65.0
143.0
202.0
60.0
135.0
500.0
190.0
174.0
174.0
159.0
500.0
500.0
233.0
500.0
219.0
500.0
500.0
96.0
500.0
500.0
500.0
500.0
500.0
500.0
221.0
500.0
500.0
500.0
500.0
134.0
500.0
500.0
500.0
112.0
213.0
121.0
500.0
238.0
129.0
500.0
166.0
43.0
106.0
199.0
87.0
500.0
500.0
140.0
500.0
500.0
500.0
500.0
65.0
68.0
500.0
500.0
256.0
127.0
120.0
500.0
257.0
500.0
109.0
500.0
500.0
171.0
500.0
170.0
159.0
500.0
500.0
223.0
500.0
87.0
195.0
170.0
181.0
500.0
500.0
500.0
119.0
118.0
500.0
71.0
186.0
219.0
500.0
98.0
500.0
500.0
298.0
500.0
278.0
166.0
165.0
500.0
500.0
500.0
500.0
139.0
500.0
146.0
165.0
81.0
500.0
177.0
211.0
500.0
500.0
500.0
41.0
185.0
500.0
500.0
148.0
317.0
500.0
500.0
500.0
500.0
500.0
500.0
500.0
431.0
500.0
146.0
500.0
259.0
500.0
464.0
371.0
500.0
500.0
330.0
500.0
500.0
69.0
325.0
500.0
500.0
349.0
500.0
500.0
309.0
103.0
314.0
233.0
250.0
500.0
500.0
500.0
47.0
220.0
500.0
500.0
500.0
500.0
149.0
184.0
369.0
49.0
168.0
500.0
500.0
500.0
500.0
500.0
500.0
500.0
500.0
246.0
500.0
500.0
500.0
445.0
148.0
500.0
291.0
500.0
500.0
291.0
100.0
56.0
187.0
109.0
67.0
75.0
500.0
96.0
73.0
500.0
500.0
500.0
387.0
500.0
222.0
500.0
500.0
500.0
500.0
93.0
500.0
223.0
500.0
500.0
500.0
173.0
290.0
500.0
500.0
500.0
500.0
71.0
136.0
150.0
225.0
500.0
500.0
500.0
500.0
52.0
500.0
500.0
500.0
233.0
221.0
500.0
349.0
500.0
383.0
500.0
254.0
377.0
161.0
500.0
500.0
152.0
172.0
64.0
500.0
52.0
500.0
80.0
500.0
500.0
500.0
500.0
500.0
500.0
500.0
222.0
137.0
500.0
500.0
46.0
500.0
500.0
157.0
500.0
75.0
500.0
500.0
500.0
500.0
91.0
139.0
500.0
154.0
500.0
66.0
500.0
500.0
500.0
500.0
500.0
500.0
500.0
500.0
500.0
500.0
500.0
500.0
393.0
500.0
303.0
500.0
500.0
500.0
167.0
408.0
500.0
500.0
206.0
79.0
188.0
500.0
500.0
500.0
500.0
121.0
107.0
500.0
96.0
255.0
84.0
500.0
140.0
500.0
500.0
259.0
110.0
500.0
173.0
500.0
500.0
73.0
178.0
423.0
500.0
500.0
500.0
500.0
258.0
136.0
44.0
117.0
115.0
144.0
500.0
500.0
500.0
500.0
229.0
163.0
500.0
500.0
144.0
500.0
160.0
101.0
500.0
136.0
53.0
500.0
57.0
205.0
500.0
500.0
500.0
500.0
44.0
500.0
500.0
500.0
500.0
500.0
500.0
500.0
500.0
126.0
500.0
500.0
258.0
500.0
500.0
500.0
55.0
174.0
500.0
500.0
174.0
201.0
159.0
500.0
500.0
159.0
120.0
391.0
322.0
136.0
269.0
500.0
205.0
248.0
78.0
177.0
194.0
500.0
500.0
80.0
190.0
500.0
229.0
500.0
86.0
500.0
500.0
500.0
500.0
77.0
500.0
232.0
500.0
259.0
500.0
262.0
126.0
204.0
500.0
125.0
500.0
71.0
337.0
500.0
500.0
84.0
266.0
179.0
161.0
500.0
500.0
230.0
89.0
92.0
500.0
102.0
202.0
500.0
276.0
114.0
347.0
500.0
320.0
331.0
175.0
294.0
81.0
162.0
221.0
392.0
260.0
210.0
500.0
292.0
500.0
26.0
303.0
500.0
144.0
76.0
375.0
351.0
500.0
500.0
500.0
500.0
247.0
209.0
345.0
500.0
310.0
500.0
500.0
402.0
418.0
373.0
66.0
500.0
500.0
500.0
500.0
225.0
195.0
210.0
307.0
193.0
500.0
500.0
239.0
227.0
500.0
293.0
328.0
282.0
203.0
500.0
223.0
383.0
288.0
327.0
500.0
500.0
500.0
412.0
500.0
309.0
196.0
500.0
130.0
228.0
304.0
297.0
266.0
316.0
433.0
238.0
500.0
202.0
376.0
334.0
500.0
172.0
171.0
217.0
95.0
424.0
160.0
216.0
173.0
143.0
363.0
231.0
306.0
207.0
350.0
371.0
128.0
302.0
225.0
500.0
245.0
500.0
500.0
302.0
500.0
173.0
277.0
500.0
500.0
294.0
500.0
156.0
500.0
214.0
125.0
500.0
282.0
187.0
398.0
202.0
500.0
500.0
500.0
342.0
500.0
197.0
500.0
381.0
500.0
500.0
408.0
256.0
357.0
208.0
500.0
500.0
353.0
500.0
295.0
500.0
304.0
428.0
230.0
356.0
306.0
500.0
500.0
500.0
320.0
500.0
311.0
500.0
414.0
500.0
500.0
388.0
267.0
500.0
500.0
257.0
500.0
500.0
500.0
500.0
297.0
500.0
500.0
500.0
456.0
301.0
319.0
176.0
218.0
426.0
272.0
500.0
500.0
384.0
321.0
500.0
246.0
383.0
500.0
500.0
253.0
500.0
335.0
363.0
224.0
500.0
454.0
500.0
404.0
261.0
500.0
455.0
412.0
252.0
184.0
305.0
491.0
75.0
470.0
500.0
219.0
108.0
188.0
500.0
500.0
446.0
500.0
367.0
400.0
500.0
500.0
244.0
218.0
324.0
500.0
388.0
500.0
381.0
50.0
500.0
500.0
500.0
332.0
102.0
449.0
218.0
31.0
35.0
216.0
64.0
421.0
500.0
401.0
500.0
449.0
238.0
196.0
500.0
94.0
500.0
500.0
466.0
500.0
500.0
500.0
500.0
500.0
500.0
500.0
500.0
500.0
500.0
500.0
439.0
429.0
500.0
500.0
412.0
500.0
200.0
500.0
500.0
500.0
500.0
500.0
500.0
500.0
500.0
500.0
500.0
462.0
500.0
500.0
500.0
500.0
500.0
500.0
500.0
500.0
195.0
500.0
500.0
500.0
500.0
500.0
500.0
500.0
500.0
500.0
500.0
500.0
500.0
500.0
500.0
500.0
500.0
500.0
500.0
500.0
500.0
500.0
500.0
500.0
500.0
500.0
500.0
500.0
500.0
500.0
500.0
500.0
500.0
499.0
500.0
500.0
411.0
500.0
500.0
500.0
393.0
500.0
500.0
500.0
500.0
492.0
500.0
500.0
500.0
500.0
500.0
500.0
500.0
500.0
500.0
500.0
500.0
500.0
500.0
500.0
500.0
500.0
500.0
500.0
441.0
320.0
178.0
79.0
181.0
261.0
500.0
500.0
184.0
236.0
500.0
184.0
440.0
266.0
500.0
361.0
500.0
27.0
290.0
500.0
500.0
219.0
409.0
321.0
290.0
139.0
421.0
500.0
206.0
378.0
500.0
155.0
49.0
259.0
469.0
500.0
498.0
254.0
53.0
332.0
84.0
202.0
198.0
500.0
317.0
282.0
336.0
394.0
165.0
450.0
238.0
258.0
500.0
360.0
409.0
179.0
449.0
297.0
453.0
500.0
40.0
247.0
129.0
159.0
381.0
391.0
206.0
500.0
500.0
443.0
500.0
500.0
500.0
487.0
274.0
212.0
296.0
276.0
242.0
381.0
379.0
233.0
217.0
362.0
500.0
89.0
279.0
238.0
500.0
447.0
377.0
500.0
369.0
305.0
500.0
448.0
443.0
239.0
458.0
334.0
449.0
500.0
500.0
387.0
500.0
359.0
346.0
276.0
319.0
408.0
357.0
500.0
414.0
291.0
339.0
500.0
337.0
320.0
280.0
500.0
318.0
90.0
474.0
500.0
500.0
165.0
191.0
500.0
500.0
500.0
303.0
500.0
347.0
500.0
500.0
120.0
500.0
500.0
280.0
321.0
357.0
500.0
500.0
500.0
289.0
309.0
320.0
120.0
468.0
342.0
500.0
298.0
500.0
500.0
500.0
167.0
127.0
432.0
45.0
106.0
193.0
459.0
13.0
32.0
500.0
500.0
107.0
500.0
500.0
140.0
96.0
453.0
500.0
500.0
434.0
31.0
112.0
163.0
471.0
161.0
500.0
157.0
500.0
111.0
387.0
120.0
105.0
126.0
21.0
14.0
500.0
500.0
500.0
500.0
500.0
17.0
148.0
124.0
500.0
14.0
386.0
397.0
28.0
37.0
38.0
451.0
44.0
500.0
500.0
61.0
46.0
11.0
500.0
21.0
500.0
500.0
11.0
500.0
500.0
500.0
151.0
164.0
500.0
134.0
500.0
500.0
500.0
500.0
500.0
116.0
237.0
500.0
500.0
274.0
500.0
500.0
500.0
500.0
169.0
500.0
500.0
361.0
493.0
500.0
371.0
156.0
500.0
317.0
22.0
71.0
171.0
500.0
271.0
207.0
500.0
227.0
184.0
200.0
199.0
204.0
304.0
391.0
500.0
374.0
167.0
260.0
325.0
500.0
500.0
52.0
239.0
397.0
277.0
104.0
430.0
194.0
500.0
255.0
87.0
217.0
287.0
248.0
291.0
274.0
500.0
255.0
500.0
276.0
314.0
98.0
189.0
85.0
191.0
72.0
316.0
164.0
111.0
192.0
189.0
25.0
104.0
61.0
438.0
83.0
69.0
117.0
85.0
116.0
500.0
101.0
102.0
135.0
75.0
204.0
185.0
124.0
157.0
107.0
216.0
89.0
191.0
152.0
331.0
93.0
126.0
500.0
128.0
136.0
97.0
500.0
108.0
190.0
357.0
500.0
380.0
54.0
232.0
97.0
191.0
138.0
179.0
322.0
500.0
147.0
203.0
365.0
500.0
500.0
500.0
146.0
173.0
99.0
126.0
405.0
194.0
116.0
118.0
274.0
500.0
78.0
113.0
153.0
173.0
170.0
153.0
423.0
69.0
198.0
168.0
368.0
451.0
191.0
237.0
99.0
500.0
292.0
191.0
61.0
500.0
162.0
76.0
41.0
204.0
121.0
128.0
500.0
232.0
377.0
198.0
175.0
107.0
112.0
232.0
207.0
99.0
137.0
309.0
184.0
500.0
195.0
229.0
500.0
166.0
370.0
500.0
66.0
148.0
109.0
143.0
104.0
246.0
500.0
288.0
236.0
233.0
130.0
140.0
220.0
93.0
452.0
500.0
80.0
158.0
107.0
421.0
109.0
121.0
128.0
500.0
72.0
132.0
68.0
117.0
91.0
265.0
398.0
111.0
155.0
122.0
191.0
157.0
298.0
137.0
178.0
172.0
126.0
171.0
500.0
58.0
132.0
147.0
415.0
125.0
97.0
126.0
157.0
194.0
168.0
62.0
161.0
435.0
15.0
55.0
145.0
94.0
177.0
19.0
352.0
18.0
29.0
114.0
170.0
135.0
182.0
183.0
77.0
354.0
180.0
166.0
140.0
249.0
261.0
256.0
311.0
12.0
11.0
170.0
42.0
15.0
179.0
239.0
9.0
135.0
64.0
108.0
404.0
129.0
109.0
223.0
39.0
35.0
176.0
220.0
13.0
193.0
108.0
213.0
33.0
136.0
198.0
275.0
227.0
194.0
167.0
37.0
28.0
82.0
254.0
198.0
87.0
235.0
244.0
254.0
500.0
34.0
147.0
234.0
391.0
373.0
300.0
240.0
249.0
144.0
122.0
147.0
154.0
108.0
144.0
287.0
156.0
132.0
137.0
143.0
188.0
26.0
189.0
101.0
199.0
223.0
120.0
227.0
152.0
243.0
161.0
155.0
265.0
368.0
161.0
212.0
196.0
32.0
14.0
192.0
144.0
161.0
248.0
36.0
406.0
118.0
500.0
195.0
447.0
187.0
233.0
166.0
133.0
217.0
135.0
159.0
253.0
165.0
500.0
159.0
129.0
193.0
348.0
192.0
193.0
337.0
339.0
33.0
228.0
189.0
200.0
341.0
212.0
181.0
203.0
253.0
134.0
95.0
144.0
190.0
79.0
189.0
208.0
200.0
152.0
359.0
23.0
178.0
222.0
174.0
120.0
307.0
142.0
88.0
250.0
232.0
102.0
215.0
373.0
60.0
75.0
48.0
148.0
97.0
193.0
192.0
213.0
150.0
303.0
67.0
92.0
208.0
70.0
286.0
54.0
63.0
115.0
327.0
85.0
261.0
194.0
500.0
236.0
67.0
500.0
107.0
500.0
162.0
356.0
150.0
302.0
91.0
251.0
218.0
284.0
86.0
44.0
92.0
103.0
110.0
13.0
91.0
166.0
139.0
200.0
164.0
73.0
155.0
80.0
113.0
500.0
10.0
210.0
52.0
70.0
186.0
165.0
178.0
262.0
373.0
120.0
319.0
179.0
164.0
278.0
210.0
227.0
500.0
169.0
180.0
169.0
460.0
135.0
202.0
500.0
220.0
500.0
135.0
149.0
247.0
143.0
297.0
175.0
150.0
128.0
289.0
39.0
193.0
232.0
221.0
221.0
246.0
253.0
37.0
244.0
9.0
178.0
181.0
156.0
211.0
130.0
198.0
112.0
149.0
11.0
188.0
216.0
190.0
167.0
160.0
200.0
26.0
282.0
9.0
202.0
46.0
212.0
251.0
163.0
230.0
237.0
207.0
500.0
193.0
149.0
140.0
345.0
134.0
153.0
12.0
238.0
180.0
167.0
14.0
260.0
500.0
139.0
28.0
212.0
165.0
221.0
234.0
343.0
139.0
28.0
234.0
209.0
202.0
64.0
225.0
204.0
133.0
9.0
352.0
244.0
182.0
146.0
187.0
200.0
103.0
188.0
161.0
109.0
258.0
182.0
52.0
41.0
203.0
302.0
114.0
36.0
172.0
183.0
118.0
307.0
174.0
9.0
120.0
121.0
165.0
132.0
45.0
118.0
29.0
134.0
160.0
167.0
227.0
91.0
185.0
42.0
172.0
251.0
10.0
402.0
181.0
34.0
130.0
332.0
234.0
25.0
297.0
200.0
24.0
43.0
48.0
32.0
182.0
11.0
9.0
189.0
108.0
231.0
355.0
163.0
216.0
45.0
176.0
9.0
67.0
10.0
200.0
177.0
191.0
234.0
202.0
95.0
222.0
9.0
123.0
10.0
211.0
146.0
225.0
258.0
197.0
29.0
333.0
166.0
212.0
187.0
442.0
228.0
260.0
43.0
36.0
87.0
219.0
201.0
43.0
207.0
25.0
215.0
190.0
31.0
153.0
500.0
180.0
11.0
280.0
200.0
9.0
12.0
218.0
164.0
374.0
171.0
106.0
33.0
125.0
178.0
105.0
220.0
11.0
173.0
11.0
114.0
187.0
73.0
95.0
200.0
112.0
145.0
191.0
196.0
104.0
18.0
27.0
206.0
180.0
20.0
407.0
102.0
12.0
9.0
186.0
277.0
200.0
41.0
52.0
85.0
114.0
200.0
479.0
264.0
262.0
197.0
122.0
170.0
109.0
243.0
182.0
214.0
285.0
284.0
401.0
260.0
163.0
484.0
180.0
500.0
185.0
185.0
246.0
454.0
126.0
286.0
264.0
411.0
186.0
169.0
210.0
67.0
126.0
146.0
120.0
52.0
252.0
38.0
36.0
47.0
283.0
194.0
178.0
99.0
256.0
287.0
141.0
50.0
260.0
51.0
232.0
29.0
24.0
250.0
482.0
195.0
273.0
161.0
201.0
39.0
500.0
76.0
408.0
422.0
406.0
255.0
178.0
174.0
229.0
303.0
282.0
253.0
169.0
293.0
500.0
254.0
500.0
294.0
500.0
229.0
312.0
320.0
222.0
281.0
191.0
210.0
217.0
479.0
243.0
238.0
325.0
279.0
183.0
213.0
392.0
197.0
321.0
232.0
180.0
263.0
164.0
189.0
236.0
246.0
191.0
354.0
168.0
217.0
343.0
219.0
276.0
182.0
222.0
500.0
327.0
450.0
364.0
217.0
196.0
172.0
221.0
310.0
194.0
148.0
253.0
241.0
237.0
191.0
235.0
252.0
186.0
178.0
281.0
216.0
124.0
340.0
366.0
113.0
278.0
264.0
135.0
314.0
317.0
265.0
255.0
123.0
227.0
186.0
222.0
143.0
212.0
194.0
265.0
202.0
306.0
500.0
272.0
246.0
215.0
254.0
201.0
437.0
185.0
233.0
106.0
224.0
222.0
306.0
276.0
245.0
393.0
304.0
344.0
500.0
208.0
184.0
158.0
208.0
138.0
136.0
260.0
228.0
226.0
500.0
222.0
324.0
254.0
388.0
276.0
203.0
337.0
184.0
202.0
218.0
467.0
352.0
230.0
190.0
244.0
177.0
384.0
274.0
295.0
327.0
294.0
295.0
289.0
208.0
196.0
500.0
142.0
271.0
218.0
212.0
264.0
216.0
322.0
192.0
182.0
170.0
206.0
148.0
212.0
230.0
333.0
215.0
228.0
394.0
280.0
226.0
234.0
257.0
237.0
248.0
244.0
196.0
282.0
208.0
290.0
223.0
137.0
290.0
224.0
500.0
301.0
261.0
142.0
207.0
206.0
269.0
281.0
258.0
223.0
212.0
139.0
195.0
140.0
267.0
271.0
189.0
254.0
163.0
181.0
382.0
139.0
241.0
176.0
330.0
299.0
173.0
209.0
279.0
172.0
249.0
388.0
282.0
142.0
236.0
273.0
175.0
220.0
250.0
245.0
227.0
291.0
142.0
221.0
206.0
221.0
239.0
159.0
225.0
178.0
279.0
217.0
191.0
221.0
197.0
145.0
228.0
353.0
252.0
264.0
168.0
139.0
172.0
147.0
231.0
208.0
500.0
209.0
227.0
302.0
192.0
362.0
291.0
228.0
301.0
341.0
160.0
187.0
131.0
500.0
166.0
310.0
191.0
142.0
128.0
235.0
129.0
250.0
240.0
260.0
290.0
302.0
486.0
285.0
162.0
249.0
203.0
194.0
188.0
500.0
210.0
222.0
500.0
112.0
399.0
271.0
136.0
220.0
126.0
196.0
110.0
159.0
500.0
500.0
412.0
226.0
248.0
151.0
293.0
427.0
163.0
348.0
302.0
304.0
128.0
156.0
284.0
109.0
176.0
262.0
140.0
112.0
238.0
220.0
284.0
124.0
244.0
378.0
114.0
132.0
500.0
239.0
205.0
206.0
164.0
227.0
500.0
289.0
234.0
500.0
214.0
316.0
160.0
84.0
500.0
242.0
445.0
500.0
286.0
296.0
237.0
251.0
225.0
305.0
268.0
169.0
216.0
184.0
36.0
240.0
218.0
231.0
160.0
196.0
389.0
154.0
215.0
147.0
210.0
142.0
252.0
185.0
279.0
173.0
212.0
163.0
269.0
184.0
188.0
253.0
207.0
198.0
302.0
191.0
233.0
205.0
379.0
286.0
195.0
221.0
310.0
218.0
27.0
174.0
372.0
9.0
230.0
176.0
173.0
225.0
220.0
81.0
32.0
270.0
114.0
385.0
236.0
236.0
288.0
335.0
356.0
59.0
256.0
315.0
145.0
149.0
109.0
289.0
183.0
84.0
104.0
83.0
248.0
181.0
170.0
244.0
170.0
177.0
106.0
237.0
292.0
240.0
324.0
193.0
118.0
142.0
11.0
184.0
109.0
200.0
182.0
183.0
264.0
190.0
288.0
9.0
500.0
83.0
305.0
260.0
111.0
220.0
43.0
82.0
335.0
240.0
259.0
84.0
239.0
211.0
251.0
176.0
206.0
26.0
194.0
185.0
177.0
195.0
203.0
226.0
212.0
261.0
208.0
453.0
223.0
204.0
133.0
145.0
117.0
241.0
181.0
10.0
12.0
256.0
265.0
45.0
190.0
16.0
338.0
269.0
98.0
211.0
73.0
188.0
104.0
182.0
174.0
204.0
193.0
100.0
183.0
137.0
204.0
238.0
171.0
146.0
108.0
175.0
217.0
210.0
226.0
211.0
169.0
241.0
241.0
249.0
318.0
175.0
152.0
255.0
232.0
151.0
120.0
292.0
193.0
155.0
118.0
179.0
178.0
154.0
122.0
302.0
109.0
147.0
209.0
183.0
181.0
63.0
231.0
141.0
169.0
135.0
175.0
227.0
252.0
205.0
144.0
189.0
175.0
213.0
191.0
180.0
179.0
193.0
221.0
265.0
124.0
126.0
273.0
149.0
210.0
187.0
216.0
218.0
235.0
206.0
236.0
275.0
229.0
165.0
221.0
10.0
222.0
143.0
116.0
248.0
266.0
291.0
350.0
238.0
342.0
192.0
257.0
183.0
311.0
284.0
339.0
125.0
127.0
103.0
252.0
121.0
225.0
183.0
131.0
195.0
257.0
164.0
9.0
248.0
115.0
213.0
219.0
149.0
179.0
278.0
80.0
11.0
157.0
141.0
192.0
182.0
165.0
261.0
241.0
199.0
133.0
234.0
129.0
291.0
196.0
129.0
248.0
223.0
235.0
201.0
114.0
187.0
131.0
129.0
128.0
96.0
181.0
87.0
226.0
123.0
155.0
246.0
216.0
93.0
256.0
138.0
228.0
205.0
147.0
131.0
329.0
19.0
181.0
105.0
100.0
159.0
204.0
191.0
111.0
112.0
100.0
119.0
131.0
243.0
153.0
210.0
117.0
102.0
120.0
172.0
10.0
177.0
181.0
131.0
91.0
258.0
234.0
131.0
402.0
129.0
236.0
8.0
249.0
186.0
109.0
240.0
222.0
273.0
284.0
247.0
126.0
222.0
9.0
48.0
58.0
189.0
156.0
139.0
298.0
277.0
129.0
167.0
241.0
294.0
292.0
129.0
253.0
223.0
141.0
134.0
71.0
137.0
141.0
133.0
210.0
197.0
137.0
193.0
298.0
259.0
192.0
380.0
177.0
209.0
173.0
149.0
107.0
285.0
190.0
167.0
342.0
131.0
110.0
265.0
234.0
193.0
147.0
202.0
195.0
173.0
146.0
190.0
232.0
24.0
202.0
167.0
196.0
204.0
134.0
163.0
181.0
174.0
208.0
178.0
121.0
235.0
151.0
131.0
180.0
198.0
163.0
212.0
108.0
237.0
208.0
224.0
68.0
153.0
261.0
246.0
215.0
214.0
266.0
82.0
172.0
96.0
268.0
187.0
201.0
119.0
166.0
196.0
255.0
250.0
197.0
269.0
411.0
236.0
171.0
224.0
181.0
281.0
9.0
124.0
213.0
139.0
157.0
121.0
249.0
194.0
9.0
113.0
168.0
244.0
127.0
131.0
209.0
223.0
219.0
263.0
145.0
225.0
9.0
209.0
164.0
183.0
9.0
221.0
182.0
189.0
233.0
55.0
223.0
13.0
172.0
186.0
200.0
159.0
171.0
188.0
151.0
198.0
177.0
210.0
149.0
13.0
71.0
191.0
180.0
212.0
178.0
159.0
80.0
188.0
87.0
48.0
146.0
377.0
207.0
131.0
197.0
163.0
148.0
228.0
187.0
149.0
204.0
166.0
73.0
193.0
131.0
254.0
215.0
301.0
305.0
153.0
206.0
177.0
192.0
182.0
177.0
269.0
285.0
130.0
111.0
130.0
102.0
144.0
205.0
206.0
141.0
175.0
133.0
199.0
192.0
241.0
391.0
118.0
123.0
152.0
116.0
205.0
113.0
182.0
260.0
291.0
162.0
217.0
191.0
199.0
158.0
159.0
232.0
150.0
189.0
153.0
339.0
118.0
264.0
141.0
190.0
206.0
169.0
306.0
217.0
260.0
149.0
199.0
181.0
233.0
215.0
209.0
119.0
147.0
201.0
176.0
148.0
140.0
193.0
316.0
235.0
127.0
175.0
289.0
169.0
224.0
186.0
286.0
133.0
213.0
217.0
232.0
152.0
276.0
121.0
238.0
211.0
141.0
205.0
12.0
113.0
209.0
261.0
298.0
199.0
339.0
206.0
182.0
250.0
231.0
140.0
200.0
165.0
237.0
202.0
187.0
210.0
222.0
217.0
8.0
197.0
288.0
204.0
174.0
203.0
162.0
222.0
16.0
215.0
258.0
268.0
134.0
217.0
177.0
270.0
236.0
284.0
179.0
149.0
168.0
182.0
189.0
269.0
250.0
162.0
140.0
270.0
203.0
248.0
213.0
305.0
149.0
204.0
225.0
18.0
146.0
150.0
150.0
151.0
218.0
206.0
276.0
243.0
99.0
225.0
136.0
182.0
213.0
208.0
236.0
140.0
140.0
206.0
199.0
290.0
225.0
257.0
137.0
284.0
155.0
205.0
211.0
123.0
157.0
224.0
134.0
258.0
171.0
235.0
94.0
216.0
234.0
122.0
190.0
161.0
144.0
174.0
146.0
211.0
311.0
322.0
219.0
162.0
171.0
80.0
152.0
241.0
314.0
296.0
28.0
164.0
169.0
430.0
217.0
96.0
491.0
13.0
165.0
15.0
195.0
203.0
12.0
189.0
142.0
171.0
173.0
500.0
179.0
500.0
159.0
224.0
206.0
295.0
66.0
214.0
242.0
24.0
124.0
200.0
238.0
210.0
148.0
500.0
44.0
17.0
139.0
113.0
159.0
332.0
152.0
289.0
295.0
128.0
179.0
207.0
144.0
261.0
267.0
313.0
372.0
367.0
85.0
152.0
9.0
230.0
191.0
280.0
147.0
128.0
184.0
10.0
212.0
145.0
120.0
182.0
312.0
474.0
163.0
194.0
253.0
500.0
296.0
236.0
200.0
198.0
147.0
153.0
108.0
272.0
283.0
12.0
188.0
143.0
231.0
142.0
156.0
248.0
328.0
197.0
148.0
122.0
252.0
176.0
149.0
173.0
214.0
168.0
153.0
167.0
212.0
199.0
133.0
155.0
206.0
342.0
180.0
258.0
148.0
301.0
353.0
9.0
148.0
123.0
200.0
308.0
198.0
178.0
174.0
160.0
177.0
198.0
101.0
224.0
298.0
203.0
193.0
176.0
178.0
106.0
118.0
158.0
184.0
99.0
161.0
208.0
136.0
196.0
218.0
176.0
95.0
146.0
324.0
190.0
180.0
163.0
158.0
157.0
213.0
241.0
99.0
228.0
194.0
102.0
225.0
225.0
134.0
222.0
258.0
234.0
152.0
248.0
185.0
127.0
176.0
95.0
206.0
366.0
158.0
218.0
178.0
238.0
277.0
246.0
162.0
248.0
138.0
184.0
167.0
240.0
151.0
163.0
148.0
98.0
128.0
192.0
178.0
164.0
11.0
208.0
103.0
243.0
150.0
148.0
140.0
130.0
195.0
103.0
230.0
249.0
123.0
222.0
95.0
219.0
106.0
174.0
101.0
188.0
210.0
141.0
131.0
210.0
27.0
189.0
138.0
208.0
234.0
135.0
165.0
166.0
140.0
9.0
260.0
201.0
137.0
166.0
176.0
168.0
235.0
159.0
152.0
225.0
213.0
195.0
222.0
207.0
155.0
134.0
233.0
183.0
9.0
194.0
229.0
212.0
227.0
209.0
128.0
339.0
212.0
234.0
13.0
238.0
192.0
143.0
179.0
333.0
144.0
220.0
336.0
163.0
174.0
137.0
418.0
196.0
162.0
156.0
157.0
168.0
273.0
127.0
166.0
199.0
11.0
184.0
196.0
197.0
188.0
143.0
178.0
318.0
226.0
155.0
228.0
224.0
231.0
134.0
115.0
196.0
128.0
138.0
105.0
174.0
151.0
103.0
182.0
175.0
224.0
147.0
140.0
340.0
132.0
164.0
186.0
141.0
218.0
9.0
179.0
229.0
197.0
139.0
208.0
190.0
224.0
11.0
168.0
196.0
163.0
236.0
191.0
141.0
222.0
155.0
160.0
221.0
214.0
244.0
175.0
168.0
154.0
207.0
201.0
226.0
253.0
174.0
307.0
179.0
137.0
157.0
395.0
219.0
180.0
204.0
277.0
197.0
129.0
276.0
236.0
193.0
184.0
183.0
218.0
220.0
27.0
204.0
204.0
216.0
196.0
285.0
253.0
229.0
212.0
201.0
193.0
314.0
153.0
198.0
179.0
210.0
222.0
204.0
218.0
178.0
165.0
181.0
255.0
298.0
172.0
183.0
180.0
227.0
149.0
288.0
274.0
301.0
321.0
117.0
212.0
232.0
242.0
291.0
226.0
140.0
183.0
315.0
173.0
212.0
171.0
215.0
184.0
164.0
264.0
206.0
175.0
252.0
187.0
224.0
286.0
205.0
182.0
198.0
202.0
200.0
213.0
139.0
175.0
170.0
207.0
150.0
206.0
190.0
144.0
230.0
180.0
189.0
233.0
243.0
274.0
272.0
242.0
197.0
182.0
184.0
207.0
190.0
228.0
130.0
229.0
342.0
206.0
234.0
201.0
130.0
171.0
225.0
237.0
261.0
246.0
181.0
217.0
199.0
165.0
137.0
278.0
187.0
378.0
201.0
192.0
129.0
154.0
154.0
151.0
209.0
165.0
300.0
152.0
112.0
173.0
262.0
234.0
265.0
201.0
105.0
181.0
106.0
124.0
164.0
196.0
95.0
211.0
147.0
416.0
183.0
289.0
357.0
260.0
146.0
134.0
341.0
106.0
94.0
112.0
112.0
105.0
198.0
93.0
132.0
96.0
178.0
82.0
88.0
180.0
187.0
208.0
240.0
172.0
119.0
160.0
278.0
216.0
251.0
248.0
97.0
149.0
158.0
124.0
268.0
195.0
184.0
247.0
123.0
207.0
142.0
122.0
264.0
201.0
278.0
219.0
193.0
272.0
176.0
202.0
268.0
304.0
337.0
386.0
248.0
153.0
94.0
135.0
176.0
230.0
137.0
138.0
207.0
265.0
109.0
203.0
293.0
246.0
232.0
255.0
277.0
202.0
138.0
118.0
194.0
111.0
234.0
138.0
100.0
156.0
217.0
226.0
78.0
224.0
142.0
186.0
309.0
136.0
121.0
296.0
173.0
208.0
260.0
239.0
218.0
170.0
143.0
205.0
186.0
122.0
266.0
184.0
221.0
172.0
228.0
235.0
298.0
311.0
192.0
307.0
137.0
198.0
229.0
222.0
344.0
229.0
162.0
189.0
148.0
117.0
166.0
248.0
278.0
239.0
136.0
205.0
260.0
149.0
234.0
179.0
252.0
176.0
270.0
225.0
169.0
384.0
128.0
219.0
155.0
140.0
148.0
131.0
149.0
138.0
168.0
160.0
186.0
171.0
132.0
177.0
225.0
185.0
135.0
86.0
113.0
114.0
205.0
255.0
209.0
207.0
176.0
180.0
152.0
220.0
255.0
229.0
204.0
218.0
150.0
295.0
221.0
189.0
142.0
243.0
212.0
145.0
218.0
170.0
213.0
293.0
435.0
231.0
139.0
168.0
162.0
194.0
131.0
218.0
320.0
148.0
198.0
253.0
194.0
148.0
188.0
265.0
260.0
187.0
145.0
176.0
206.0
185.0
261.0
25.0
170.0
199.0
180.0
230.0
128.0
164.0
190.0
152.0
249.0
178.0
309.0
180.0
186.0
180.0
186.0
196.0
139.0
184.0
130.0
156.0
188.0
111.0
195.0
203.0
208.0
180.0
129.0
165.0
143.0
236.0
188.0
179.0
279.0
89.0
120.0
34.0
171.0
172.0
218.0
220.0
151.0
205.0
214.0
109.0
186.0
88.0
224.0
165.0
159.0
143.0
14.0
183.0
215.0
103.0
157.0
219.0
237.0
191.0
242.0
92.0
167.0
10.0
206.0
169.0
160.0
164.0
130.0
165.0
205.0
277.0
181.0
163.0
163.0
225.0
20.0
262.0
134.0
119.0
201.0
161.0
152.0
348.0
209.0
191.0
177.0
102.0
127.0
165.0
153.0
145.0
183.0
192.0
13.0
214.0
148.0
172.0
182.0
112.0
167.0
221.0
179.0
227.0
200.0
239.0
149.0
164.0
189.0
270.0
228.0
157.0
142.0
129.0
146.0
169.0
213.0
193.0
267.0
176.0
163.0
188.0
174.0
179.0
199.0
12.0
223.0
132.0
161.0
119.0
182.0
228.0
103.0
278.0
219.0
186.0
222.0
260.0
148.0
228.0
233.0
146.0
165.0
177.0
184.0
171.0
177.0
223.0
185.0
154.0
163.0
233.0
117.0
100.0
150.0
242.0
144.0
131.0
185.0
243.0
112.0
13.0
122.0
194.0
260.0
129.0
252.0
132.0
135.0
220.0
183.0
268.0
114.0
167.0
179.0
192.0
114.0
216.0
232.0
154.0
158.0
121.0
215.0
133.0
216.0
196.0
134.0
97.0
103.0
115.0
106.0
159.0
222.0
96.0
114.0
248.0
258.0
237.0
223.0
278.0
188.0
197.0
138.0
146.0
217.0
115.0
98.0
192.0
198.0
199.0
181.0
125.0
107.0
205.0
231.0
237.0
500.0
225.0
171.0
250.0
162.0
154.0
203.0
255.0
172.0
297.0
137.0
192.0
203.0
195.0
188.0
219.0
134.0
207.0
115.0
198.0
160.0
306.0
247.0
170.0
129.0
171.0
133.0
198.0
290.0
135.0
140.0
329.0
187.0
121.0
164.0
213.0
143.0
167.0
184.0
241.0
202.0
154.0
191.0
132.0
167.0
170.0
173.0
227.0
152.0
258.0
246.0
175.0
312.0
179.0
186.0
169.0
167.0
189.0
152.0
234.0
237.0
227.0
167.0
119.0
154.0
170.0
126.0
169.0
390.0
177.0
120.0
363.0
219.0
237.0
205.0
116.0
93.0
273.0
226.0
119.0
327.0
162.0
183.0
177.0
181.0
207.0
149.0
175.0
177.0
309.0
203.0
209.0
184.0
180.0
111.0
153.0
237.0
202.0
256.0
238.0
205.0
100.0
223.0
183.0
193.0
207.0
223.0
175.0
133.0
192.0
158.0
237.0
191.0
215.0
286.0
191.0
195.0
198.0
249.0
129.0
147.0
192.0
211.0
154.0
256.0
214.0
186.0
218.0
179.0
189.0
141.0
198.0
293.0
233.0
160.0
183.0
199.0
195.0
356.0
126.0
144.0
167.0
210.0
176.0
131.0
284.0
181.0
158.0
165.0
379.0
260.0
204.0
213.0
205.0
214.0
215.0
196.0
107.0
199.0
135.0
280.0
187.0
243.0
115.0
121.0
153.0
177.0
220.0
302.0
212.0
201.0
326.0
143.0
140.0
169.0
263.0
220.0
158.0
176.0
245.0
232.0
217.0
127.0
185.0
165.0
153.0
372.0
131.0
262.0
176.0
163.0
213.0
192.0
210.0
149.0
330.0
262.0
226.0
336.0
122.0
176.0
287.0
220.0
120.0
273.0
136.0
222.0
166.0
199.0
145.0
162.0
170.0
162.0
135.0
260.0
123.0
182.0
173.0
123.0
199.0
183.0
132.0
178.0
270.0
240.0
216.0
214.0
247.0
155.0
192.0
229.0
147.0
215.0
338.0
196.0
160.0
178.0
220.0
103.0
273.0
189.0
163.0
230.0
189.0
172.0
201.0
111.0
210.0
198.0
180.0
130.0
325.0
290.0
275.0
119.0
220.0
140.0
206.0
104.0
213.0
178.0
111.0
185.0
239.0
146.0
138.0
169.0
233.0
226.0
235.0
378.0
254.0
218.0
129.0
251.0
142.0
192.0
278.0
162.0
175.0
207.0
425.0
200.0
140.0
117.0
258.0
398.0
188.0
136.0
257.0
333.0
140.0
196.0
302.0
134.0
171.0
204.0
160.0
132.0
287.0
321.0
224.0
164.0
328.0
170.0
118.0
239.0
273.0
181.0
132.0
237.0
129.0
183.0
161.0
214.0
174.0
226.0
192.0
195.0
117.0
178.0
138.0
199.0
239.0
161.0
265.0
124.0
141.0
221.0
121.0
156.0
120.0
194.0
127.0
136.0
103.0
125.0
115.0
188.0
210.0
206.0
138.0
160.0
242.0
243.0
119.0
117.0
215.0
129.0
110.0
238.0
197.0
170.0
250.0
197.0
131.0
177.0
162.0
257.0
188.0
143.0
262.0
227.0
140.0
250.0
276.0
162.0
176.0
215.0
200.0
171.0
97.0
237.0
210.0
177.0
269.0
241.0
245.0
179.0
110.0
258.0
198.0
361.0
165.0
215.0
230.0
241.0
99.0
177.0
146.0
160.0
184.0
210.0
214.0
109.0
174.0
268.0
183.0
152.0
233.0
186.0
103.0
252.0
238.0
209.0
191.0
214.0
228.0
226.0
332.0
259.0
267.0
116.0
250.0
260.0
187.0
155.0
181.0
142.0
192.0
169.0
235.0
142.0
142.0
238.0
117.0
127.0
177.0
213.0
340.0
201.0
265.0
126.0
200.0
248.0
95.0
147.0
156.0
188.0
155.0
134.0
192.0
190.0
186.0
220.0
375.0
409.0
164.0
222.0
185.0
235.0
117.0
428.0
274.0
279.0
201.0
174.0
156.0
199.0
200.0
214.0
205.0
184.0
188.0
180.0
201.0
247.0
223.0
233.0
144.0
243.0
134.0
115.0
182.0
192.0
195.0
136.0
136.0
258.0
231.0
131.0
149.0
189.0
144.0
217.0
270.0
108.0
208.0
220.0
171.0
192.0
204.0
170.0
257.0
163.0
167.0
159.0
265.0
194.0
187.0
133.0
167.0
219.0
122.0
274.0
217.0
211.0
151.0
158.0
181.0
107.0
217.0
238.0
160.0
165.0
198.0
266.0
185.0
242.0
121.0
208.0
146.0
265.0
268.0
131.0
134.0
167.0
188.0
291.0
122.0
121.0
173.0
207.0
313.0
211.0
137.0
312.0
202.0
157.0
135.0
156.0
132.0
135.0
266.0
136.0
173.0
190.0
184.0
188.0
258.0
202.0
174.0
175.0
150.0
133.0
192.0
152.0
176.0
176.0
172.0
184.0
340.0
189.0
208.0
114.0
181.0
126.0
347.0
273.0
166.0
236.0
298.0
175.0
138.0
148.0
183.0
207.0
184.0
274.0
148.0
318.0
190.0
162.0
151.0
196.0
218.0
134.0
161.0
171.0
132.0
153.0
160.0
219.0
108.0
232.0
149.0
176.0
206.0
174.0
119.0
240.0
131.0
157.0
205.0
158.0
225.0
158.0
177.0
244.0
204.0
170.0
157.0
209.0
286.0
230.0
200.0
168.0
178.0
220.0
122.0
175.0
169.0
189.0
168.0
206.0
177.0
149.0
191.0
159.0
189.0
205.0
190.0
169.0
166.0
196.0
172.0
246.0
207.0
155.0
218.0
202.0
166.0
232.0
161.0
147.0
132.0
239.0
179.0
194.0
168.0
246.0
218.0
167.0
184.0
124.0
165.0
172.0
188.0
113.0
174.0
162.0
126.0
225.0
273.0
172.0
160.0
153.0
219.0
200.0
159.0
176.0
113.0
204.0
294.0
119.0
174.0
244.0
174.0
106.0
197.0
203.0
151.0
129.0
182.0
223.0
301.0
160.0
253.0
199.0
243.0
159.0
193.0
211.0
111.0
167.0
106.0
178.0
233.0
149.0
253.0
107.0
167.0
179.0
135.0
172.0
232.0
175.0
144.0
271.0
181.0
134.0
174.0
155.0
253.0
213.0
223.0
147.0
286.0
164.0
165.0
156.0
233.0
133.0
292.0
207.0
198.0
138.0
205.0
238.0
252.0
185.0
214.0
186.0
147.0
162.0
196.0
204.0
237.0
267.0
138.0
218.0
164.0
250.0
372.0
166.0
148.0
84.0
246.0
169.0
191.0
162.0
219.0
117.0
203.0
226.0
153.0
176.0
167.0
197.0
221.0
187.0
174.0
106.0
236.0
126.0
158.0
235.0
160.0
109.0
142.0
187.0
196.0
245.0
229.0
263.0
186.0
181.0
195.0
228.0
118.0
243.0
161.0
216.0
183.0
124.0
224.0
177.0
183.0
247.0
209.0
229.0
137.0
267.0
182.0
215.0
203.0
200.0
149.0
198.0
237.0
137.0
165.0
173.0
168.0
138.0
179.0
124.0
211.0
255.0
106.0
250.0
119.0
235.0
341.0
199.0
158.0
223.0
222.0
158.0
267.0
179.0
245.0
181.0
215.0
243.0
130.0
144.0
266.0
242.0
129.0
154.0
189.0
323.0
157.0
223.0
112.0
162.0
180.0
209.0
173.0
255.0
196.0
138.0
198.0
185.0
220.0
200.0
186.0
215.0
207.0
187.0
275.0
191.0
157.0
245.0
180.0
165.0
156.0
160.0
156.0
214.0
197.0
113.0
106.0
222.0
182.0
178.0
134.0
176.0
160.0
159.0
151.0
157.0
175.0
237.0
234.0
271.0
210.0
234.0
107.0
230.0
183.0
130.0
253.0
207.0
144.0
200.0
292.0
156.0
221.0
123.0
138.0
203.0
153.0
194.0
193.0
227.0
214.0
262.0
144.0
206.0
197.0
153.0
234.0
175.0
154.0
174.0
143.0
202.0
212.0
210.0
273.0
208.0
167.0
112.0
235.0
223.0
121.0
246.0
270.0
164.0
227.0
160.0
232.0
173.0
186.0
235.0
214.0
227.0
173.0
164.0
207.0
154.0
266.0
167.0
224.0
110.0
123.0
294.0
110.0
224.0
128.0
110.0
182.0
233.0
137.0
355.0
158.0
149.0
229.0
235.0
183.0
186.0
273.0
126.0
149.0
134.0
207.0
223.0
309.0
211.0
136.0
207.0
248.0
106.0
245.0
196.0
177.0
214.0
169.0
203.0
199.0
163.0
178.0
134.0
151.0
123.0
214.0
132.0
141.0
145.0
141.0
350.0
214.0
190.0
184.0
184.0
132.0
148.0
148.0
206.0
256.0
174.0
150.0
176.0
227.0
244.0
231.0
203.0
144.0
134.0
80.0
176.0
199.0
189.0
325.0
187.0
223.0
142.0
220.0
250.0
169.0
230.0
378.0
155.0
139.0
214.0
158.0
144.0
113.0
155.0
197.0
169.0
117.0
140.0
138.0
111.0
138.0
319.0
156.0
189.0
243.0
296.0
161.0
151.0
156.0
273.0
171.0
171.0
210.0
175.0
133.0
166.0
177.0
150.0
126.0
219.0
156.0
142.0
193.0
140.0
146.0
219.0
213.0
106.0
222.0
181.0
113.0
226.0
341.0
254.0
249.0
121.0
219.0
178.0
257.0
171.0
97.0
77.0
187.0
201.0
178.0
183.0
370.0
127.0
196.0
328.0
134.0
235.0
203.0
96.0
98.0
121.0
164.0
173.0
219.0
135.0
115.0
89.0
119.0
110.0
185.0
147.0
151.0
137.0
146.0
131.0
134.0
93.0
188.0
156.0
233.0
159.0
250.0
137.0
151.0
165.0
165.0
344.0
171.0
101.0
181.0
118.0
138.0
150.0
173.0
135.0
107.0
215.0
177.0
107.0
172.0
259.0
118.0
182.0
139.0
130.0
166.0
155.0
123.0
181.0
153.0
184.0
158.0
261.0
110.0
232.0
169.0
182.0
115.0
171.0
108.0
201.0
101.0
181.0
151.0
173.0
128.0
168.0
114.0
226.0
134.0
318.0
153.0
151.0
127.0
175.0
146.0
169.0
81.0
162.0
121.0
322.0
116.0
317.0
110.0
163.0
151.0
172.0
188.0
197.0
125.0
170.0
350.0
66.0
151.0
209.0
188.0
397.0
152.0
251.0
208.0
235.0
218.0
319.0
165.0
145.0
203.0
232.0
278.0
232.0
260.0
213.0
195.0
189.0
199.0
155.0
154.0
169.0
269.0
166.0
34.0
211.0
209.0
12.0
157.0
299.0
246.0
189.0
164.0
61.0
223.0
220.0
258.0
177.0
139.0
235.0
211.0
215.0
238.0
209.0
330.0
288.0
500.0
251.0
331.0
269.0
151.0
14.0
153.0
500.0
155.0
210.0
207.0
239.0
198.0
195.0
199.0
384.0
373.0
155.0
482.0
427.0
161.0
147.0
203.0
349.0
125.0
239.0
500.0
245.0
92.0
241.0
207.0
217.0
181.0
191.0
419.0
85.0
221.0
371.0
177.0
181.0
248.0
187.0
161.0
277.0
180.0
206.0
220.0
379.0
196.0
464.0
260.0
340.0
255.0
500.0
278.0
215.0
255.0
500.0
199.0
267.0
154.0
177.0
199.0
402.0
95.0
142.0
179.0
156.0
165.0
250.0
162.0
448.0
172.0
157.0
269.0
367.0
211.0
472.0
397.0
203.0
179.0
145.0
192.0
277.0
160.0
500.0
137.0
290.0
189.0
75.0
224.0
155.0
225.0
302.0
184.0
500.0
189.0
188.0
286.0
148.0
57.0
203.0
175.0
277.0
334.0
211.0
149.0
329.0
160.0
136.0
219.0
167.0
500.0
500.0
159.0
185.0
153.0
214.0
217.0
205.0
185.0
310.0
275.0
211.0
197.0
287.0
183.0
143.0
317.0
151.0
500.0
167.0
80.0
264.0
197.0
30.0
148.0
25.0
78.0
329.0
346.0
147.0
257.0
197.0
191.0
153.0
178.0
239.0
390.0
185.0
207.0
20.0
215.0
239.0
500.0
466.0
60.0
422.0
141.0
273.0
171.0
270.0
217.0
296.0
22.0
148.0
137.0
133.0
165.0
223.0
212.0
177.0
225.0
158.0
197.0
238.0
157.0
240.0
167.0
247.0
214.0
138.0
68.0
82.0
132.0
203.0
217.0
329.0
207.0
196.0
323.0
156.0
344.0
500.0
80.0
138.0
191.0
225.0
139.0
146.0
217.0
376.0
93.0
201.0
267.0
221.0
224.0
213.0
274.0
174.0
197.0
135.0
268.0
177.0
205.0
171.0
15.0
206.0
199.0
203.0
236.0
85.0
254.0
166.0
357.0
207.0
276.0
13.0
230.0
119.0
27.0
256.0
90.0
187.0
183.0
193.0
147.0
143.0
159.0
159.0
387.0
500.0
383.0
193.0
216.0
500.0
335.0
195.0
210.0
205.0
215.0
232.0
314.0
229.0
345.0
172.0
187.0
143.0
361.0
500.0
373.0
184.0
181.0
170.0
87.0
150.0
202.0
307.0
224.0
250.0
208.0
422.0
217.0
321.0
161.0
237.0
218.0
137.0
352.0
161.0
247.0
186.0
238.0
238.0
195.0
214.0
221.0
500.0
132.0
163.0
212.0
500.0
206.0
118.0
199.0
175.0
219.0
161.0
166.0
346.0
320.0
477.0
409.0
147.0
132.0
241.0
145.0
500.0
234.0
500.0
500.0
500.0
414.0
166.0
180.0
500.0
349.0
247.0
190.0
190.0
499.0
189.0
139.0
214.0
292.0
201.0
190.0
293.0
143.0
202.0
86.0
192.0
342.0
188.0
177.0
162.0
496.0
356.0
238.0
186.0
162.0
158.0
274.0
143.0
335.0
293.0
191.0
311.0
379.0
206.0
207.0
165.0
225.0
219.0
203.0
204.0
222.0
260.0
241.0
198.0
159.0
274.0
231.0
215.0
298.0
123.0
215.0
365.0
158.0
245.0
248.0
175.0
222.0
340.0
254.0
500.0
368.0
278.0
185.0
271.0
500.0
162.0
238.0
147.0
295.0
164.0
290.0
500.0
250.0
170.0
130.0
110.0
157.0
119.0
349.0
500.0
194.0
141.0
177.0
138.0
197.0
87.0
500.0
146.0
307.0
184.0
289.0
173.0
217.0
496.0
133.0
209.0
228.0
153.0
271.0
174.0
500.0
243.0
187.0
206.0
206.0
160.0
205.0
172.0
193.0
174.0
183.0
117.0
500.0
500.0
205.0
210.0
304.0
170.0
207.0
73.0
133.0
122.0
181.0
260.0
36.0
260.0
126.0
160.0
146.0
139.0
218.0
175.0
322.0
173.0
448.0
161.0
309.0
120.0
450.0
205.0
101.0
214.0
500.0
143.0
261.0
44.0
174.0
209.0
187.0
173.0
184.0
69.0
27.0
186.0
293.0
225.0
198.0
143.0
173.0
255.0
122.0
500.0
264.0
415.0
421.0
225.0
232.0
156.0
337.0
121.0
324.0
155.0
225.0
253.0
165.0
223.0
162.0
199.0
500.0
369.0
211.0
500.0
395.0
469.0
191.0
135.0
180.0
175.0
228.0
124.0
318.0
279.0
207.0
224.0
418.0
269.0
319.0
200.0
259.0
318.0
163.0
161.0
142.0
224.0
459.0
383.0
205.0
188.0
218.0
149.0
175.0
285.0
185.0
216.0
500.0
213.0
309.0
183.0
236.0
438.0
185.0
256.0
145.0
181.0
214.0
188.0
500.0
222.0
213.0
251.0
500.0
170.0
190.0
163.0
136.0
208.0
242.0
378.0
263.0
187.0
168.0
163.0
134.0
134.0
162.0
261.0
249.0
195.0
197.0
202.0
255.0
123.0
243.0
198.0
155.0
20.0
500.0
162.0
170.0
454.0
233.0
243.0
143.0
127.0
250.0
318.0
344.0
212.0
150.0
226.0
500.0
500.0
206.0
160.0
254.0
127.0
171.0
220.0
169.0
500.0
112.0
215.0
191.0
133.0
500.0
341.0
287.0
293.0
390.0
296.0
220.0
195.0
254.0
265.0
229.0
349.0
500.0
139.0
219.0
313.0
326.0
172.0
255.0
132.0
236.0
184.0
500.0
243.0
221.0
200.0
106.0
476.0
144.0
198.0
198.0
500.0
167.0
249.0
251.0
411.0
393.0
192.0
160.0
230.0
189.0
367.0
176.0
500.0
214.0
237.0
205.0
153.0
500.0
292.0
141.0
500.0
200.0
173.0
339.0
181.0
155.0
500.0
108.0
154.0
287.0
116.0
243.0
218.0
188.0
186.0
196.0
243.0
186.0
500.0
189.0
365.0
94.0
146.0
215.0
185.0
183.0
221.0
400.0
179.0
169.0
152.0
304.0
122.0
376.0
214.0
319.0
230.0
186.0
197.0
214.0
79.0
290.0
500.0
175.0
111.0
197.0
184.0
359.0
120.0
158.0
169.0
297.0
188.0
211.0
124.0
500.0
257.0
209.0
200.0
60.0
500.0
500.0
342.0
152.0
173.0
235.0
276.0
219.0
252.0
186.0
371.0
241.0
155.0
142.0
194.0
150.0
257.0
179.0
227.0
256.0
181.0
150.0
196.0
208.0
500.0
313.0
251.0
268.0
416.0
278.0
257.0
230.0
189.0
153.0
177.0
272.0
98.0
392.0
160.0
394.0
245.0
430.0
209.0
177.0
240.0
218.0
288.0
319.0
257.0
328.0
118.0
280.0
129.0
218.0
191.0
155.0
500.0
261.0
325.0
252.0
241.0
267.0
212.0
111.0
500.0
108.0
202.0
195.0
245.0
500.0
120.0
309.0
337.0
254.0
201.0
279.0
230.0
132.0
220.0
219.0
204.0
83.0
282.0
203.0
454.0
170.0
237.0
99.0
300.0
174.0
145.0
220.0
134.0
139.0
229.0
201.0
171.0
362.0
167.0
188.0
448.0
225.0
240.0
500.0
184.0
92.0
111.0
115.0
259.0
199.0
165.0
107.0
163.0
99.0
76.0
159.0
135.0
27.0
68.0
119.0
103.0
178.0
175.0
139.0
140.0
145.0
71.0
384.0
428.0
269.0
187.0
222.0
134.0
174.0
183.0
143.0
238.0
151.0
230.0
100.0
149.0
139.0
159.0
500.0
286.0
293.0
147.0
398.0
307.0
133.0
247.0
185.0
134.0
267.0
126.0
150.0
115.0
151.0
263.0
500.0
138.0
165.0
341.0
350.0
264.0
248.0
265.0
278.0
375.0
246.0
188.0
140.0
127.0
52.0
298.0
314.0
249.0
221.0
313.0
157.0
199.0
179.0
148.0
145.0
227.0
163.0
255.0
210.0
164.0
138.0
225.0
173.0
227.0
170.0
166.0
145.0
199.0
196.0
330.0
133.0
126.0
227.0
209.0
74.0
180.0
144.0
165.0
148.0
164.0
265.0
125.0
141.0
172.0
200.0
136.0
500.0
205.0
500.0
394.0
213.0
269.0
204.0
150.0
253.0
210.0
197.0
176.0
233.0
173.0
200.0
165.0
134.0
138.0
172.0
183.0
169.0
196.0
148.0
109.0
93.0
228.0
485.0
500.0
73.0
177.0
251.0
84.0
159.0
374.0
87.0
263.0
469.0
214.0
93.0
500.0
357.0
159.0
305.0
198.0
193.0
127.0
284.0
114.0
204.0
149.0
500.0
233.0
150.0
423.0
500.0
244.0
178.0
116.0
280.0
299.0
193.0
164.0
205.0
129.0
500.0
256.0
146.0
280.0
166.0
342.0
304.0
168.0
393.0
500.0
128.0
122.0
300.0
149.0
242.0
500.0
174.0
170.0
129.0
236.0
61.0
210.0
211.0
286.0
119.0
84.0
479.0
263.0
500.0
468.0
273.0
111.0
338.0
500.0
131.0
183.0
78.0
372.0
329.0
180.0
382.0
213.0
185.0
500.0
163.0
277.0
222.0
264.0
172.0
304.0
376.0
159.0
249.0
201.0
337.0
127.0
94.0
110.0
310.0
124.0
190.0
284.0
141.0
158.0
500.0
332.0
142.0
142.0
201.0
130.0
228.0
178.0
188.0
188.0
159.0
178.0
256.0
126.0
231.0
500.0
196.0
112.0
167.0
128.0
247.0
143.0
239.0
202.0
121.0
152.0
188.0
303.0
211.0
336.0
169.0
187.0
215.0
189.0
140.0
150.0
173.0
233.0
82.0
141.0
84.0
500.0
229.0
202.0
239.0
500.0
200.0
360.0
255.0
157.0
500.0
202.0
178.0
188.0
206.0
200.0
289.0
346.0
154.0
495.0
130.0
500.0
363.0
500.0
140.0
177.0
194.0
500.0
181.0
179.0
205.0
214.0
161.0
278.0
356.0
190.0
158.0
244.0
224.0
197.0
264.0
500.0
63.0
145.0
116.0
500.0
161.0
341.0
439.0
312.0
379.0
500.0
191.0
161.0
200.0
122.0
187.0
371.0
177.0
500.0
137.0
436.0
329.0
100.0
145.0
352.0
153.0
290.0
202.0
164.0
468.0
178.0
181.0
144.0
500.0
127.0
130.0
140.0
500.0
135.0
212.0
356.0
307.0
462.0
385.0
263.0
285.0
125.0
500.0
298.0
492.0
218.0
270.0
159.0
472.0
156.0
230.0
153.0
70.0
159.0
175.0
230.0
168.0
238.0
357.0
127.0
328.0
350.0
500.0
236.0
238.0
172.0
500.0
500.0
82.0
249.0
389.0
500.0
137.0
162.0
500.0
123.0
138.0
110.0
232.0
155.0
82.0
353.0
331.0
131.0
144.0
265.0
134.0
81.0
192.0
217.0
155.0
159.0
500.0
500.0
160.0
474.0
84.0
188.0
349.0
165.0
217.0
228.0
156.0
500.0
224.0
277.0
254.0
155.0
500.0
165.0
167.0
500.0
354.0
336.0
188.0
187.0
123.0
167.0
181.0
93.0
160.0
104.0
272.0
500.0
328.0
213.0
238.0
166.0
138.0
252.0
102.0
400.0
81.0
112.0
147.0
163.0
107.0
197.0
500.0
298.0
149.0
127.0
500.0
500.0
485.0
500.0
500.0
500.0
500.0
380.0
204.0
500.0
500.0
500.0
479.0
495.0
378.0
500.0
407.0
500.0
500.0
500.0
500.0
500.0
467.0
500.0
500.0
489.0
467.0
500.0
500.0
460.0
479.0
301.0
184.0
339.0
500.0
500.0
475.0
500.0
500.0
457.0
500.0
468.0
485.0
309.0
392.0
422.0
500.0
485.0
500.0
500.0
500.0
500.0
500.0
475.0
500.0
500.0
247.0
201.0
458.0
445.0
500.0
500.0
500.0
500.0
500.0
500.0
498.0
500.0
500.0
500.0
500.0
500.0
500.0
500.0
226.0
492.0
500.0
500.0
500.0
500.0
329.0
500.0
500.0
196.0
500.0
500.0
500.0
500.0
500.0
500.0
383.0
500.0
500.0
500.0
500.0
500.0
500.0
359.0
500.0
487.0
392.0
429.0
470.0
500.0
500.0
500.0
500.0
500.0
500.0
500.0
500.0
500.0
500.0
500.0
500.0
500.0
460.0
500.0
468.0
500.0
490.0
500.0
500.0
500.0
500.0
500.0
500.0
500.0
500.0
500.0
393.0
222.0
500.0
500.0
500.0
500.0
500.0
500.0
500.0
500.0
500.0
500.0
500.0
500.0
500.0
360.0
500.0
500.0
500.0
327.0
500.0
500.0
385.0
500.0
372.0
407.0
500.0
500.0
421.0
500.0
500.0
500.0
417.0
137.0
500.0
500.0
500.0
496.0
500.0
500.0
500.0
500.0
500.0
500.0
439.0
388.0
500.0
492.0
500.0
500.0
500.0
500.0
500.0
500.0
500.0
500.0
412.0
500.0
500.0
500.0
500.0
500.0
500.0
500.0
500.0
500.0
500.0
488.0
500.0
297.0
500.0
500.0
500.0
359.0
500.0
500.0
351.0
378.0
500.0
500.0
500.0
334.0
500.0
500.0
500.0
500.0
500.0
500.0
486.0
500.0
500.0
415.0
311.0
500.0
500.0
500.0
500.0
500.0
382.0
474.0
324.0
499.0
500.0
347.0
500.0
499.0
328.0
500.0
500.0
500.0
437.0
500.0
460.0
500.0
500.0
500.0
500.0
500.0
500.0
500.0
500.0
500.0
500.0
500.0
500.0
383.0
486.0
447.0
500.0
500.0
500.0
500.0
500.0
500.0
500.0
500.0
196.0
500.0
500.0
500.0
93.0
500.0
500.0
500.0
500.0
500.0
500.0
500.0
500.0
500.0
146.0
500.0
431.0
430.0
500.0
332.0
500.0
500.0
488.0
500.0
500.0
500.0
500.0
500.0
500.0
500.0
500.0
500.0
500.0
500.0
500.0
332.0
500.0
500.0
500.0
500.0
500.0
500.0
500.0
500.0
484.0
500.0
487.0
500.0
500.0
500.0
484.0
500.0
500.0
381.0
500.0
500.0
500.0
500.0
500.0
500.0
371.0
500.0
395.0
500.0
500.0
500.0
500.0
500.0
385.0
500.0
247.0
116.0
500.0
500.0
500.0
500.0
500.0
447.0
442.0
500.0
500.0
277.0
500.0
500.0
381.0
370.0
478.0
500.0
500.0
393.0
483.0
500.0
500.0
500.0
500.0
500.0
500.0
500.0
500.0
500.0
500.0
500.0
500.0
500.0
496.0
448.0
500.0
500.0
500.0
500.0
455.0
338.0
500.0
362.0
500.0
500.0
377.0
500.0
500.0
500.0
270.0
500.0
344.0
500.0
500.0
500.0
386.0
500.0
500.0
350.0
487.0
500.0
500.0
500.0
500.0
500.0
500.0
485.0
500.0
500.0
500.0
500.0
500.0
486.0
500.0
500.0
500.0
500.0
500.0
500.0
500.0
500.0
500.0
500.0
500.0
500.0
500.0
391.0
485.0
500.0
500.0
316.0
500.0
500.0
490.0
500.0
500.0
500.0
176.0
500.0
367.0
500.0
500.0
496.0
500.0
370.0
500.0
500.0
500.0
500.0
500.0
500.0
500.0
500.0
500.0
500.0
500.0
180.0
500.0
500.0
500.0
500.0
500.0
500.0
500.0
500.0
500.0
357.0
500.0
500.0
500.0
500.0
500.0
500.0
500.0
500.0
195.0
500.0
439.0
500.0
500.0
500.0
500.0
500.0
500.0
500.0
228.0
500.0
500.0
500.0
500.0
500.0
500.0
500.0
500.0
500.0
500.0
500.0
500.0
500.0
500.0
274.0
500.0
500.0
500.0
500.0
500.0
500.0
320.0
500.0
500.0
500.0
500.0
500.0
500.0
500.0
500.0
322.0
155.0
500.0
500.0
498.0
500.0
500.0
500.0
500.0
500.0
500.0
500.0
500.0
500.0
500.0
500.0
500.0
500.0
500.0
500.0
500.0
500.0
486.0
500.0
500.0
441.0
500.0
500.0
500.0
500.0
500.0
409.0
500.0
500.0
500.0
500.0
470.0
500.0
500.0
474.0
500.0
500.0
500.0
500.0
500.0
500.0
500.0
500.0
500.0
500.0
500.0
500.0
500.0
500.0
500.0
192.0
500.0
380.0
500.0
500.0
500.0
500.0
266.0
500.0
332.0
500.0
500.0
500.0
500.0
500.0
453.0
500.0
162.0
204.0
496.0
500.0
425.0
500.0
500.0
328.0
450.0
500.0
500.0
325.0
500.0
500.0
500.0
500.0
479.0
500.0
500.0
500.0
500.0
500.0
433.0
206.0
500.0
500.0
500.0
500.0
500.0
500.0
500.0
500.0
500.0
500.0
500.0
500.0
500.0
385.0
500.0
500.0
500.0
500.0
475.0
174.0
500.0
500.0
500.0
500.0
500.0
500.0
500.0
500.0
500.0
212.0
500.0
500.0
434.0
500.0
500.0
500.0
500.0
489.0
500.0
500.0
335.0
500.0
500.0
500.0
500.0
500.0
500.0
500.0
500.0
500.0
317.0
500.0
477.0
500.0
500.0
500.0
500.0
500.0
500.0
500.0
500.0
351.0
500.0
500.0
500.0
500.0
480.0
500.0
500.0
500.0
500.0
500.0
500.0
500.0
500.0
500.0
500.0
500.0
500.0
165.0
500.0
500.0
500.0
500.0
500.0
500.0
472.0
500.0
500.0
500.0
500.0
323.0
500.0
500.0
312.0
500.0
403.0
437.0
500.0
500.0
500.0
500.0
500.0
453.0
500.0
486.0
500.0
500.0
270.0
500.0
461.0
405.0
500.0
500.0
500.0
500.0
483.0
500.0
307.0
500.0
500.0
500.0
500.0
500.0
500.0
498.0
500.0
327.0
500.0
500.0
500.0
500.0
500.0
294.0
500.0
500.0
500.0
500.0
500.0
500.0
500.0
500.0
500.0
431.0
500.0
500.0
334.0
500.0
500.0
500.0
371.0
500.0
305.0
500.0
482.0
500.0
500.0
500.0
368.0
500.0
500.0
426.0
500.0
500.0
500.0
500.0
500.0
500.0
500.0
500.0
500.0
400.0
341.0
500.0
452.0
500.0
500.0
500.0
500.0
500.0
500.0
500.0
500.0
500.0
376.0
388.0
500.0
500.0
500.0
500.0
344.0
500.0
500.0
500.0
465.0
500.0
168.0
500.0
500.0
500.0
500.0
500.0
500.0
329.0
500.0
362.0
500.0
500.0
500.0
500.0
500.0
500.0
500.0
402.0
500.0
500.0
500.0
500.0
500.0
500.0
500.0
500.0
500.0
500.0
500.0
198.0
500.0
500.0
500.0
339.0
500.0
462.0
500.0
500.0
344.0
500.0
500.0
500.0
500.0
500.0
500.0
500.0
500.0
500.0
500.0
500.0
500.0
342.0
500.0
500.0
500.0
500.0
500.0
500.0
500.0
500.0
449.0
500.0
500.0
459.0
500.0
500.0
500.0
500.0
500.0
500.0
500.0
413.0
500.0
500.0
500.0
449.0
500.0
425.0
500.0
500.0
500.0
500.0
500.0
500.0
91.0
500.0
500.0
332.0
500.0
366.0
500.0
500.0
500.0
500.0
500.0
500.0
500.0
500.0
500.0
483.0
500.0
500.0
500.0
500.0
500.0
500.0
468.0
347.0
500.0
388.0
500.0
500.0
500.0
500.0
500.0
234.0
500.0
500.0
276.0
500.0
500.0
500.0
500.0
500.0
500.0
500.0
279.0
500.0
500.0
390.0
500.0
500.0
500.0
467.0
500.0
500.0
500.0
157.0
500.0
500.0
354.0
500.0
500.0
500.0
500.0
345.0
475.0
500.0
500.0
500.0
453.0
500.0
500.0
500.0
500.0
500.0
227.0
500.0
500.0
500.0
500.0
473.0
500.0
500.0
471.0
500.0
500.0
500.0
500.0
500.0
500.0
499.0
500.0
500.0
360.0
500.0
144.0
500.0
500.0
453.0
500.0
500.0
500.0
500.0
500.0
500.0
500.0
500.0
329.0
500.0
500.0
500.0
331.0
500.0
500.0
500.0
500.0
500.0
500.0
500.0
500.0
500.0
500.0
500.0
500.0
500.0
500.0
500.0
500.0
500.0
500.0
500.0
500.0
500.0
500.0
500.0
336.0
500.0
500.0
441.0
500.0
500.0
469.0
410.0
500.0
500.0
500.0
500.0
500.0
101.0
500.0
500.0
483.0
500.0
500.0
500.0
486.0
500.0
500.0
500.0
500.0
500.0
500.0
500.0
500.0
500.0
500.0
479.0
500.0
500.0
500.0
500.0
500.0
500.0
500.0
500.0
500.0
500.0
500.0
500.0
500.0
500.0
374.0
500.0
500.0
500.0
500.0
500.0
500.0
500.0
399.0
500.0
500.0
500.0
500.0
500.0
500.0
500.0
500.0
500.0
500.0
500.0
500.0
377.0
500.0
500.0
500.0
500.0
500.0
319.0
500.0
335.0
500.0
500.0
362.0
500.0
500.0
215.0
500.0
500.0
500.0
500.0
500.0
500.0
500.0
500.0
500.0
340.0
500.0
447.0
500.0
500.0
500.0
500.0
217.0
289.0
500.0
500.0
500.0
147.0
500.0
500.0
500.0
500.0
372.0
451.0
500.0
500.0
500.0
500.0
500.0
500.0
500.0
500.0
500.0
500.0
500.0
219.0
500.0
500.0
500.0
500.0
500.0
500.0
500.0
444.0
500.0
500.0
500.0
500.0
500.0
358.0
500.0
500.0
500.0
500.0
500.0
500.0
500.0
408.0
339.0
500.0
500.0
500.0
500.0
175.0
500.0
500.0
500.0
500.0
500.0
500.0
500.0
500.0
500.0
500.0
500.0
500.0
500.0
500.0
500.0
500.0
500.0
500.0
500.0
500.0
333.0
500.0
500.0
500.0
500.0
352.0
500.0
500.0
266.0
500.0
500.0
454.0
500.0
500.0
500.0
500.0
500.0
500.0
500.0
203.0
500.0
500.0
500.0
500.0
500.0
500.0
500.0
500.0
500.0
60.0
500.0
500.0
500.0
500.0
500.0
500.0
500.0
500.0
500.0
500.0
500.0
500.0
24.0
164.0
39.0
500.0
135.0
156.0
500.0
500.0
500.0
19.0
500.0
500.0
500.0
500.0
500.0
500.0
500.0
500.0
500.0
500.0
500.0
500.0
500.0
500.0
500.0
117.0
179.0
500.0
317.0
500.0
500.0
500.0
500.0
500.0
62.0
500.0
444.0
500.0
500.0
500.0
500.0
178.0
500.0
500.0
500.0
500.0
500.0
500.0
500.0
500.0
174.0
163.0
500.0
500.0
500.0
500.0
305.0
500.0
500.0
500.0
459.0
500.0
500.0
500.0
500.0
500.0
500.0
500.0
500.0
500.0
500.0
500.0
500.0
194.0
500.0
500.0
500.0
500.0
500.0
500.0
156.0
500.0
500.0
500.0
485.0
452.0
500.0
500.0
500.0
500.0
500.0
477.0
500.0
500.0
500.0
483.0
500.0
500.0
500.0
500.0
500.0
500.0
470.0
500.0
141.0
500.0
500.0
133.0
500.0
500.0
500.0
500.0
489.0
345.0
500.0
500.0
500.0
500.0
500.0
500.0
500.0
500.0
500.0
500.0
500.0
500.0
500.0
500.0
500.0
500.0
500.0
500.0
500.0
500.0
500.0
500.0
485.0
500.0
500.0
500.0
500.0
500.0
500.0
500.0
500.0
500.0
500.0
500.0
500.0
500.0
500.0
500.0
500.0
500.0
479.0
500.0
500.0
500.0
500.0
500.0
500.0
500.0
500.0
500.0
500.0
497.0
500.0
500.0
444.0
500.0
448.0
175.0
27.0
500.0
500.0
500.0
500.0
500.0
500.0
500.0
500.0
164.0
500.0
493.0
500.0
500.0
500.0
500.0
500.0
500.0
500.0
500.0
500.0
500.0
500.0
317.0
500.0
500.0
500.0
500.0
500.0
500.0
436.0
500.0
500.0
500.0
500.0
500.0
500.0
500.0
500.0
500.0
500.0
500.0
500.0
500.0
500.0
500.0
396.0
500.0
500.0
500.0
500.0
500.0
237.0
72.0
500.0
171.0
500.0
500.0
500.0
500.0
500.0
500.0
140.0
491.0
416.0
500.0
500.0
500.0
500.0
500.0
500.0
369.0
420.0
500.0
131.0
500.0
141.0
500.0
113.0
170.0
388.0
500.0
500.0
75.0
144.0
500.0
419.0
500.0
496.0
500.0
262.0
500.0
187.0
496.0
500.0
500.0
500.0
461.0
354.0
500.0
500.0
155.0
500.0
500.0
306.0
491.0
500.0
500.0
500.0
410.0
179.0
136.0
450.0
415.0
500.0
281.0
500.0
500.0
500.0
246.0
500.0
500.0
500.0
500.0
269.0
367.0
500.0
206.0
393.0
500.0
500.0
441.0
184.0
494.0
500.0
500.0
399.0
434.0
439.0
500.0
500.0
500.0
129.0
290.0
500.0
500.0
500.0
500.0
500.0
400.0
408.0
500.0
500.0
500.0
136.0
460.0
500.0
234.0
500.0
500.0
500.0
167.0
330.0
432.0
500.0
500.0
424.0
500.0
469.0
500.0
486.0
500.0
500.0
158.0
500.0
500.0
500.0
500.0
500.0
500.0
457.0
500.0
426.0
500.0
436.0
110.0
224.0
500.0
121.0
500.0
486.0
500.0
500.0
500.0
500.0
481.0
152.0
436.0
244.0
101.0
226.0
65.0
500.0
426.0
204.0
194.0
191.0
67.0
140.0
95.0
108.0
236.0
458.0
420.0
500.0
129.0
218.0
500.0
70.0
276.0
53.0
189.0
500.0
123.0
231.0
171.0
219.0
490.0
314.0
256.0
169.0
295.0
67.0
256.0
183.0
209.0
369.0
73.0
227.0
150.0
500.0
132.0
51.0
219.0
196.0
500.0
163.0
474.0
500.0
234.0
220.0
198.0
59.0
500.0
126.0
163.0
500.0
385.0
245.0
279.0
176.0
166.0
199.0
51.0
500.0
394.0
327.0
188.0
500.0
103.0
159.0
51.0
500.0
349.0
500.0
50.0
338.0
144.0
111.0
150.0
67.0
500.0
172.0
61.0
230.0
69.0
227.0
137.0
222.0
152.0
222.0
54.0
320.0
199.0
57.0
500.0
47.0
151.0
139.0
152.0
172.0
258.0
386.0
500.0
247.0
375.0
169.0
343.0
176.0
500.0
500.0
191.0
167.0
97.0
233.0
287.0
431.0
129.0
413.0
135.0
326.0
179.0
75.0
357.0
165.0
45.0
161.0
333.0
265.0
335.0
175.0
157.0
71.0
345.0
500.0
500.0
213.0
119.0
211.0
441.0
301.0
311.0
377.0
299.0
171.0
259.0
55.0
346.0
117.0
231.0
381.0
207.0
215.0
299.0
389.0
169.0
397.0
223.0
85.0
259.0
500.0
257.0
500.0
223.0
85.0
291.0
500.0
391.0
187.0
423.0
173.0
187.0
141.0
376.0
133.0
500.0
265.0
295.0
500.0
317.0
462.0
303.0
207.0
500.0
500.0
223.0
187.0
331.0
363.0
73.0
121.0
429.0
203.0
165.0
500.0
213.0
45.0
217.0
245.0
87.0
441.0
478.0
47.0
149.0
486.0
468.0
417.0
199.0
500.0
500.0
500.0
500.0
500.0
329.0
500.0
244.0
500.0
500.0
139.0
383.0
500.0
157.0
257.0
472.0
500.0
267.0
213.0
500.0
461.0
43.0
500.0
201.0
500.0
387.0
279.0
148.0
176.0
389.0
500.0
145.0
79.0
308.0
500.0