9.0
9.0
10.0
10.0
8.0
9.0
10.0
9.0
9.0
11.0
9.0
8.0
11.0
9.0
10.0
10.0
10.0
10.0
10.0
11.0
10.0
9.0
12.0
10.0
11.0
13.0
11.0
10.0
12.0
10.0
11.0
13.0
15.0
14.0
13.0
13.0
16.0
12.0
14.0
11.0
12.0
10.0
9.0
10.0
15.0
11.0
10.0
11.0
12.0
11.0
12.0
18.0
28.0
11.0
10.0
10.0
14.0
10.0
25.0
19.0
24.0
14.0
31.0
9.0
11.0
29.0
28.0
11.0
29.0
31.0
31.0
21.0
25.0
27.0
28.0
36.0
32.0
33.0
10.0
33.0
10.0
24.0
31.0
26.0
32.0
31.0
37.0
65.0
31.0
34.0
27.0
41.0
19.0
42.0
12.0
16.0
10.0
35.0
35.0
57.0
20.0
43.0
15.0
25.0
16.0
29.0
132.0
30.0
15.0
19.0
221.0
11.0
19.0
14.0
53.0
135.0
24.0
28.0
13.0
18.0
79.0
66.0
12.0
40.0
40.0
179.0
43.0
26.0
39.0
53.0
32.0
34.0
34.0
76.0
40.0
133.0
102.0
45.0
29.0
32.0
45.0
12.0
48.0
136.0
500.0
35.0
60.0
41.0
176.0
41.0
14.0
303.0
47.0
11.0
66.0
36.0
42.0
78.0
500.0
96.0
49.0
83.0
128.0
39.0
500.0
43.0
40.0
58.0
56.0
113.0
52.0
89.0
500.0
81.0
168.0
101.0
145.0
184.0
102.0
118.0
87.0
58.0
10.0
91.0
140.0
157.0
172.0
102.0
309.0
105.0
105.0
263.0
55.0
92.0
500.0
36.0
82.0
96.0
76.0
113.0
77.0
112.0
186.0
72.0
81.0
99.0
69.0
162.0
500.0
278.0
105.0
71.0
40.0
270.0
110.0
233.0
500.0
182.0
39.0
103.0
63.0
58.0
148.0
108.0
141.0
370.0
116.0
166.0
92.0
102.0
183.0
156.0
132.0
174.0
81.0
105.0
82.0
274.0
48.0
189.0
189.0
194.0
133.0
83.0
130.0
100.0
170.0
138.0
163.0
98.0
169.0
139.0
167.0
155.0
97.0
177.0
175.0
58.0
102.0
500.0
140.0
127.0
179.0
37.0
90.0
125.0
133.0
186.0
374.0
191.0
165.0
500.0
266.0
148.0
72.0
241.0
165.0
500.0
159.0
251.0
227.0
217.0
134.0
120.0
500.0
243.0
170.0
192.0
172.0
12.0
500.0
141.0
204.0
50.0
219.0
120.0
131.0
201.0
165.0
147.0
146.0
173.0
141.0
320.0
161.0
160.0
156.0
140.0
286.0
228.0
132.0
139.0
141.0
500.0
275.0
162.0
115.0
163.0
44.0
134.0
132.0
121.0
94.0
287.0
132.0
329.0
198.0
213.0
315.0
184.0
187.0
329.0
145.0
257.0
500.0
102.0
227.0
54.0
188.0
109.0
184.0
200.0
500.0
192.0
38.0
159.0
197.0
40.0
133.0
235.0
158.0
500.0
285.0
176.0
269.0
254.0
178.0
139.0
217.0
143.0
150.0
158.0
207.0
148.0
147.0
184.0
459.0
189.0
500.0
500.0
105.0
251.0
222.0
192.0
170.0
158.0
39.0
135.0
163.0
326.0
286.0
313.0
119.0
47.0
500.0
146.0
253.0
308.0
194.0
202.0
174.0
187.0
500.0
245.0
187.0
189.0
269.0
200.0
119.0
122.0
128.0
303.0
160.0
176.0
107.0
500.0
254.0
274.0
188.0
120.0
210.0
237.0
217.0
125.0
127.0
500.0
202.0
118.0
156.0
193.0
169.0
161.0
169.0
148.0
197.0
213.0
269.0
180.0
163.0
169.0
500.0
122.0
121.0
193.0
161.0
144.0
175.0
500.0
218.0
426.0
192.0
251.0
62.0
119.0
244.0
167.0
500.0
88.0
93.0
162.0
82.0
45.0
102.0
191.0
170.0
125.0
199.0
83.0
169.0
122.0
111.0
33.0
161.0
146.0
73.0
500.0
134.0
265.0
500.0
171.0
500.0
263.0
162.0
130.0
194.0
140.0
191.0
262.0
127.0
107.0
33.0
134.0
112.0
49.0
135.0
160.0
251.0
122.0
192.0
81.0
83.0
500.0
141.0
77.0
102.0
214.0
104.0
109.0
141.0
214.0
190.0
184.0
83.0
500.0
253.0
201.0
90.0
169.0
137.0
185.0
123.0
131.0
110.0
160.0
500.0
175.0
75.0
210.0
500.0
147.0
76.0
86.0
87.0
166.0
117.0
43.0
217.0
137.0
149.0
99.0
203.0
169.0
202.0
199.0
148.0
119.0
307.0
154.0
206.0
220.0
176.0
190.0
170.0
239.0
500.0
192.0
169.0
127.0
210.0
500.0
168.0
180.0
500.0
223.0
256.0
198.0
264.0
174.0
39.0
186.0
227.0
150.0
500.0
169.0
109.0
238.0
222.0
112.0
239.0
115.0
142.0
136.0
338.0
339.0
202.0
172.0
119.0
96.0
230.0
500.0
500.0
154.0
217.0
279.0
259.0
163.0
308.0
154.0
286.0
258.0
142.0
67.0
143.0
217.0
500.0
123.0
175.0
166.0
282.0
366.0
359.0
157.0
147.0
307.0
184.0
120.0
500.0
166.0
167.0
151.0
174.0
187.0
135.0
204.0
500.0
188.0
84.0
500.0
176.0
136.0
138.0
230.0
282.0
131.0
166.0
239.0
500.0
500.0
76.0
158.0
266.0
166.0
153.0
180.0
205.0
256.0
158.0
201.0
349.0
138.0
163.0
194.0
166.0
174.0
500.0
500.0
258.0
144.0
169.0
192.0
179.0
197.0
237.0
303.0
194.0
70.0
239.0
143.0
161.0
159.0
161.0
171.0
147.0
473.0
169.0
81.0
500.0
178.0
111.0
500.0
295.0
500.0
253.0
128.0
184.0
174.0
108.0
226.0
239.0
137.0
170.0
187.0
173.0
213.0
163.0
500.0
209.0
106.0
382.0
71.0
241.0
142.0
146.0
500.0
211.0
127.0
114.0
233.0
166.0
338.0
99.0
242.0
260.0
190.0
500.0
182.0
270.0
125.0
260.0
172.0
146.0
70.0
225.0
172.0
102.0
500.0
272.0
231.0
500.0
194.0
103.0
193.0
500.0
236.0
236.0
113.0
116.0
200.0
114.0
224.0
209.0
201.0
146.0
500.0
284.0
157.0
485.0
500.0
262.0
500.0
318.0
189.0
210.0
187.0
146.0
164.0
149.0
153.0
196.0
274.0
252.0
279.0
198.0
500.0
211.0
296.0
90.0
214.0
146.0
230.0
298.0
306.0
224.0
254.0
404.0
253.0
224.0
201.0
500.0
392.0
183.0
221.0
500.0
335.0
204.0
175.0
249.0
277.0
229.0
233.0
500.0
143.0
193.0
192.0
231.0
197.0
216.0
500.0
363.0
302.0
259.0
359.0
95.0
277.0
500.0
315.0
178.0
252.0
244.0
500.0
500.0
233.0
417.0
278.0
188.0
246.0
204.0
310.0
232.0
195.0
233.0
333.0
186.0
96.0
326.0
83.0
213.0
375.0
224.0
287.0
254.0
209.0
317.0
281.0
259.0
500.0
293.0
500.0
185.0
217.0
265.0
172.0
135.0
232.0
500.0
269.0
228.0
158.0
266.0
162.0
281.0
177.0
243.0
155.0
232.0
169.0
275.0
154.0
161.0
169.0
69.0
155.0
224.0
226.0
192.0
184.0
245.0
233.0
249.0
176.0
232.0
290.0
500.0
189.0
353.0
188.0
127.0
500.0
500.0
48.0
309.0
500.0
225.0
453.0
281.0
254.0
178.0
337.0
128.0
152.0
185.0
296.0
183.0
285.0
169.0
272.0
500.0
255.0
231.0
254.0
193.0
213.0
247.0
190.0
186.0
57.0
68.0
44.0
372.0
79.0
500.0
288.0
429.0
189.0
400.0
281.0
297.0
500.0
500.0
285.0
500.0
418.0
334.0
367.0
500.0
484.0
444.0
281.0
500.0
500.0
403.0
296.0
351.0
415.0
500.0
479.0
498.0
372.0
473.0
416.0
500.0
492.0
382.0
500.0
365.0
469.0
103.0
364.0
500.0
438.0
500.0
500.0
482.0
432.0
500.0
500.0
500.0
466.0
465.0
359.0
467.0
500.0
500.0
500.0
424.0
500.0
500.0
391.0
500.0
453.0
500.0
500.0
384.0
361.0
269.0
500.0
237.0
500.0
95.0
500.0
358.0
500.0
500.0
388.0
401.0
500.0
500.0
500.0
101.0
500.0
364.0
500.0
500.0
500.0
495.0
500.0
500.0
500.0
500.0
500.0
500.0
258.0
500.0
88.0
500.0
484.0
416.0
301.0
500.0
500.0
500.0
481.0
500.0
500.0
500.0
500.0
500.0
500.0
445.0
477.0
490.0
335.0
500.0
431.0
500.0
396.0
500.0
449.0
500.0
500.0
500.0
500.0
500.0
500.0
500.0
500.0
500.0
500.0
500.0
500.0
500.0
500.0
483.0
500.0
500.0
430.0
500.0
500.0
500.0
500.0
500.0
500.0
500.0
500.0
500.0
500.0
500.0
500.0
500.0
500.0
500.0
500.0
500.0
500.0
500.0
500.0
500.0
500.0
118.0
500.0
500.0
500.0
500.0
500.0
500.0
500.0
500.0
500.0
500.0
500.0
500.0
500.0
500.0
500.0
500.0
500.0
500.0
500.0
500.0
500.0
500.0
500.0
500.0
500.0
500.0
500.0
500.0
500.0
500.0
500.0
500.0
500.0
500.0
500.0
500.0
500.0
500.0
500.0
53.0
500.0
427.0
500.0
500.0
500.0
500.0
500.0
500.0
500.0
500.0
500.0
500.0
500.0
500.0
500.0
500.0
500.0
500.0
500.0
500.0
500.0
500.0
500.0
500.0
500.0
500.0
500.0
500.0
500.0
500.0
500.0
341.0
89.0
500.0
500.0
500.0
500.0
500.0
500.0
500.0
500.0
500.0
500.0
500.0
500.0
500.0
500.0
500.0
500.0
500.0
500.0
81.0
500.0
500.0
500.0
445.0
500.0
500.0
500.0
500.0
500.0
500.0
500.0
500.0
500.0
500.0
500.0
500.0
500.0
500.0
500.0
500.0
500.0
500.0
500.0
500.0
500.0
500.0
77.0
500.0
500.0
500.0
500.0
500.0
500.0
500.0
500.0
500.0
500.0
500.0
500.0
500.0
500.0
500.0
500.0
500.0
500.0
450.0
500.0
500.0
500.0
500.0
118.0
500.0
500.0
34.0
500.0
500.0
500.0
500.0
159.0
500.0
500.0
500.0
500.0
500.0
500.0
500.0
500.0
500.0
500.0
500.0
500.0
500.0
500.0
500.0
500.0
500.0
500.0
500.0
500.0
500.0
500.0
500.0
500.0
500.0
499.0
500.0
500.0
500.0
500.0
500.0
500.0
500.0
500.0
500.0
500.0
500.0
500.0
500.0
500.0
500.0
500.0
500.0
500.0
156.0
500.0
500.0
500.0
500.0
500.0
500.0
500.0
500.0
400.0
500.0
500.0
500.0
500.0
500.0
500.0
463.0
500.0
500.0
500.0
482.0
500.0
500.0
363.0
45.0
500.0
500.0
500.0
500.0
500.0
500.0
500.0
500.0
500.0
500.0
500.0
500.0
500.0
500.0
500.0
500.0
500.0
500.0
500.0
500.0
500.0
500.0
500.0
500.0
500.0
500.0
95.0
500.0
500.0
500.0
500.0
500.0
500.0
500.0
500.0
500.0
500.0
500.0
103.0
500.0
500.0
500.0
500.0
500.0
500.0
500.0
500.0
87.0
500.0
500.0
500.0
500.0
500.0
500.0
500.0
500.0
500.0
101.0
500.0
500.0
500.0
500.0
500.0
500.0
500.0
500.0
500.0
500.0
500.0
500.0
500.0
500.0
500.0
500.0
500.0
500.0
500.0
480.0
500.0
244.0
421.0
500.0
500.0
500.0
500.0
500.0
500.0
500.0
500.0
500.0
500.0
500.0
500.0
500.0
500.0
500.0
500.0
500.0
500.0
500.0
500.0
500.0
500.0
500.0
500.0
87.0
500.0
500.0
500.0
500.0
500.0
500.0
500.0
500.0
111.0
500.0
500.0
500.0
500.0
500.0
500.0
500.0
500.0
500.0
500.0
500.0
500.0
500.0
500.0
500.0
500.0
500.0
500.0
500.0
500.0
500.0
500.0
500.0
500.0
500.0
500.0
481.0
500.0
500.0
500.0
500.0
500.0
500.0
500.0
500.0
500.0
500.0
500.0
95.0
500.0
500.0
500.0
500.0
500.0
500.0
500.0
500.0
500.0
500.0
500.0
500.0
500.0
500.0
500.0
500.0
500.0
500.0
500.0
500.0
500.0
500.0
500.0
500.0
500.0
500.0
500.0
500.0
500.0
500.0
500.0
500.0
500.0
500.0
500.0
500.0
500.0
500.0
500.0
500.0
500.0
500.0
500.0
500.0
500.0
500.0
495.0
500.0
500.0
500.0
500.0
500.0
500.0
500.0
292.0
500.0
500.0
500.0
500.0
500.0
500.0
500.0
500.0
500.0
500.0
500.0
500.0
500.0
500.0
500.0
500.0
345.0
500.0
500.0
500.0
500.0
500.0
500.0
500.0
500.0
500.0
500.0
109.0
85.0
500.0
500.0
500.0
500.0
500.0
500.0
500.0
500.0
500.0
500.0
500.0
500.0
500.0
500.0
500.0
500.0
500.0
500.0
500.0
500.0
500.0
500.0
500.0
500.0
500.0
500.0
500.0
89.0
500.0
500.0
500.0
500.0
500.0
500.0
500.0
104.0
500.0
500.0
500.0
500.0
500.0
500.0
500.0
500.0
500.0
500.0
500.0
500.0
500.0
500.0
473.0
500.0
500.0
500.0
500.0
500.0
500.0
500.0
500.0
500.0
500.0
500.0
500.0
500.0
500.0
500.0
500.0
500.0
500.0
500.0
500.0
500.0
500.0
240.0
500.0
500.0
500.0
500.0
500.0
500.0
500.0
500.0
500.0
410.0
500.0
500.0
500.0
500.0
500.0
500.0
500.0
500.0
500.0
500.0
500.0
500.0
500.0
500.0
500.0
500.0
500.0
500.0
500.0
500.0
500.0
500.0
500.0
500.0
500.0
500.0
500.0
500.0
500.0
500.0
83.0
500.0
500.0
500.0
500.0
500.0
500.0
500.0
500.0
500.0
500.0
83.0
500.0
500.0
500.0
500.0
74.0
500.0
500.0
500.0
500.0
500.0
500.0
500.0
500.0
500.0
500.0
500.0
500.0
500.0
500.0
500.0
500.0
500.0
500.0
500.0
500.0
500.0
125.0
500.0
500.0
500.0
500.0
500.0
500.0
500.0
500.0
500.0
500.0
500.0
500.0
500.0
500.0
500.0
500.0
500.0
500.0
500.0
500.0
500.0
500.0
500.0
500.0
500.0
500.0
500.0
88.0
500.0
500.0
500.0
500.0
500.0
500.0
500.0
500.0
500.0
500.0
500.0
500.0
500.0
500.0
500.0
500.0
500.0
500.0
500.0
500.0
500.0
500.0
500.0
500.0
500.0
500.0
500.0
500.0
500.0
500.0
500.0
500.0
500.0
500.0
500.0
500.0
500.0
500.0
500.0
500.0
500.0
437.0
500.0
500.0
500.0
500.0
500.0
500.0
500.0
500.0
500.0
500.0
500.0
500.0
500.0
500.0
489.0
469.0
500.0
500.0
500.0
500.0
500.0
500.0
500.0
500.0
500.0
500.0
500.0
500.0
500.0
500.0
500.0
500.0
500.0
500.0
500.0
500.0
500.0
500.0
500.0
500.0
500.0
500.0
500.0
500.0
500.0
500.0
500.0
500.0
500.0
500.0
500.0
500.0
500.0
500.0
85.0
500.0
500.0
500.0
500.0
500.0
500.0
500.0
500.0
500.0
500.0
500.0
79.0
500.0
500.0
73.0
500.0
500.0
500.0
500.0
500.0
500.0
500.0
500.0
500.0
500.0
500.0
500.0
500.0
500.0
500.0
500.0
500.0
500.0
500.0
500.0
500.0
500.0
500.0
500.0
500.0
500.0
500.0
500.0
500.0
500.0
500.0
500.0
75.0
500.0
500.0
500.0
500.0
500.0
500.0
500.0
500.0
500.0
500.0
500.0
500.0
500.0
500.0
500.0
500.0
500.0
500.0
500.0
500.0
97.0
500.0
500.0
97.0
500.0
500.0
500.0
500.0
500.0
500.0
500.0
500.0
500.0
500.0
500.0
500.0
500.0
500.0
500.0
500.0
500.0
500.0
500.0
500.0
500.0
500.0
500.0
500.0
500.0
500.0
500.0
500.0
500.0
500.0
99.0
500.0
500.0
500.0
83.0
500.0
500.0
500.0
500.0
500.0
500.0
500.0
500.0
93.0
500.0
500.0
500.0
500.0
500.0
500.0
500.0
500.0
92.0
500.0
500.0
46.0
500.0
500.0
500.0
500.0
72.0
500.0
500.0
500.0
500.0
500.0
500.0
500.0
500.0
500.0
500.0
500.0
500.0
500.0
500.0
500.0
500.0
500.0
500.0
500.0
500.0
500.0
500.0
500.0
500.0
500.0
500.0
500.0
500.0
500.0
500.0
500.0
500.0
500.0
500.0
500.0
500.0
500.0
500.0
500.0
500.0
500.0
500.0
500.0
500.0
500.0
500.0
500.0
500.0
500.0
500.0
500.0
337.0
500.0
500.0
500.0
500.0
500.0
500.0
500.0
500.0
500.0
500.0
500.0
105.0
500.0
500.0
500.0
500.0
500.0
500.0
500.0
500.0
500.0
500.0
500.0
259.0
500.0
500.0
500.0
500.0
465.0
500.0
500.0
500.0
500.0
500.0
500.0
500.0
500.0
500.0
469.0
500.0
500.0
500.0
500.0
500.0
500.0
500.0
500.0
500.0
500.0
500.0
500.0
500.0
500.0
500.0
500.0
500.0
500.0
500.0
500.0
500.0
500.0
500.0
500.0
500.0
500.0
500.0
500.0
500.0
500.0
500.0
500.0
500.0
500.0
500.0
500.0
500.0
500.0
500.0
500.0
500.0
500.0
500.0
500.0
500.0
500.0
500.0
500.0
500.0
500.0
500.0
500.0
500.0
500.0
500.0
500.0
500.0
500.0
500.0
500.0
500.0
500.0
500.0
500.0
500.0
500.0
500.0
500.0
500.0
500.0
500.0
500.0
500.0
500.0
500.0
500.0
500.0
500.0
500.0
500.0
500.0
500.0
500.0
500.0
500.0
500.0
500.0
500.0
500.0
500.0
500.0
500.0
500.0
500.0
500.0
500.0
500.0
500.0
500.0
500.0
500.0
500.0
500.0
500.0
500.0
500.0
500.0
235.0
500.0
500.0
500.0
500.0
474.0
500.0
500.0
500.0
500.0
500.0
500.0
500.0
500.0
500.0
500.0
500.0
500.0
500.0
500.0
500.0
500.0
500.0
500.0
500.0
500.0
500.0
500.0
500.0
500.0
500.0
500.0
500.0
500.0
500.0
500.0
500.0
500.0
500.0
500.0
500.0
500.0
500.0
500.0
500.0
500.0
500.0
500.0
500.0
500.0
500.0
500.0
500.0
500.0
500.0
500.0
500.0
500.0
500.0
500.0
500.0
500.0
499.0
500.0
500.0
500.0
500.0
500.0
500.0
500.0
500.0
500.0
500.0
500.0
500.0
500.0
500.0
500.0
500.0
500.0
500.0
500.0
500.0
500.0
500.0
500.0
500.0
500.0
500.0
500.0
500.0
500.0
500.0
500.0
500.0
500.0
500.0
500.0
500.0
500.0
500.0
500.0
500.0
500.0
500.0
500.0
500.0
500.0
500.0
500.0
500.0
500.0
500.0
500.0
500.0
500.0
500.0
500.0
500.0
500.0
500.0
500.0
500.0
500.0
500.0
500.0
500.0
500.0
500.0
500.0
500.0
500.0
500.0
500.0
500.0
500.0
500.0
500.0
500.0
500.0
500.0
500.0
500.0
500.0
500.0
500.0
500.0
500.0
500.0
500.0
500.0
500.0
500.0
500.0
500.0
500.0
500.0
458.0
500.0
500.0
500.0
500.0
500.0
500.0
500.0
500.0
500.0
500.0
500.0
500.0
500.0
500.0
500.0
500.0
500.0
500.0
500.0
500.0
500.0
500.0
500.0
500.0
500.0
500.0
500.0
500.0
500.0
500.0
500.0
500.0
500.0
500.0
500.0
500.0
500.0
500.0
500.0
500.0
500.0
500.0
500.0
500.0
500.0
500.0
186.0
483.0
500.0
96.0
500.0
120.0
132.0
500.0
500.0
500.0
73.0
330.0
500.0
136.0
26.0
500.0
500.0
483.0
33.0
500.0
500.0
500.0
242.0
70.0
500.0
203.0
500.0
140.0
500.0
500.0
197.0
500.0
500.0
500.0
500.0
25.0
500.0
500.0
273.0
500.0
500.0
500.0
500.0
500.0
70.0
500.0
500.0
191.0
500.0
500.0
500.0
500.0
500.0
500.0
100.0
500.0
500.0
200.0
500.0
500.0
500.0
500.0
500.0
488.0
261.0
500.0
67.0
500.0
500.0
152.0
500.0
500.0
500.0
500.0
500.0
500.0
500.0
500.0
80.0
44.0
193.0
500.0
500.0
38.0
500.0
191.0
220.0
500.0
500.0
500.0
18.0
500.0
500.0
500.0
500.0
337.0
495.0
500.0
27.0
288.0
500.0
500.0
62.0
500.0
500.0
500.0
240.0
500.0
500.0
500.0
500.0
500.0
500.0
500.0
500.0
500.0
500.0
500.0
500.0
500.0
500.0
500.0
500.0
21.0
500.0
270.0
500.0
500.0
500.0
150.0
30.0
500.0
500.0
500.0
188.0
500.0
500.0
500.0
500.0
500.0
500.0
500.0
500.0
500.0
500.0
500.0
500.0
500.0
500.0
500.0
500.0
500.0
500.0
167.0
31.0
500.0
500.0
500.0
500.0
500.0
500.0
500.0
500.0
500.0
500.0
500.0
68.0
500.0
500.0
500.0
500.0
424.0
500.0
461.0
500.0
500.0
500.0
500.0
500.0
500.0
500.0
320.0
500.0
500.0
500.0
17.0
500.0
500.0
500.0
500.0
500.0
262.0
307.0
37.0
249.0
355.0
144.0
63.0
255.0
60.0
143.0
415.0
267.0
335.0
228.0
134.0
230.0
294.0
125.0
495.0
357.0
458.0
354.0
495.0
45.0
500.0
500.0
500.0
178.0
500.0
500.0
500.0
500.0
500.0
500.0
99.0
500.0
500.0
500.0
443.0
500.0
500.0
500.0
500.0
500.0
500.0
500.0
353.0
500.0
500.0
500.0
500.0
500.0
500.0
480.0
500.0
500.0
500.0
500.0
500.0
500.0
482.0
500.0
500.0
64.0
500.0
487.0
469.0
500.0
500.0
500.0
95.0
500.0
494.0
448.0
235.0
500.0
500.0
500.0
500.0
83.0
500.0
409.0
500.0
241.0
409.0
479.0
500.0
69.0
500.0
500.0
463.0
500.0
488.0
499.0
65.0
500.0
500.0
500.0
490.0
63.0
500.0
223.0
500.0
500.0
500.0
500.0
399.0
500.0
500.0
500.0
378.0
500.0
140.0
497.0
500.0
500.0
500.0
500.0
73.0
67.0
500.0
471.0
347.0
500.0
500.0
500.0
500.0
500.0
500.0
434.0
500.0
465.0
500.0
500.0
500.0
500.0
472.0
500.0
500.0
500.0
500.0
500.0
500.0
500.0
500.0
500.0
500.0
500.0
500.0
500.0
500.0
500.0
500.0
500.0
500.0
500.0
500.0
500.0
500.0
500.0
500.0
500.0
500.0
500.0
500.0
124.0
500.0
470.0
500.0
500.0
344.0
500.0
495.0
500.0
500.0
500.0
317.0
438.0
387.0
500.0
500.0
500.0
500.0
471.0
388.0
483.0
493.0
421.0
500.0
500.0
500.0
500.0
500.0
463.0
500.0
490.0
500.0
500.0
500.0
500.0
500.0
480.0
500.0
500.0
500.0
497.0
500.0
500.0
366.0
463.0
500.0
368.0
500.0
500.0
463.0
495.0
440.0
500.0
500.0
427.0
500.0
379.0
375.0
500.0
500.0
500.0
346.0
500.0
336.0
500.0
427.0
500.0
500.0
500.0
500.0
500.0
500.0
500.0
500.0
500.0
333.0
500.0
500.0
500.0
500.0
500.0
500.0
500.0
500.0
500.0
500.0
500.0
462.0
500.0
459.0
500.0
500.0
500.0
466.0
500.0
459.0
500.0
500.0
500.0
500.0
500.0
500.0
476.0
500.0
500.0
398.0
500.0
500.0
484.0
500.0
500.0
500.0
467.0
492.0
500.0
500.0
500.0
500.0
500.0
500.0
353.0
500.0
500.0
500.0
460.0
491.0
500.0
500.0
500.0
500.0
500.0
500.0
500.0
487.0
500.0
500.0
500.0
500.0
500.0
500.0
500.0
500.0
500.0
500.0
500.0
415.0
500.0
500.0
500.0
500.0
500.0
500.0
500.0
500.0
500.0
500.0
477.0
500.0
500.0
500.0
479.0
500.0
500.0
500.0
500.0
500.0
500.0
500.0
500.0
500.0
486.0
500.0
367.0
500.0
500.0
357.0
500.0
500.0
500.0
483.0
500.0
500.0
500.0
475.0
500.0
500.0
500.0
471.0
500.0
478.0
500.0
500.0
500.0
500.0
500.0
500.0
490.0
500.0
500.0
425.0
500.0
500.0
470.0
480.0
500.0
500.0
500.0
500.0
394.0
500.0
500.0
500.0
500.0
500.0
500.0
67.0
500.0
500.0
500.0
500.0
498.0
500.0
500.0
500.0
500.0
500.0
500.0
500.0
500.0
500.0
500.0
365.0
500.0
433.0
500.0
500.0
500.0
500.0
500.0
500.0
500.0
500.0
500.0
439.0
500.0
500.0
432.0
484.0
500.0
500.0
401.0
500.0
500.0
500.0
500.0
500.0
500.0
500.0
500.0
500.0
486.0
500.0
500.0
500.0
500.0
500.0
500.0
500.0
500.0
482.0
500.0
500.0
500.0
494.0
500.0
500.0
500.0
500.0
374.0
500.0
500.0
370.0
393.0
500.0
500.0
500.0
500.0
500.0
500.0
500.0
498.0
500.0
500.0
500.0
500.0
500.0
448.0
500.0
500.0
500.0
500.0
500.0
500.0
500.0
500.0
500.0
500.0
500.0
500.0
500.0
500.0
500.0
500.0
500.0
500.0
500.0
500.0
500.0
500.0
357.0
500.0
478.0
500.0
500.0
500.0
500.0
461.0
500.0
500.0
500.0
500.0
500.0
500.0
500.0
500.0
500.0
500.0
500.0
500.0
500.0
500.0
417.0
500.0
500.0
500.0
328.0
500.0
500.0
500.0
479.0
500.0
500.0
500.0
500.0
500.0
500.0
500.0
500.0
500.0
500.0
500.0
500.0
500.0
500.0
500.0
500.0
500.0
500.0
500.0
459.0
500.0
500.0
500.0
500.0
500.0
500.0
500.0
500.0
500.0
500.0
489.0
500.0
500.0
500.0
338.0
500.0
500.0
500.0
500.0
500.0
500.0
500.0
500.0
500.0
500.0
500.0
500.0
500.0
500.0
360.0
500.0
500.0
500.0
500.0
500.0
500.0
479.0
500.0
500.0
418.0
500.0
500.0
500.0
500.0
500.0
500.0
500.0
500.0
500.0
500.0
500.0
500.0
500.0
500.0
500.0
500.0
500.0
500.0
500.0
500.0
500.0
500.0
500.0
500.0
500.0
500.0
500.0
500.0
500.0
500.0
500.0
500.0
500.0
500.0
500.0
500.0
500.0
500.0
494.0
408.0
500.0
423.0
417.0
489.0
500.0
500.0
500.0
500.0
500.0
500.0
500.0
384.0
500.0
500.0
500.0
500.0
500.0
500.0
500.0
500.0
500.0
500.0
500.0
500.0
500.0
500.0
500.0
500.0
500.0
500.0
500.0
500.0
500.0
500.0
500.0
500.0
500.0
500.0
500.0
500.0
500.0
500.0
500.0
500.0
500.0
500.0
500.0
500.0
500.0
500.0
500.0
479.0
500.0
500.0
500.0
500.0
500.0
500.0
500.0
500.0
500.0
500.0
500.0
500.0
500.0
500.0
500.0
500.0
414.0
500.0
500.0
500.0
500.0
500.0
479.0
499.0
500.0
500.0
500.0
500.0
500.0
500.0
500.0
500.0
500.0
500.0
463.0
500.0
500.0
500.0
500.0
500.0
500.0
436.0
500.0
500.0
303.0
484.0
485.0
500.0
500.0
336.0
500.0
500.0
478.0
500.0
500.0
500.0
500.0
500.0
500.0
500.0
500.0
463.0
500.0
500.0
500.0
500.0
500.0
500.0
500.0
500.0
500.0
500.0
500.0
500.0
500.0
316.0
481.0
500.0
151.0
500.0
500.0
500.0
431.0
406.0
63.0
316.0
122.0
188.0
210.0
128.0
224.0
116.0
216.0
118.0
108.0
258.0
308.0
80.0
176.0
70.0
100.0
110.0
114.0
194.0
66.0
153.0
128.0
159.0
85.0
167.0
93.0
111.0
158.0
166.0
112.0
159.0
77.0
152.0
142.0
155.0
88.0
121.0
117.0
176.0
140.0
105.0
240.0
158.0
167.0
179.0
154.0
500.0
495.0
207.0
500.0
500.0
500.0
402.0
412.0
435.0
415.0
500.0
479.0
500.0
291.0
385.0
452.0
408.0
479.0
99.0
185.0
112.0
296.0
116.0
100.0
117.0
102.0
188.0
85.0
115.0
94.0
214.0
124.0
180.0
150.0
125.0
132.0
115.0
137.0
111.0
101.0
163.0
193.0
145.0
182.0
152.0
148.0
140.0
221.0
172.0
159.0
337.0
216.0
409.0
295.0
180.0
208.0
202.0
150.0
140.0
150.0
231.0
284.0
163.0
234.0
180.0
174.0
128.0
220.0
156.0
354.0
252.0
252.0
172.0
229.0
203.0
196.0
171.0
212.0
209.0
174.0
394.0
176.0
217.0
240.0
224.0
156.0
179.0
145.0
203.0
224.0
180.0
258.0
208.0
292.0
100.0
204.0
169.0
230.0
182.0
263.0
218.0
260.0
234.0
242.0
99.0
249.0
269.0
310.0
255.0
101.0
231.0
202.0
238.0
271.0
448.0
246.0
295.0
195.0
338.0
258.0
331.0
447.0
308.0
399.0
216.0
324.0
290.0
262.0
186.0
175.0
272.0
130.0
281.0
237.0
295.0
328.0
241.0
366.0
121.0
234.0
480.0
282.0
362.0
482.0
259.0
337.0
219.0
185.0
175.0
350.0
157.0
221.0
388.0
360.0
212.0
223.0
257.0
276.0
180.0
244.0
207.0
284.0
198.0
220.0
208.0
275.0
272.0
249.0
206.0
153.0
139.0
239.0
141.0
224.0
241.0
187.0
275.0
229.0
214.0
289.0
209.0
187.0
241.0
172.0
249.0
177.0
222.0
218.0
446.0
211.0
222.0
204.0
330.0
220.0
299.0
108.0
165.0
199.0
198.0
209.0
211.0
229.0
215.0
176.0
285.0
239.0
175.0
226.0
206.0
150.0
193.0
234.0
188.0
245.0
237.0
193.0
211.0
210.0
191.0
234.0
325.0
230.0
246.0
264.0
228.0
238.0
228.0
131.0
267.0
268.0
223.0
194.0
251.0
265.0
195.0
222.0
327.0
190.0
179.0
236.0
218.0
193.0
221.0
266.0
283.0
218.0
250.0
205.0
203.0
240.0
294.0
259.0
298.0
252.0
222.0
282.0
240.0
231.0
305.0
191.0
241.0
171.0
284.0
267.0
207.0
234.0
290.0
211.0
182.0
318.0
176.0
221.0
244.0
179.0
231.0
266.0
332.0
251.0
251.0
213.0
253.0
224.0
212.0
205.0
257.0
216.0
275.0
149.0
232.0
239.0
227.0
205.0
277.0
236.0
206.0
215.0
229.0
180.0
286.0
265.0
328.0
212.0
227.0
257.0
206.0
228.0
151.0
216.0
233.0
221.0
253.0
385.0
263.0
266.0
204.0
213.0
224.0
191.0
213.0
205.0
247.0
266.0
87.0
233.0
200.0
218.0
201.0
184.0
176.0
179.0
229.0
196.0
219.0
262.0
219.0
261.0
261.0
181.0
204.0
163.0
237.0
191.0
214.0
207.0
230.0
167.0
224.0
207.0
204.0
161.0
224.0
270.0
276.0
246.0
182.0
181.0
228.0
267.0
254.0
249.0
86.0
216.0
206.0
188.0
318.0
209.0
299.0
203.0
388.0
209.0
139.0
133.0
184.0
180.0
156.0
180.0
176.0
195.0
143.0
200.0
224.0
184.0
155.0
122.0
140.0
261.0
230.0
105.0
158.0
166.0
227.0
261.0
184.0
259.0
337.0
157.0
179.0
153.0
145.0
167.0
175.0
118.0
203.0
240.0
237.0
161.0
169.0
161.0
242.0
175.0
121.0
174.0
119.0
188.0
179.0
156.0
140.0
123.0
189.0
222.0
149.0
138.0
202.0
180.0
194.0
118.0
173.0
113.0
185.0
165.0
196.0
125.0
232.0
139.0
127.0
178.0
191.0
190.0
151.0
115.0
261.0
131.0
224.0
178.0
266.0
271.0
156.0
153.0
193.0
285.0
168.0
228.0
159.0
215.0
383.0
141.0
237.0
299.0
290.0
173.0
114.0
195.0
190.0
188.0
134.0
266.0
177.0
187.0
129.0
198.0
330.0
165.0
296.0
277.0
116.0
124.0
223.0
174.0
199.0
125.0
183.0
210.0
213.0
199.0
152.0
237.0
130.0
227.0
242.0
120.0
293.0
142.0
116.0
102.0
147.0
165.0
124.0
177.0
200.0
216.0
133.0
144.0
172.0
237.0
152.0
252.0
125.0
182.0
187.0
133.0
189.0
214.0
255.0
189.0
206.0
119.0
219.0
199.0
182.0
183.0
165.0
286.0
184.0
120.0
190.0
208.0
222.0
191.0
165.0
214.0
240.0
241.0
109.0
119.0
177.0
257.0
299.0
180.0
216.0
143.0
146.0
196.0
125.0
172.0
118.0
195.0
133.0
245.0
159.0
182.0
166.0
114.0
194.0
206.0
118.0
131.0
112.0
166.0
171.0
193.0
235.0
121.0
117.0
138.0
144.0
227.0
117.0
100.0
199.0
189.0
271.0
152.0
195.0
97.0
146.0
225.0
291.0
149.0
127.0
214.0
227.0
216.0
134.0
129.0
155.0
154.0
287.0
134.0
110.0
383.0
131.0
109.0
96.0
192.0
139.0
165.0
145.0
187.0
172.0
126.0
187.0
137.0
99.0
220.0
181.0
182.0
202.0
122.0
152.0
191.0
152.0
187.0
139.0
105.0
234.0
296.0
219.0
135.0
148.0
85.0
283.0
73.0
108.0
151.0
211.0
116.0
126.0
132.0
170.0
233.0
106.0
245.0
138.0
151.0
241.0
475.0
168.0
72.0
275.0
136.0
173.0
184.0
110.0
146.0
131.0
500.0
323.0
107.0
363.0
133.0
142.0
62.0
68.0
92.0
92.0
82.0
126.0
98.0
132.0
175.0
500.0
429.0
161.0
89.0
148.0
418.0
104.0
95.0
190.0
189.0
101.0
104.0
104.0
124.0
165.0
203.0
61.0
307.0
116.0
119.0
93.0
70.0
74.0
104.0
104.0
98.0
187.0
157.0
151.0
206.0
187.0
70.0
40.0
66.0
84.0
257.0
139.0
60.0
287.0
101.0
87.0
120.0
129.0
65.0
323.0
331.0
163.0
71.0
422.0
211.0
98.0
309.0
207.0
148.0
500.0
281.0
51.0
457.0
194.0
134.0
346.0
98.0
139.0
142.0
268.0
236.0
36.0
211.0
198.0
101.0
30.0
113.0
254.0
35.0
185.0
100.0
295.0
132.0
112.0
79.0
155.0
102.0
446.0
188.0
130.0
122.0
58.0
232.0
238.0
104.0
109.0
352.0
64.0
111.0
196.0
46.0
291.0
500.0
254.0
500.0
135.0
500.0
500.0
500.0
49.0
399.0
500.0
500.0
409.0
393.0
132.0
500.0
349.0
255.0
39.0
500.0
359.0
377.0
500.0
500.0
352.0
391.0
297.0
500.0
167.0
500.0
170.0
394.0
500.0
365.0
500.0
353.0
368.0
51.0
367.0
302.0
403.0
224.0
75.0
38.0
500.0
500.0
500.0
85.0
244.0
73.0
37.0
71.0
116.0
329.0
237.0
314.0
159.0
359.0
53.0
39.0
147.0
425.0
187.0
68.0
130.0
107.0
21.0
235.0
149.0
98.0
121.0
236.0
206.0
202.0
75.0
104.0
204.0
143.0
98.0
122.0
133.0
90.0
156.0
110.0
107.0
92.0
184.0
309.0
188.0
82.0
151.0
214.0
144.0
194.0
156.0
109.0
194.0
104.0
195.0
96.0
21.0
316.0
413.0
76.0
264.0
43.0
288.0
226.0
149.0
500.0
345.0
118.0
285.0
66.0
94.0
174.0
45.0
204.0
288.0
216.0
302.0
146.0
102.0
106.0
136.0
218.0
500.0
382.0
500.0
500.0
308.0
187.0
68.0
463.0
276.0
263.0
117.0
330.0
44.0
104.0
372.0
114.0
108.0
197.0
248.0
354.0
45.0
164.0
128.0
391.0
397.0
75.0
195.0
456.0
197.0
46.0
214.0
154.0
122.0
61.0
345.0
68.0
336.0
500.0
96.0
70.0
131.0
302.0
61.0
220.0
129.0
500.0
20.0
500.0
156.0
81.0
37.0
380.0
30.0
183.0
14.0
27.0
27.0
45.0
190.0
58.0
192.0
141.0
474.0
29.0
79.0
77.0
41.0
229.0
99.0
252.0
72.0
54.0
83.0
206.0
27.0
13.0
77.0
357.0
15.0
391.0
61.0
25.0
121.0
53.0
120.0
186.0
48.0
48.0
500.0
103.0
284.0
52.0
222.0
389.0
13.0
306.0
177.0
57.0
12.0
279.0
66.0
37.0
81.0
50.0
188.0
57.0
40.0
14.0
39.0
62.0
132.0
61.0
46.0
500.0
129.0
221.0
416.0
283.0
134.0
160.0
103.0
21.0
53.0
251.0
81.0
66.0
112.0
86.0
128.0
139.0
281.0
95.0
318.0
175.0
134.0
39.0
88.0
500.0
181.0
69.0
156.0
139.0
48.0
115.0
197.0
155.0
148.0
160.0
37.0
107.0
59.0
500.0
83.0
500.0
317.0
235.0
72.0
500.0
157.0
500.0
302.0
39.0
35.0
41.0
189.0
35.0
500.0
500.0
39.0
130.0
106.0
8.0
119.0
500.0
126.0
250.0
145.0
500.0
67.0
90.0
38.0
500.0
10.0
500.0
500.0
74.0
66.0
414.0
223.0
98.0
500.0
500.0
53.0
70.0
182.0
41.0
500.0
44.0
69.0
203.0
500.0
31.0
143.0
175.0
142.0
127.0
119.0
180.0
236.0
41.0
90.0
52.0
167.0
171.0
43.0
210.0
44.0
132.0
34.0
85.0
173.0
118.0
187.0
98.0
218.0
215.0
114.0
211.0
158.0
131.0
77.0
172.0
166.0
235.0
150.0
142.0
207.0
97.0
227.0
174.0
10.0
151.0
225.0
105.0
147.0
201.0
136.0
125.0
164.0
357.0
219.0
117.0
133.0
185.0
283.0
241.0
250.0
160.0
248.0
329.0
204.0
138.0
206.0
207.0
109.0
450.0
227.0
320.0
198.0
166.0
213.0
106.0
73.0
302.0
85.0
119.0
116.0
151.0
101.0
255.0
472.0
282.0
84.0
101.0
116.0
68.0
137.0
110.0
188.0
78.0
217.0
83.0
268.0
128.0
15.0
234.0
181.0
236.0
109.0
144.0
148.0
184.0
171.0
178.0
154.0
222.0
92.0
163.0
291.0
116.0
177.0
391.0
220.0
206.0
180.0
217.0
21.0
150.0
96.0
155.0
248.0
211.0
43.0
172.0
500.0
109.0
190.0
193.0
215.0
229.0
156.0
194.0
193.0
113.0
104.0
73.0
251.0
81.0
82.0
78.0
202.0
153.0
108.0
288.0
419.0
178.0
149.0
21.0
259.0
245.0
296.0
142.0
188.0
308.0
212.0
234.0
84.0
383.0
242.0
181.0
157.0
73.0
172.0
106.0
160.0
240.0
81.0
275.0
190.0
189.0
166.0
366.0
160.0
223.0
345.0
213.0
129.0
166.0
163.0
151.0
180.0
70.0
104.0
223.0
379.0
93.0
98.0
114.0
137.0
33.0
119.0
190.0
204.0
153.0
118.0
132.0
131.0
115.0
92.0
341.0
169.0
25.0
112.0
198.0
103.0
153.0
156.0
187.0
198.0
100.0
146.0
146.0
160.0
234.0
116.0
116.0
124.0
148.0
348.0
146.0
231.0
407.0
260.0
231.0
413.0
133.0
132.0
157.0
203.0
119.0
228.0
188.0
109.0
256.0
374.0
118.0
237.0
274.0
147.0
199.0
217.0
204.0
223.0
174.0
201.0
225.0
146.0
204.0
155.0
234.0
124.0
276.0
94.0
131.0
108.0
182.0
211.0
423.0
404.0
194.0
236.0
261.0
125.0
160.0
132.0
129.0
189.0
161.0
128.0
133.0
234.0
239.0
156.0
131.0
127.0
328.0
282.0
376.0
266.0
131.0
101.0
205.0
139.0
292.0
138.0
109.0
207.0
500.0
113.0
199.0
195.0
307.0
186.0
213.0
419.0
147.0
161.0
133.0
174.0
439.0
208.0
112.0
113.0
174.0
189.0
192.0
291.0
173.0
257.0
188.0
129.0
72.0
217.0
133.0
234.0
157.0
364.0
175.0
449.0
141.0
228.0
279.0
141.0
108.0
226.0
184.0
193.0
218.0
95.0
108.0
325.0
160.0
283.0
91.0
172.0
175.0
283.0
128.0
51.0
125.0
175.0
227.0
112.0
363.0
227.0
130.0
169.0
123.0
184.0
264.0
103.0
305.0
180.0
243.0
186.0
98.0
231.0
175.0
214.0
319.0
442.0
97.0
168.0
281.0
92.0
117.0
176.0
109.0
204.0
250.0
120.0
385.0
96.0
206.0
113.0
150.0
66.0
129.0
144.0
296.0
186.0
217.0
112.0
331.0
94.0
168.0
236.0
88.0
338.0
181.0
130.0
401.0
159.0
116.0
305.0
166.0
149.0
98.0
232.0
182.0
149.0
56.0
297.0
222.0
58.0
337.0
94.0
112.0
79.0
110.0
113.0
106.0
180.0
156.0
297.0
174.0
138.0
149.0
107.0
159.0
127.0
181.0
160.0
294.0
152.0
231.0
75.0
45.0
145.0
144.0
215.0
98.0
140.0
250.0
168.0
165.0
115.0
67.0
293.0
262.0
360.0
293.0
393.0
319.0
248.0
500.0
101.0
500.0
500.0
102.0
171.0
222.0
294.0
146.0
191.0
264.0
149.0
118.0
200.0
232.0
137.0
200.0
235.0
249.0
177.0
190.0
82.0
115.0
80.0
395.0
138.0
284.0
75.0
166.0
118.0
426.0
162.0
192.0
157.0
154.0
196.0
82.0
146.0
105.0
187.0
152.0
172.0
131.0
97.0
271.0
263.0
155.0
118.0
134.0
131.0
119.0
218.0
123.0
211.0
319.0
140.0
117.0
91.0
228.0
161.0
94.0
99.0
150.0
92.0
168.0
69.0
135.0
163.0
195.0
318.0
373.0
197.0
294.0
153.0
267.0
239.0
201.0
200.0
217.0
73.0
189.0
250.0
272.0
122.0
116.0
203.0
276.0
196.0
202.0
176.0
320.0
134.0
99.0
326.0
210.0
200.0
165.0
169.0
107.0
193.0
237.0
363.0
82.0
310.0
130.0
117.0
129.0
116.0
65.0
116.0
171.0
261.0
150.0
274.0
158.0
268.0
134.0
154.0
342.0
133.0
173.0
204.0
144.0
241.0
182.0
176.0
170.0
124.0
223.0
170.0
193.0
186.0
122.0
194.0
173.0
131.0
236.0
206.0
111.0
322.0
139.0
207.0
220.0
328.0
122.0
201.0
189.0
147.0
173.0
113.0
128.0
125.0
251.0
219.0
200.0
172.0
229.0
263.0
430.0
43.0
278.0
115.0
138.0
166.0
186.0
189.0
108.0
190.0
278.0
234.0
211.0
229.0
171.0
114.0
263.0
193.0
206.0
115.0
189.0
202.0
243.0
209.0
134.0
227.0
188.0
156.0
169.0
181.0
144.0
345.0
128.0
117.0
135.0
221.0
100.0
155.0
193.0
221.0
172.0
227.0
164.0
348.0
158.0
190.0
199.0
345.0
119.0
218.0
223.0
174.0
212.0
339.0
228.0
121.0
111.0
208.0
252.0
192.0
223.0
245.0
307.0
370.0
182.0
190.0
390.0
193.0
145.0
168.0
218.0
178.0
186.0
178.0
260.0
167.0
227.0
155.0
159.0
155.0
258.0
221.0
132.0
315.0
169.0
139.0
110.0
184.0
224.0
171.0
193.0
297.0
271.0
179.0
203.0
106.0
215.0
172.0
221.0
283.0
177.0
203.0
304.0
187.0
124.0
188.0
131.0
176.0
261.0
336.0
134.0
45.0
247.0
152.0
143.0
297.0
175.0
213.0
236.0
307.0
165.0
253.0
325.0
111.0
151.0
146.0
251.0
135.0
189.0
156.0
313.0
319.0
118.0
188.0
385.0
264.0
46.0
177.0
375.0
152.0
186.0
299.0
116.0
162.0
184.0
188.0
215.0
76.0
108.0
91.0
163.0
82.0
162.0
217.0
187.0
115.0
223.0
247.0
125.0
304.0
310.0
131.0
288.0
220.0
232.0
142.0
206.0
273.0
232.0
160.0
417.0
183.0
202.0
165.0
295.0
178.0
225.0
251.0
95.0
252.0
302.0
156.0
113.0
382.0
63.0
228.0
159.0
461.0
172.0
188.0
261.0
195.0
256.0
321.0
144.0
217.0
59.0
198.0
319.0
201.0
132.0
194.0
178.0
171.0
172.0
272.0
52.0
367.0
138.0
173.0
371.0
142.0
233.0
122.0
167.0
118.0
370.0
445.0
323.0
136.0
80.0
137.0
243.0
201.0
50.0
167.0
104.0
137.0
48.0
122.0
342.0
175.0
225.0
211.0
329.0
208.0
129.0
126.0
296.0
349.0
254.0
227.0
133.0
79.0
258.0
48.0
162.0
203.0
177.0
144.0
362.0
116.0
52.0
160.0
244.0
309.0
163.0
72.0
246.0
174.0
376.0
85.0
68.0
252.0
148.0
126.0
237.0
223.0
142.0
229.0
292.0
293.0
148.0
184.0
193.0
146.0
296.0
234.0
206.0
219.0
135.0
114.0
222.0
227.0
222.0
360.0
235.0
280.0
206.0
500.0
163.0
315.0
194.0
273.0
500.0
350.0
152.0
206.0
225.0
500.0
230.0
237.0
143.0
157.0
198.0
233.0
187.0
328.0
363.0
281.0
238.0
146.0
134.0
209.0
346.0
221.0
391.0
248.0
500.0
212.0
151.0
208.0
226.0
264.0
283.0
500.0
334.0
159.0
242.0
444.0
172.0
167.0
278.0
212.0
247.0
170.0
240.0
180.0
156.0
327.0
139.0
320.0
268.0
292.0
186.0
273.0
268.0
243.0
209.0
236.0
377.0
212.0
126.0
216.0
164.0
183.0
361.0
182.0
260.0
180.0
181.0
136.0
152.0
161.0
322.0
369.0
298.0
156.0
277.0
242.0
233.0
195.0
266.0
188.0
446.0
210.0
293.0
233.0
235.0
229.0
185.0
346.0
242.0
273.0
347.0
252.0
325.0
222.0
187.0
372.0
177.0
257.0
161.0
181.0
218.0
180.0
460.0
193.0
222.0
308.0
174.0
253.0
220.0
272.0
243.0
317.0
165.0
176.0
179.0
254.0
256.0
270.0
193.0
500.0
186.0
378.0
179.0
303.0
271.0
179.0
475.0
207.0
178.0
183.0
359.0
225.0
175.0
249.0
278.0
215.0
175.0
155.0
199.0
272.0
211.0
192.0
344.0
220.0
141.0
15.0
275.0
359.0
249.0
293.0
227.0
167.0
335.0
240.0
212.0
300.0
13.0
219.0
332.0
173.0
266.0
223.0
154.0
105.0
183.0
160.0
126.0
273.0
172.0
192.0
204.0
177.0
104.0
287.0
347.0
197.0
255.0
251.0
282.0
241.0
387.0
211.0
312.0
242.0
311.0
160.0
254.0
247.0
165.0
130.0
180.0
128.0
271.0
188.0
147.0
195.0
158.0
378.0
229.0
242.0
176.0
190.0
274.0
350.0
308.0
313.0
333.0
308.0
156.0
232.0
222.0
146.0
205.0
237.0
215.0
152.0
258.0
191.0
435.0
399.0
300.0
289.0
284.0
232.0
185.0
296.0
176.0
296.0
251.0
349.0
221.0
279.0
430.0
217.0
308.0
401.0
266.0
272.0
268.0
195.0
271.0
231.0
384.0
178.0
267.0
285.0
309.0
394.0
230.0
272.0
180.0
274.0
344.0
165.0
248.0
191.0
187.0
277.0
148.0
265.0
210.0
223.0
211.0
177.0
205.0
299.0
195.0
334.0
166.0
196.0
184.0
190.0
197.0
229.0
229.0
267.0
211.0
251.0
335.0
136.0
282.0
382.0
300.0
405.0
238.0
369.0
144.0
269.0
277.0
206.0
262.0
241.0
341.0
172.0
317.0
245.0
222.0
343.0
320.0
183.0
439.0
500.0
292.0
207.0
350.0
237.0
244.0
409.0
341.0
201.0
274.0
204.0
217.0
255.0
326.0
178.0
220.0
164.0
229.0
225.0
209.0
258.0
247.0
176.0
196.0
179.0
242.0
188.0
206.0
160.0
369.0
396.0
186.0
274.0
261.0
457.0
198.0
219.0
223.0
230.0
219.0
172.0
249.0
336.0
211.0
221.0
196.0
263.0
303.0
304.0
273.0
13.0
363.0
203.0
265.0
278.0
308.0
204.0
415.0
223.0
180.0
372.0
229.0
206.0
309.0
199.0
256.0
259.0
266.0
362.0
343.0
188.0
312.0
263.0
254.0
256.0
225.0
263.0
351.0
252.0
250.0
262.0
133.0
199.0
237.0
186.0
160.0
194.0
155.0
219.0
235.0
326.0
429.0
461.0
206.0
325.0
148.0
375.0
310.0
214.0
427.0
206.0
286.0
221.0
262.0
437.0
316.0
280.0
237.0
243.0
255.0
395.0
238.0
305.0
231.0
267.0
198.0
171.0
241.0
335.0
326.0
500.0
244.0
248.0
315.0
229.0
179.0
231.0
201.0
223.0
207.0
148.0
225.0
230.0
103.0
337.0
431.0
457.0
152.0
403.0
257.0
424.0
292.0
500.0
289.0
129.0
170.0
389.0
483.0
298.0
264.0
189.0
328.0
190.0
260.0
181.0
320.0
185.0
364.0
163.0
202.0
428.0
253.0
252.0
279.0
242.0
353.0
191.0
176.0
167.0
214.0
368.0
89.0
343.0
81.0
378.0
172.0
274.0
182.0
123.0
299.0
369.0
370.0
428.0
380.0
179.0
318.0
436.0
253.0
168.0
286.0
204.0
377.0
174.0
97.0
359.0
315.0
290.0
228.0
257.0
224.0
246.0
369.0
284.0
500.0
367.0
393.0
500.0
299.0
500.0
365.0
454.0
409.0
292.0
376.0
317.0
336.0
144.0
262.0
141.0
135.0
302.0
269.0
420.0
131.0
304.0
437.0
167.0
265.0
241.0
154.0
143.0
500.0
300.0
419.0
77.0
260.0
225.0
185.0
174.0
271.0
395.0
199.0
97.0
217.0
500.0
152.0
293.0
379.0
500.0
151.0
177.0
435.0
238.0
248.0
261.0
71.0
500.0
134.0
426.0
245.0
136.0
451.0
316.0
197.0
274.0
248.0
414.0
309.0
263.0
263.0
364.0
500.0
231.0
351.0
75.0
398.0
264.0
248.0
500.0
220.0
310.0
500.0
218.0
362.0
169.0
500.0
496.0
448.0
468.0
402.0
256.0
183.0
248.0
396.0
421.0
388.0
130.0
500.0
298.0
339.0
472.0
270.0
154.0
322.0
428.0
291.0
276.0
293.0
428.0
492.0
351.0
255.0
346.0
101.0
298.0
202.0
298.0
235.0
333.0
352.0
203.0
289.0
197.0
273.0
324.0
241.0
347.0
402.0
165.0
187.0
205.0
500.0
348.0
412.0
158.0
330.0
216.0
215.0
454.0
277.0
197.0
398.0
500.0
460.0
198.0
301.0
268.0
466.0
239.0
250.0
183.0
358.0
221.0
451.0
500.0
301.0
324.0
195.0
223.0
425.0
179.0
500.0
445.0
341.0
403.0
453.0
441.0
209.0
191.0
429.0
308.0
317.0
308.0
500.0
306.0
310.0
157.0
364.0
243.0
500.0
247.0
263.0
299.0
423.0
315.0
500.0
179.0
363.0
386.0
288.0
329.0
245.0
356.0
500.0
500.0
500.0
313.0
228.0
254.0
213.0
487.0
184.0
500.0
214.0
394.0
382.0
340.0
253.0
312.0
163.0
259.0
307.0
500.0
500.0
344.0
329.0
180.0
188.0
368.0
168.0
171.0
236.0
289.0
467.0
335.0
401.0
458.0
307.0
344.0
164.0
235.0
182.0
486.0
332.0
364.0
490.0
312.0
172.0
286.0
480.0
284.0
217.0
215.0
257.0
327.0
206.0
170.0
270.0
220.0
289.0
199.0
265.0
450.0
195.0
269.0
242.0
379.0
170.0
226.0
472.0
500.0
286.0
250.0
183.0
228.0
225.0
275.0
196.0
254.0
429.0
500.0
500.0
346.0
426.0
398.0
463.0
231.0
196.0
213.0
176.0
191.0
308.0
371.0
293.0
297.0
219.0
498.0
337.0
377.0
155.0
350.0
301.0
326.0
266.0
263.0
264.0
357.0
285.0
172.0
429.0
193.0
500.0
381.0
162.0
158.0
312.0
500.0
303.0
118.0
317.0
418.0
249.0
359.0
328.0
297.0
334.0
324.0
156.0
475.0
146.0
275.0
170.0
460.0
500.0
271.0
194.0
334.0
380.0
500.0
172.0
500.0
431.0
181.0
361.0
151.0
196.0
306.0
252.0
240.0
420.0
142.0
424.0
242.0
224.0
254.0
323.0
216.0
381.0
209.0
160.0
123.0
282.0
246.0
325.0
224.0
500.0
204.0
139.0
439.0
500.0
233.0
500.0
141.0
187.0
221.0
242.0
416.0
206.0
228.0
337.0
241.0
294.0
428.0
197.0
124.0
154.0
158.0
288.0
232.0
272.0
156.0
133.0
116.0
226.0
250.0
443.0
200.0
160.0
312.0
255.0
140.0
161.0
127.0
169.0
476.0
327.0
198.0
149.0
234.0
238.0
165.0
408.0
304.0
170.0
156.0
270.0
500.0
434.0
249.0
438.0
221.0
345.0
261.0
346.0
148.0
164.0
265.0
137.0
500.0
408.0
446.0
500.0
180.0
500.0
376.0
500.0
439.0
194.0
278.0
500.0
394.0
275.0
500.0
143.0
218.0
141.0
424.0
110.0
408.0
228.0
500.0
500.0
500.0
500.0
201.0
113.0
140.0
362.0
500.0
309.0
500.0
500.0
500.0
153.0
403.0
173.0
171.0
212.0
500.0
143.0
500.0
500.0
500.0
451.0
500.0
267.0
500.0
305.0
500.0
500.0
345.0
500.0
443.0
140.0
162.0
401.0
500.0
132.0
459.0
500.0
500.0
500.0
500.0
500.0
500.0
500.0
500.0
180.0
500.0
500.0
500.0
500.0
500.0
500.0
500.0
414.0
330.0
500.0
500.0
500.0
500.0
257.0
500.0
500.0
337.0
450.0
500.0
336.0
372.0
500.0
500.0
249.0
500.0
500.0
443.0
500.0
500.0
500.0
500.0
294.0
500.0
326.0
500.0
500.0
484.0
109.0
500.0
500.0
500.0
500.0
479.0
500.0
500.0
374.0
373.0
480.0
500.0
500.0
411.0
422.0
329.0
227.0
500.0
305.0
500.0
467.0
316.0
468.0
500.0
350.0
500.0
500.0
422.0
500.0
500.0
500.0
425.0
500.0
453.0
500.0
500.0
406.0
354.0
357.0
319.0
427.0
435.0
468.0
380.0
500.0
500.0
500.0
485.0
500.0
500.0
231.0
477.0
311.0
388.0
500.0
357.0
500.0
500.0
190.0
500.0
327.0
500.0
464.0
282.0
264.0
500.0
500.0
500.0
253.0
500.0
500.0
317.0
500.0
500.0
500.0
500.0
500.0
500.0
242.0
500.0
283.0
500.0
500.0
500.0
500.0
388.0
500.0
500.0
500.0
500.0
298.0
500.0
446.0
500.0
500.0
500.0
500.0
500.0
500.0
500.0
500.0
419.0
500.0
468.0
500.0
500.0
500.0
500.0
155.0
500.0
500.0
500.0
500.0
434.0
323.0
378.0
500.0
500.0
476.0
286.0
500.0
500.0
500.0
500.0
500.0
500.0
500.0
500.0
500.0
500.0
500.0
500.0
440.0
500.0
500.0
383.0
500.0
488.0
500.0
463.0
500.0
500.0
380.0
321.0
500.0
377.0
500.0
432.0
500.0
382.0
500.0
500.0
356.0
431.0
264.0
500.0
500.0
500.0
260.0
418.0
447.0
477.0
500.0
440.0
500.0
318.0
500.0
327.0
362.0
500.0
283.0
500.0
500.0
500.0
500.0
500.0
500.0
383.0
500.0
467.0
500.0
500.0
500.0
328.0
500.0
500.0
280.0
500.0
500.0
500.0
500.0
500.0
280.0
500.0
500.0
265.0
500.0
500.0
500.0
444.0
500.0
500.0
347.0
500.0
500.0
295.0
480.0
429.0
471.0
351.0
500.0
500.0
278.0
486.0
336.0
316.0
500.0
500.0
500.0
500.0
500.0
496.0
500.0
500.0
500.0
500.0
239.0
472.0
500.0
292.0
500.0
300.0
500.0
255.0
500.0
370.0
403.0
500.0
500.0
500.0
500.0
279.0
500.0
500.0
500.0
263.0
500.0
500.0
372.0
500.0
268.0
500.0
260.0
331.0
500.0
500.0
329.0
500.0
500.0
500.0
500.0
18.0
500.0
438.0
500.0
500.0
420.0
365.0
491.0
500.0
500.0
500.0
429.0
500.0
500.0
130.0
500.0
500.0
452.0
500.0
366.0
360.0
500.0
449.0
500.0
500.0
370.0
500.0
500.0
376.0
500.0
500.0
500.0
500.0
237.0
384.0
500.0
264.0
500.0
462.0
243.0
267.0
500.0
500.0
283.0
500.0
474.0
500.0
369.0
461.0
491.0
500.0
500.0
366.0
328.0
500.0
456.0
348.0
500.0
312.0
500.0
500.0
500.0
13.0
394.0
500.0
438.0
239.0
500.0
374.0
500.0
500.0
392.0
500.0
500.0
258.0
500.0
500.0
281.0
387.0
275.0
270.0
330.0
500.0
455.0
223.0
369.0
500.0
500.0
500.0
232.0
500.0
500.0
500.0
500.0
306.0
500.0
500.0
500.0
500.0
500.0
500.0
500.0
475.0
500.0
500.0
500.0
420.0
500.0
500.0
500.0
500.0
500.0
500.0
500.0
500.0
500.0
500.0
500.0
340.0
381.0
500.0
382.0
500.0
419.0
500.0
500.0
500.0
472.0
468.0
477.0
500.0
376.0
500.0
500.0
440.0
500.0
374.0
500.0
500.0
436.0
500.0
500.0
442.0
330.0
500.0
479.0
486.0
500.0
500.0
231.0
500.0
402.0
500.0
500.0
500.0
500.0
273.0
394.0
500.0
295.0
500.0
500.0
500.0
500.0
500.0
377.0
500.0
500.0
418.0
500.0
427.0
500.0
334.0
493.0
387.0
500.0
284.0
500.0
241.0
488.0
500.0
463.0
500.0
384.0
332.0
500.0
370.0
192.0
321.0
500.0
226.0
259.0
477.0
450.0
307.0
500.0
277.0
500.0
415.0
273.0
500.0
346.0
371.0
404.0
342.0
354.0
353.0
315.0
189.0
349.0
331.0
267.0
500.0
301.0
165.0
314.0
500.0
297.0
500.0
341.0
310.0
411.0
500.0
500.0
500.0
500.0
274.0
438.0
377.0
229.0
430.0
418.0
271.0
375.0
340.0
337.0
370.0
281.0
247.0
193.0
400.0
378.0
477.0
500.0
222.0
500.0
280.0
138.0
266.0
500.0
500.0
500.0
378.0
328.0
219.0
500.0
500.0
426.0
500.0
500.0
379.0
433.0
500.0
399.0
329.0
500.0
500.0
463.0
500.0
500.0
138.0
332.0
500.0
272.0
500.0
500.0
274.0
271.0
317.0
440.0
449.0
498.0
286.0
453.0
335.0
236.0
369.0
383.0
365.0
417.0
500.0
425.0
352.0
361.0
394.0
364.0
500.0
398.0
500.0
500.0
500.0
500.0
314.0
406.0
355.0
500.0
326.0
438.0
333.0
374.0
404.0
482.0
403.0
438.0
403.0
312.0
500.0
407.0
407.0
423.0
500.0
310.0
500.0
415.0
500.0
351.0
370.0
387.0
500.0
500.0
421.0
500.0
500.0
500.0
500.0
500.0
500.0
500.0
500.0
455.0
281.0
274.0
500.0
323.0
297.0
298.0
271.0
217.0
500.0
217.0
279.0
500.0
286.0
331.0
360.0
279.0
178.0
323.0
500.0
500.0
500.0
347.0
382.0
178.0
348.0
389.0
393.0
294.0
356.0
500.0
500.0
500.0
302.0
500.0
500.0
387.0
452.0
264.0
301.0
135.0
500.0
483.0
452.0
165.0
350.0
437.0
495.0
500.0
284.0
500.0
439.0
264.0
334.0
360.0
496.0
334.0
323.0
476.0
500.0
307.0
400.0
249.0
473.0
500.0
500.0
311.0
500.0
500.0
285.0
500.0
500.0
398.0
464.0
224.0
351.0
226.0
500.0
500.0
458.0
313.0
208.0
295.0
290.0
300.0
469.0
416.0
282.0
500.0
393.0
287.0
311.0
431.0
500.0
500.0
481.0
329.0
500.0
500.0
434.0
330.0
325.0
373.0
448.0
281.0
410.0
383.0
343.0
437.0
500.0
274.0
406.0
461.0
500.0
363.0
500.0
500.0
459.0
446.0
500.0
448.0
500.0
500.0
500.0
265.0
382.0
213.0
277.0
250.0
500.0
336.0
309.0
263.0
250.0
461.0
500.0
163.0
498.0
360.0
420.0
500.0
382.0
325.0
500.0
500.0
415.0
439.0
410.0
500.0
500.0
387.0
487.0
500.0
356.0
500.0
500.0
500.0
500.0
420.0
360.0
400.0
251.0
500.0
317.0
251.0
268.0
356.0
440.0
500.0
306.0
464.0
500.0
369.0
475.0
336.0
364.0
406.0
371.0
405.0
500.0
476.0
329.0
500.0
374.0
427.0
334.0
500.0
422.0
500.0
500.0
319.0
260.0
500.0
500.0
314.0
323.0
344.0
302.0
500.0
320.0
500.0
500.0
500.0
419.0
471.0
500.0
500.0
500.0
500.0
235.0
357.0
500.0
391.0
413.0
303.0
459.0
224.0
292.0
361.0
500.0
324.0
285.0
324.0
456.0
500.0
289.0
353.0
500.0
500.0
226.0
278.0
500.0
500.0
500.0
500.0
500.0
500.0
308.0
342.0
342.0
414.0
208.0
442.0
359.0
500.0
500.0
374.0
500.0
500.0
500.0
265.0
357.0
500.0
275.0
346.0
351.0
500.0
500.0
331.0
376.0
500.0
284.0
379.0
229.0
500.0
306.0
500.0
500.0
242.0
500.0
435.0
403.0
500.0
500.0
500.0
260.0
278.0
500.0
286.0
414.0
240.0
500.0
444.0
332.0
500.0
475.0
289.0
483.0
500.0
500.0
420.0
495.0
490.0
500.0
275.0
500.0
318.0
281.0
500.0
500.0
500.0
500.0
500.0
500.0
500.0
234.0
327.0
469.0
241.0
315.0
500.0
500.0
494.0
500.0
500.0
500.0
275.0
285.0
500.0
286.0
314.0
500.0
500.0
500.0
472.0
487.0
500.0
364.0
500.0
320.0
500.0
500.0
500.0
500.0
367.0
383.0
500.0
500.0
500.0
500.0
499.0
500.0
500.0
500.0
283.0
500.0
500.0
312.0
365.0
500.0
500.0
232.0
233.0
500.0
500.0
320.0
500.0
500.0
340.0
500.0
500.0
500.0
387.0
248.0
356.0
335.0
268.0
369.0
500.0
306.0
500.0
370.0
500.0
500.0
197.0
500.0
179.0
500.0
500.0
182.0
500.0
500.0
500.0
500.0
500.0
500.0
417.0
439.0
500.0
500.0
500.0
500.0
209.0
426.0
500.0
500.0
500.0
500.0
500.0
282.0
388.0
299.0
457.0
333.0
195.0
500.0
500.0
500.0
185.0
219.0
500.0
500.0
480.0
500.0
500.0
441.0
500.0
350.0
500.0
500.0
443.0
500.0
500.0
236.0
500.0
485.0
369.0
500.0
263.0
500.0
497.0
465.0
500.0
184.0
350.0
500.0
500.0
500.0
250.0
380.0
280.0
500.0
410.0
356.0
500.0
500.0
500.0
494.0
500.0
500.0
500.0
250.0
470.0
263.0
500.0
500.0
500.0
500.0
500.0
454.0
500.0
500.0
500.0
500.0
500.0
500.0
500.0
500.0
500.0
256.0
500.0
187.0
500.0
451.0
500.0
500.0
500.0
500.0
500.0
500.0
466.0
500.0
266.0
500.0
500.0
500.0
500.0
424.0
500.0
478.0
482.0
500.0
500.0
500.0
500.0
409.0
500.0
500.0
180.0
500.0
427.0
500.0
500.0
500.0
471.0
500.0
500.0
500.0
500.0
485.0
500.0
500.0
500.0
500.0
500.0
500.0
500.0
500.0
500.0
500.0
422.0
500.0
500.0
382.0
438.0
500.0
500.0
500.0
500.0
500.0
216.0
500.0
500.0
500.0
500.0
500.0
500.0
500.0
500.0
500.0
249.0
500.0
500.0
500.0
500.0
493.0
500.0
500.0
500.0
500.0
500.0
500.0
500.0
500.0
500.0
500.0
500.0
500.0
500.0
500.0
500.0
500.0
500.0
500.0
500.0
500.0
500.0
500.0
500.0
258.0
500.0
500.0
500.0
500.0
500.0
500.0
500.0
500.0
500.0
500.0
500.0
500.0
500.0
500.0
500.0
500.0
500.0
500.0
500.0
500.0
500.0
500.0
500.0
500.0
500.0
500.0
500.0
500.0
500.0
500.0
500.0
500.0
500.0
500.0
500.0
500.0
500.0
500.0
500.0
500.0
500.0
500.0
242.0
500.0
500.0
500.0
500.0
500.0
500.0
500.0
500.0
500.0
500.0
500.0
500.0
500.0
500.0
500.0
500.0
500.0
500.0
500.0
500.0
500.0
500.0
500.0
500.0
500.0
500.0
500.0
500.0
500.0
500.0
500.0
500.0
500.0
500.0
500.0
500.0
500.0
500.0
500.0
500.0
500.0
500.0
500.0
500.0
500.0
500.0
500.0
500.0
500.0
500.0
500.0
500.0
500.0
500.0
500.0
500.0
500.0
301.0
500.0
500.0
500.0
500.0
500.0
500.0
500.0
500.0
500.0
500.0
500.0
500.0
500.0
500.0
500.0
500.0
500.0
500.0
500.0
500.0
500.0
500.0
500.0
500.0
500.0
500.0
500.0
500.0
500.0
500.0
500.0
500.0
500.0
500.0
500.0
500.0
500.0
500.0
500.0
500.0
500.0
500.0
500.0
500.0
500.0
500.0
500.0
500.0
500.0
500.0
500.0
500.0
500.0
500.0
500.0
500.0
500.0
500.0
500.0
500.0
500.0
500.0
500.0
500.0
500.0
500.0
500.0
500.0
500.0
500.0
500.0
500.0
500.0
500.0
500.0
500.0
500.0
500.0
500.0
500.0
500.0
500.0
500.0
500.0
500.0
500.0
500.0
500.0
500.0
500.0
500.0
214.0
500.0
500.0
500.0
500.0
386.0
500.0
500.0
500.0
500.0
500.0
500.0
500.0
500.0
500.0
500.0
500.0
500.0
340.0
500.0
500.0
500.0
500.0
500.0
500.0
500.0
500.0
500.0
500.0
500.0
500.0
500.0
500.0
500.0
500.0
500.0
500.0
500.0
500.0
500.0
500.0
500.0
500.0
500.0
500.0
500.0
500.0
500.0
500.0
500.0
500.0
500.0
500.0
500.0
500.0
500.0
500.0
500.0
500.0
500.0
500.0
500.0
500.0
500.0
500.0
500.0
500.0
500.0
500.0
500.0
500.0
500.0
500.0
500.0
500.0
500.0
500.0
500.0
500.0
500.0
500.0
500.0
500.0
500.0
500.0
500.0
500.0
500.0
500.0
500.0
500.0
500.0
500.0
500.0
500.0
500.0
343.0
500.0
500.0
500.0
500.0
500.0
500.0
500.0
500.0
500.0
500.0
500.0
500.0
500.0
500.0
500.0
500.0
500.0
500.0
500.0
500.0
500.0
500.0
500.0
500.0
500.0
500.0
500.0
500.0
500.0
500.0
500.0
500.0
500.0
500.0
500.0
500.0
500.0
500.0
500.0
500.0
500.0
500.0
500.0
500.0
500.0
500.0
500.0
500.0
500.0
500.0
500.0
500.0
500.0
500.0
500.0
500.0
500.0
500.0
500.0
500.0
500.0
500.0
500.0
500.0
500.0
500.0
500.0
355.0
500.0
500.0
500.0
500.0
500.0
500.0
500.0
500.0
500.0
500.0
500.0
500.0
500.0
500.0
500.0
500.0
500.0
500.0
500.0
500.0
500.0
500.0
500.0
500.0
500.0
500.0
500.0
500.0
500.0
500.0
500.0
500.0
500.0
500.0
500.0
500.0
500.0
500.0
500.0
500.0
500.0
500.0
500.0
500.0
500.0
500.0
500.0
500.0
500.0
500.0
500.0
500.0
500.0
500.0
500.0
500.0
500.0
500.0
500.0
500.0
500.0
500.0
500.0
500.0
500.0
500.0
500.0
500.0
500.0
500.0
500.0
500.0
500.0
500.0
500.0
500.0
500.0
500.0
500.0
500.0
500.0
500.0
500.0
500.0
500.0
500.0
500.0
500.0
290.0
500.0
500.0
500.0
500.0
500.0
500.0
500.0
500.0
500.0
500.0
500.0
500.0
500.0
500.0
500.0
500.0
500.0
500.0
500.0
500.0
500.0
349.0
500.0
500.0
500.0
500.0
500.0
500.0
500.0
500.0
500.0
500.0
500.0
500.0
500.0
500.0
500.0
500.0
500.0
500.0
500.0
500.0
500.0
500.0
500.0
500.0
500.0
500.0
500.0
500.0
500.0
500.0
500.0
500.0
500.0
500.0
500.0
500.0
500.0
500.0
500.0
500.0
500.0
500.0
500.0
500.0
500.0
500.0
500.0
500.0
500.0
500.0
500.0
500.0
500.0
500.0
500.0
500.0
500.0
500.0
500.0
500.0
500.0
500.0
500.0
500.0
500.0
500.0
500.0
500.0
500.0
500.0
500.0
500.0
500.0
500.0
500.0
500.0
500.0
500.0
500.0
500.0
500.0
500.0
500.0
500.0
500.0
500.0
500.0
500.0
500.0
500.0
500.0
500.0
500.0
500.0
500.0
500.0
500.0
500.0
500.0
500.0
500.0
500.0
500.0
500.0
500.0
500.0
500.0
500.0
500.0
500.0
500.0
500.0
500.0
500.0
500.0
500.0
500.0
500.0
500.0
500.0
500.0
500.0
500.0
500.0
500.0
500.0
500.0
500.0
500.0
335.0
500.0
500.0
500.0
500.0
500.0
500.0
500.0
500.0
500.0
500.0
500.0
500.0
500.0
500.0
500.0
500.0
500.0
500.0
500.0
500.0
500.0
500.0
500.0
500.0
500.0
500.0
500.0
500.0
500.0
500.0
500.0
500.0
500.0
500.0
500.0
500.0
500.0
500.0
500.0
500.0
500.0
500.0
500.0
500.0
500.0
500.0
500.0
500.0
500.0
500.0
500.0
500.0
500.0
500.0
500.0
500.0
354.0
500.0
500.0
500.0
500.0
500.0
500.0
500.0
253.0
500.0
500.0
500.0
500.0
500.0
500.0
500.0
500.0
500.0
500.0
500.0
500.0
500.0
500.0
500.0
500.0
500.0
500.0
500.0
500.0
500.0
500.0
500.0
500.0
500.0
500.0
500.0
500.0
500.0
500.0
500.0
500.0
500.0
500.0
500.0
500.0
500.0
500.0
500.0
500.0
500.0
500.0
500.0
500.0
500.0
500.0
500.0
500.0
500.0
500.0
500.0
500.0
500.0
500.0
500.0
500.0
500.0
483.0
281.0
500.0
500.0
500.0
500.0
500.0
500.0
500.0
500.0
500.0
500.0
446.0
500.0
500.0
500.0
500.0
500.0
500.0
500.0
500.0
500.0
500.0
500.0
500.0
500.0
500.0
500.0
500.0
500.0
500.0
500.0
500.0
500.0
500.0
500.0
500.0
500.0
500.0
500.0
500.0
500.0
500.0
500.0
500.0
500.0
500.0
500.0
500.0
500.0
500.0
500.0
500.0
500.0
500.0
500.0
500.0
500.0
500.0
500.0
500.0
500.0
500.0
500.0
500.0
500.0
500.0
500.0
500.0
500.0
500.0
500.0
500.0
500.0
500.0
500.0
500.0
500.0
500.0
500.0
500.0
500.0
500.0
500.0
500.0
500.0
500.0
500.0
500.0
500.0
500.0
500.0
358.0
500.0
500.0
500.0
500.0
500.0
500.0
500.0
500.0
500.0
500.0
500.0
270.0
500.0
500.0
500.0
500.0
500.0
500.0
500.0
500.0
500.0
500.0
500.0
500.0
500.0
500.0
500.0
500.0
500.0
500.0
500.0
500.0
500.0
500.0
500.0
500.0
500.0
500.0
500.0
500.0
500.0
500.0
500.0
500.0
500.0
500.0
500.0
500.0
500.0
500.0
500.0
500.0
500.0
500.0
500.0
500.0
500.0
500.0
500.0
500.0
500.0
500.0
500.0
500.0
500.0
500.0
500.0
500.0
500.0
500.0
500.0
500.0
500.0
500.0
500.0
500.0
500.0
500.0
500.0
500.0
500.0
500.0
500.0
500.0
459.0
500.0
500.0
500.0
500.0
500.0
500.0
500.0
500.0
500.0
500.0
500.0
500.0
500.0
500.0
500.0
500.0
500.0
500.0
500.0
500.0
265.0
500.0
500.0
500.0
365.0
500.0
366.0
500.0
500.0
500.0
500.0
500.0
500.0
500.0
500.0
500.0
500.0
500.0
500.0
500.0
500.0
500.0
500.0
500.0
500.0
500.0
500.0
500.0
500.0
500.0
500.0
500.0
500.0
414.0
500.0
500.0
500.0
500.0
500.0
500.0
500.0
500.0
500.0
500.0
500.0
500.0
500.0
500.0
500.0
500.0
500.0
500.0
500.0
500.0
500.0
500.0
500.0
500.0
500.0
500.0
500.0
500.0
500.0
500.0
500.0
500.0
500.0
500.0
500.0
500.0
500.0
500.0
500.0
500.0
500.0
500.0
500.0
500.0
500.0
500.0
500.0
500.0
500.0
500.0
500.0
500.0
500.0
500.0
500.0
500.0
500.0
500.0
500.0
500.0
500.0
500.0
500.0
500.0
500.0
500.0
500.0
500.0
500.0
500.0
500.0
500.0
500.0
500.0
500.0
500.0
500.0
500.0
500.0
500.0
298.0
500.0
500.0
500.0
500.0
500.0
500.0
500.0
500.0
500.0
500.0
500.0
500.0
500.0
500.0
500.0
500.0
500.0
500.0
500.0
500.0
500.0
500.0
500.0
500.0
500.0
500.0
500.0
500.0
500.0
500.0
500.0
500.0
500.0
500.0
500.0
500.0
500.0
500.0
500.0
500.0
500.0
500.0
500.0
500.0
500.0
500.0
500.0
500.0
500.0
500.0
500.0
500.0
500.0
500.0
500.0
500.0
500.0
500.0
500.0
500.0
500.0
500.0
500.0
500.0
500.0
500.0
500.0
500.0
500.0
500.0
500.0
500.0
500.0
500.0
500.0
500.0
500.0
500.0
500.0
500.0
500.0
500.0
500.0
500.0
500.0
500.0
500.0
500.0
500.0
500.0
500.0
500.0
500.0
500.0
500.0
500.0
500.0
500.0
500.0
215.0
500.0
500.0
500.0
500.0
500.0
500.0
500.0
500.0
500.0
500.0
500.0
500.0
500.0
500.0
500.0
500.0
500.0
500.0
500.0
500.0
500.0
500.0
500.0
500.0
500.0
500.0
500.0
500.0
500.0
500.0
500.0
500.0
500.0
500.0
500.0
500.0
500.0
500.0
500.0
500.0
500.0
500.0
500.0
500.0
500.0
500.0
500.0
500.0
500.0
500.0
500.0
500.0
500.0
500.0
500.0
500.0
500.0
500.0
500.0
500.0
402.0
500.0
500.0
500.0
500.0
500.0
500.0
500.0
500.0
500.0
500.0
500.0
500.0
500.0
500.0
491.0
500.0
500.0
500.0
500.0
500.0
500.0
500.0
500.0
500.0
500.0
500.0
500.0
500.0
500.0
500.0
500.0
500.0
500.0
500.0
500.0
500.0
500.0
500.0
500.0
500.0
500.0
500.0
500.0
500.0
500.0
500.0
500.0
190.0
500.0
500.0
500.0
500.0
500.0
500.0
500.0
500.0
500.0
500.0
500.0
500.0
500.0
500.0
500.0
500.0
500.0
500.0
500.0
500.0
500.0
500.0
500.0
500.0
446.0
500.0
500.0
500.0
500.0
500.0
500.0
500.0
500.0
500.0
500.0
500.0
500.0
500.0
500.0
500.0
500.0
500.0
500.0
500.0
500.0
500.0
500.0
500.0
500.0
500.0
500.0
500.0
500.0
500.0
500.0
500.0
500.0
500.0
500.0
500.0
500.0
500.0
500.0
500.0
500.0
500.0
500.0
500.0
500.0
252.0
500.0
500.0
500.0
500.0
500.0
500.0
500.0
500.0
500.0
500.0
500.0
500.0
500.0
500.0
500.0
500.0
500.0
500.0
500.0
500.0
500.0
500.0
500.0
500.0
500.0
500.0
500.0
500.0
500.0
500.0
500.0
500.0
500.0
500.0
500.0
500.0
500.0
500.0
500.0
500.0
500.0
500.0
500.0
500.0
500.0
500.0
500.0
500.0
500.0
500.0
500.0
500.0
500.0
500.0
500.0
500.0
500.0
500.0
500.0
500.0
500.0
500.0
500.0
500.0
500.0
500.0
500.0
500.0
500.0
500.0
500.0
500.0
500.0
500.0
500.0
367.0
500.0
500.0
500.0
500.0
500.0
500.0
500.0
500.0
500.0
500.0
500.0
500.0
500.0
500.0
500.0
500.0
500.0
500.0
500.0
500.0
365.0
500.0
500.0
500.0
500.0
500.0
500.0
500.0
500.0
500.0
500.0
500.0
500.0
500.0
500.0
500.0
500.0
500.0
500.0
500.0
500.0
500.0
500.0
500.0
500.0
500.0
500.0
500.0
500.0
500.0
500.0
500.0
500.0
500.0
500.0
500.0
500.0
500.0
500.0
500.0
500.0
500.0
500.0
500.0
500.0
500.0
500.0
500.0
500.0
500.0
500.0
500.0
500.0
500.0
500.0
500.0
500.0
500.0
500.0
500.0
500.0
500.0
500.0
500.0
500.0
500.0
500.0
321.0
500.0
500.0
500.0
500.0
500.0
500.0
500.0
500.0
500.0
205.0
500.0
500.0
500.0
349.0
500.0
500.0
500.0
500.0
500.0
500.0
500.0
500.0
500.0
500.0
500.0
500.0
500.0
500.0
500.0
500.0
500.0
292.0
500.0
500.0
500.0
500.0
500.0
500.0
500.0
500.0
500.0
500.0
500.0
500.0
500.0
500.0
500.0
500.0
500.0
500.0
296.0
500.0
500.0
500.0
500.0
500.0
500.0
500.0
500.0
500.0
500.0
500.0
500.0
500.0
500.0
500.0
500.0
500.0
500.0
500.0
500.0
500.0
500.0
500.0
500.0
500.0
500.0
500.0
500.0
432.0
500.0
500.0
500.0
487.0
500.0
500.0
500.0
500.0
500.0
500.0
500.0
500.0
500.0
500.0
500.0
500.0
500.0
500.0
500.0
500.0
500.0
500.0
500.0
500.0
500.0
208.0
500.0
500.0
500.0
500.0
500.0
500.0
500.0
500.0
500.0
500.0
500.0
500.0
500.0
500.0
500.0
500.0
500.0
500.0
500.0
500.0
500.0
500.0
500.0
500.0
500.0
500.0
500.0
500.0
500.0
500.0
500.0
500.0
500.0
500.0
500.0
500.0
500.0
500.0
500.0
500.0
500.0
500.0
500.0
500.0
500.0
500.0
500.0
500.0
500.0
500.0
500.0
500.0
500.0
500.0
500.0
500.0
500.0
500.0
500.0
500.0
500.0
500.0
500.0
500.0
500.0
500.0
500.0
500.0
500.0
500.0
500.0
500.0
500.0
500.0
500.0
500.0
500.0
500.0
500.0
500.0
500.0
500.0
500.0
500.0
500.0
500.0
500.0
500.0
500.0
500.0
500.0
500.0
500.0
500.0
500.0
500.0
500.0
500.0
500.0
500.0
500.0
500.0
500.0
500.0
500.0
500.0
500.0
500.0
500.0
500.0
500.0
500.0
348.0
500.0
500.0
351.0
500.0
500.0
500.0
500.0
500.0
500.0
500.0
500.0
500.0
500.0
500.0
500.0
500.0
500.0
500.0
500.0
500.0
500.0
500.0
500.0
500.0
500.0
500.0
500.0
500.0
500.0
500.0
500.0
500.0
500.0
500.0
500.0
500.0
500.0
500.0
500.0
500.0
500.0
500.0
500.0
500.0
500.0
500.0
500.0
500.0
500.0
500.0
500.0
500.0
500.0
500.0
500.0
500.0
500.0
500.0
500.0
500.0
500.0
500.0
500.0
500.0
500.0
500.0
500.0
500.0
500.0
500.0
500.0
500.0
500.0
500.0
500.0
500.0
500.0
500.0
500.0
500.0
500.0
500.0
500.0
500.0
500.0
500.0
500.0
500.0
500.0
500.0
500.0
500.0
500.0
500.0
500.0
500.0
500.0
500.0
430.0
500.0
500.0
500.0
500.0
500.0
500.0
476.0
500.0
500.0
500.0
500.0
500.0
500.0
500.0
500.0
500.0
500.0
500.0
500.0
500.0
500.0
500.0
500.0
500.0
500.0
500.0
500.0
500.0
500.0
500.0
500.0
500.0
500.0
500.0
500.0
500.0
500.0
500.0
500.0
500.0
500.0
500.0
500.0
500.0
500.0
500.0
500.0
500.0
500.0
500.0
500.0
500.0
500.0
500.0
500.0
500.0
500.0
500.0
500.0
500.0
500.0
500.0
500.0
500.0
500.0
500.0
500.0
500.0
500.0
197.0
500.0
500.0
500.0
500.0
500.0
500.0
500.0
500.0
500.0
500.0
500.0
500.0
500.0
500.0
500.0
500.0
500.0
500.0
500.0
500.0
500.0
500.0
500.0
500.0
500.0
500.0
500.0
500.0
500.0
500.0
500.0
500.0
500.0
500.0
500.0
500.0
500.0
500.0
500.0
500.0
500.0
500.0
500.0
500.0
500.0
500.0
500.0
500.0
500.0
500.0
500.0
500.0
500.0
500.0
500.0
500.0
500.0
500.0
500.0
500.0
500.0
500.0
500.0
500.0
500.0
500.0
500.0
500.0
500.0
500.0
500.0
500.0
500.0
500.0
500.0
500.0
500.0
500.0
500.0
500.0
500.0
500.0
500.0
500.0
500.0
500.0
500.0
500.0
500.0
500.0
500.0
500.0
500.0
500.0
500.0
500.0
500.0
500.0
500.0
500.0
500.0
482.0
500.0
500.0
500.0
500.0
500.0
500.0
500.0
500.0
500.0
500.0
500.0
500.0
500.0
500.0
500.0
500.0
500.0
500.0
500.0
500.0
500.0
500.0
500.0
500.0
203.0
500.0
500.0
500.0
500.0
500.0
500.0
500.0
500.0
500.0
500.0
500.0
500.0
500.0
500.0
500.0
500.0
500.0
500.0
500.0
500.0
500.0
500.0
500.0
500.0
500.0
500.0
500.0
500.0
500.0
500.0
500.0
500.0
500.0
500.0
500.0
500.0
500.0
500.0
500.0
500.0
500.0
500.0
500.0
500.0
500.0
500.0
500.0
500.0
500.0
500.0
500.0
500.0
500.0
500.0
500.0
500.0
500.0
500.0
500.0
500.0
500.0
500.0
500.0
500.0
500.0
500.0
500.0
500.0
500.0
500.0
500.0
500.0
500.0
500.0
500.0
500.0
500.0
500.0
500.0
500.0
500.0
500.0
500.0
500.0
500.0
500.0
500.0
500.0
500.0
500.0
500.0
500.0
500.0
500.0
500.0
500.0
500.0
500.0
500.0
500.0
500.0
500.0
500.0
500.0
500.0
500.0
500.0
500.0
439.0
500.0
500.0
500.0
500.0
500.0
500.0
500.0
500.0
500.0
500.0
500.0
500.0
500.0
500.0
500.0
500.0
500.0
500.0
500.0
500.0
500.0
500.0
500.0
500.0
500.0
500.0
500.0
500.0
500.0
500.0
500.0
500.0
500.0
500.0
500.0
500.0
500.0
500.0
500.0
500.0
500.0
500.0
500.0
500.0
500.0
500.0
500.0
500.0
500.0
500.0
500.0
500.0
500.0
500.0
500.0
500.0
500.0
500.0
500.0
500.0
500.0
500.0
500.0
500.0
500.0
500.0
500.0
500.0
500.0
500.0
500.0
500.0
500.0
500.0
500.0
500.0
500.0
500.0
500.0
500.0
500.0
500.0
500.0
500.0
500.0
500.0
500.0
500.0
500.0
500.0
500.0
500.0
500.0
500.0
500.0
500.0
500.0
500.0
500.0
500.0
500.0
500.0
500.0
500.0
500.0
500.0
500.0
500.0
500.0
500.0
500.0
500.0
500.0
500.0
500.0
500.0
500.0
500.0
500.0
500.0
500.0
500.0
500.0
500.0
500.0
500.0
500.0
500.0
500.0
245.0
500.0
500.0
500.0
384.0
500.0
500.0
500.0
500.0
500.0
500.0
500.0
500.0
500.0
500.0
500.0
500.0
500.0
500.0
500.0
500.0
500.0
500.0
500.0
500.0
500.0
500.0
500.0
500.0
500.0
500.0
500.0
500.0
500.0
500.0
500.0
500.0
500.0
500.0
500.0
500.0
500.0
500.0
500.0
500.0
500.0
500.0
500.0
500.0
500.0
500.0
500.0
500.0
500.0
500.0
500.0
500.0
500.0
500.0
500.0
500.0
500.0
500.0
500.0
500.0
500.0
500.0
500.0
500.0
500.0
500.0
500.0
500.0
500.0
500.0
500.0
500.0
500.0
500.0
500.0
500.0
500.0
500.0
500.0
500.0
500.0
500.0
500.0
500.0
500.0
500.0
500.0
500.0
500.0
500.0
500.0
500.0
365.0
500.0
500.0
500.0
500.0
500.0
500.0
500.0
500.0
500.0
500.0
500.0
500.0
500.0
500.0
500.0
500.0
500.0
500.0
500.0
500.0
500.0
500.0
500.0
500.0
500.0
500.0
500.0
500.0
500.0
500.0
500.0
500.0
500.0
500.0
500.0
500.0
500.0
500.0
500.0
500.0
500.0
500.0
500.0
500.0
500.0
500.0
500.0
500.0
500.0
500.0
500.0
500.0
500.0
500.0
500.0
500.0
500.0
500.0
500.0
500.0
500.0
500.0
500.0
500.0
500.0
500.0
500.0
500.0
500.0
500.0
500.0
500.0
500.0
500.0
500.0
500.0
500.0
500.0
500.0
500.0
500.0
500.0
500.0
500.0
500.0
500.0
500.0
500.0
500.0
500.0
500.0
500.0
500.0
500.0
500.0
500.0
500.0
500.0
500.0
477.0
500.0
500.0
500.0
500.0
500.0
500.0
500.0
500.0
500.0
500.0
500.0
500.0
500.0
500.0
500.0
500.0
500.0
500.0
500.0
434.0
500.0
500.0
500.0
500.0
500.0
500.0
500.0
500.0
500.0
500.0
500.0
500.0
500.0
500.0
500.0
500.0
500.0
500.0
500.0
500.0
500.0
500.0
500.0
500.0
500.0
500.0
500.0
500.0
500.0
500.0
500.0
500.0
500.0
500.0
500.0
500.0
500.0
500.0
500.0
466.0
500.0
500.0
500.0
500.0
500.0
500.0
500.0
500.0
500.0
500.0
500.0
500.0
500.0
500.0
500.0
500.0
500.0
500.0
500.0