10.0
9.0
9.0
10.0
10.0
11.0
10.0
10.0
9.0
10.0
9.0
9.0
9.0
11.0
10.0
10.0
13.0
9.0
9.0
10.0
10.0
11.0
12.0
10.0
10.0
9.0
15.0
11.0
9.0
12.0
12.0
14.0
14.0
12.0
13.0
8.0
14.0
18.0
16.0
21.0
16.0
17.0
13.0
16.0
10.0
13.0
12.0
20.0
21.0
9.0
11.0
20.0
15.0
23.0
18.0
8.0
15.0
12.0
10.0
10.0
10.0
10.0
10.0
10.0
9.0
13.0
10.0
8.0
11.0
14.0
9.0
14.0
18.0
11.0
14.0
12.0
14.0
12.0
9.0
12.0
16.0
47.0
29.0
16.0
29.0
24.0
22.0
32.0
19.0
20.0
25.0
44.0
23.0
18.0
18.0
80.0
34.0
22.0
18.0
35.0
41.0
33.0
36.0
32.0
78.0
35.0
39.0
22.0
52.0
24.0
35.0
34.0
41.0
42.0
40.0
31.0
62.0
147.0
41.0
56.0
41.0
32.0
279.0
48.0
38.0
35.0
95.0
40.0
40.0
38.0
43.0
42.0
37.0
38.0
500.0
21.0
92.0
120.0
93.0
85.0
25.0
57.0
37.0
55.0
52.0
37.0
130.0
130.0
46.0
28.0
87.0
119.0
34.0
91.0
47.0
134.0
51.0
90.0
62.0
208.0
54.0
85.0
122.0
388.0
71.0
30.0
97.0
124.0
39.0
76.0
85.0
127.0
155.0
110.0
196.0
50.0
74.0
137.0
40.0
132.0
78.0
114.0
143.0
349.0
178.0
172.0
166.0
38.0
290.0
216.0
216.0
68.0
179.0
48.0
143.0
135.0
72.0
150.0
115.0
211.0
185.0
147.0
154.0
74.0
143.0
33.0
113.0
71.0
112.0
219.0
135.0
215.0
192.0
260.0
141.0
209.0
118.0
182.0
86.0
186.0
159.0
202.0
91.0
108.0
167.0
101.0
149.0
123.0
183.0
166.0
248.0
72.0
183.0
163.0
133.0
209.0
142.0
183.0
96.0
201.0
301.0
275.0
115.0
219.0
250.0
198.0
127.0
97.0
262.0
159.0
79.0
206.0
261.0
220.0
160.0
112.0
183.0
169.0
137.0
183.0
195.0
109.0
252.0
216.0
268.0
231.0
145.0
264.0
170.0
153.0
290.0
206.0
157.0
76.0
101.0
233.0
240.0
330.0
166.0
153.0
143.0
280.0
201.0
137.0
175.0
128.0
203.0
288.0
274.0
209.0
78.0
66.0
170.0
198.0
130.0
203.0
226.0
182.0
233.0
235.0
260.0
196.0
291.0
105.0
124.0
229.0
150.0
185.0
62.0
175.0
177.0
109.0
154.0
130.0
241.0
157.0
119.0
253.0
145.0
154.0
101.0
182.0
141.0
225.0
207.0
240.0
172.0
246.0
126.0
239.0
120.0
116.0
382.0
164.0
285.0
228.0
210.0
123.0
172.0
228.0
197.0
150.0
182.0
260.0
120.0
260.0
204.0
190.0
216.0
265.0
261.0
116.0
239.0
281.0
69.0
355.0
196.0
79.0
156.0
121.0
230.0
287.0
164.0
280.0
201.0
238.0
190.0
52.0
122.0
263.0
240.0
204.0
116.0
124.0
185.0
181.0
224.0
198.0
154.0
189.0
203.0
187.0
144.0
378.0
208.0
234.0
167.0
115.0
276.0
142.0
263.0
147.0
277.0
135.0
241.0
203.0
207.0
301.0
41.0
135.0
114.0
189.0
252.0
242.0
261.0
193.0
116.0
191.0
231.0
230.0
201.0
138.0
205.0
176.0
226.0
101.0
211.0
234.0
191.0
131.0
200.0
295.0
194.0
128.0
188.0
67.0
137.0
139.0
229.0
169.0
359.0
190.0
212.0
268.0
132.0
263.0
234.0
217.0
164.0
113.0
121.0
270.0
117.0
111.0
129.0
243.0
142.0
163.0
257.0
137.0
153.0
341.0
172.0
210.0
223.0
121.0
167.0
142.0
179.0
240.0
233.0
191.0
136.0
198.0
131.0
202.0
105.0
267.0
191.0
139.0
239.0
148.0
144.0
233.0
247.0
203.0
245.0
223.0
197.0
229.0
222.0
295.0
122.0
146.0
121.0
224.0
166.0
137.0
307.0
37.0
203.0
233.0
126.0
159.0
38.0
124.0
171.0
204.0
229.0
185.0
127.0
163.0
156.0
82.0
129.0
286.0
111.0
77.0
319.0
252.0
273.0
173.0
192.0
229.0
120.0
87.0
153.0
110.0
184.0
244.0
348.0
235.0
203.0
277.0
127.0
130.0
200.0
193.0
132.0
191.0
226.0
166.0
253.0
122.0
150.0
163.0
220.0
156.0
216.0
216.0
201.0
117.0
200.0
150.0
172.0
239.0
195.0
123.0
178.0
181.0
180.0
192.0
153.0
246.0
109.0
124.0
247.0
36.0
209.0
133.0
237.0
222.0
211.0
106.0
234.0
219.0
383.0
250.0
188.0
135.0
147.0
213.0
205.0
132.0
222.0
107.0
155.0
144.0
112.0
111.0
126.0
196.0
214.0
185.0
285.0
126.0
168.0
263.0
173.0
186.0
237.0
268.0
199.0
163.0
171.0
127.0
250.0
225.0
223.0
218.0
129.0
168.0
212.0
138.0
186.0
238.0
217.0
198.0
220.0
136.0
293.0
289.0
137.0
112.0
117.0
157.0
271.0
117.0
213.0
240.0
244.0
74.0
97.0
130.0
98.0
143.0
184.0
181.0
121.0
96.0
97.0
151.0
231.0
168.0
150.0
197.0
102.0
121.0
97.0
174.0
202.0
158.0
119.0
257.0
109.0
163.0
172.0
356.0
118.0
139.0
177.0
283.0
165.0
161.0
197.0
173.0
255.0
236.0
178.0
171.0
108.0
240.0
253.0
215.0
207.0
208.0
114.0
131.0
101.0
117.0
261.0
150.0
280.0
247.0
265.0
183.0
206.0
169.0
201.0
174.0
167.0
128.0
169.0
327.0
134.0
288.0
230.0
137.0
174.0
148.0
215.0
156.0
126.0
148.0
251.0
279.0
194.0
208.0
223.0
280.0
218.0
148.0
143.0
276.0
141.0
248.0
225.0
135.0
256.0
217.0
173.0
185.0
214.0
225.0
162.0
128.0
287.0
236.0
297.0
252.0
197.0
367.0
229.0
361.0
278.0
333.0
179.0
267.0
163.0
211.0
174.0
210.0
118.0
208.0
184.0
186.0
211.0
183.0
126.0
202.0
330.0
170.0
131.0
229.0
241.0
332.0
318.0
135.0
255.0
213.0
109.0
282.0
237.0
110.0
136.0
242.0
146.0
266.0
140.0
269.0
130.0
108.0
152.0
184.0
221.0
198.0
229.0
253.0
172.0
146.0
136.0
203.0
236.0
147.0
130.0
195.0
160.0
268.0
253.0
160.0
217.0
308.0
186.0
149.0
324.0
136.0
231.0
165.0
184.0
275.0
225.0
178.0
187.0
282.0
198.0
151.0
190.0
211.0
164.0
219.0
220.0
208.0
248.0
122.0
229.0
138.0
219.0
250.0
222.0
169.0
307.0
298.0
230.0
210.0
296.0
148.0
185.0
120.0
67.0
140.0
315.0
333.0
179.0
155.0
229.0
139.0
293.0
154.0
158.0
294.0
222.0
260.0
168.0
236.0
240.0
216.0
305.0
140.0
173.0
171.0
269.0
247.0
209.0
201.0
293.0
203.0
242.0
284.0
150.0
197.0
281.0
269.0
150.0
174.0
163.0
170.0
243.0
201.0
244.0
186.0
269.0
257.0
191.0
253.0
224.0
166.0
171.0
261.0
158.0
260.0
237.0
267.0
210.0
209.0
279.0
228.0
176.0
184.0
186.0
238.0
222.0
239.0
259.0
158.0
189.0
296.0
124.0
297.0
284.0
158.0
188.0
264.0
361.0
197.0
402.0
149.0
197.0
426.0
169.0
385.0
293.0
217.0
190.0
170.0
221.0
296.0
219.0
241.0
291.0
288.0
167.0
326.0
194.0
188.0
275.0
242.0
285.0
208.0
274.0
289.0
180.0
161.0
179.0
186.0
312.0
184.0
198.0
191.0
167.0
212.0
214.0
370.0
368.0
204.0
271.0
291.0
224.0
156.0
269.0
258.0
269.0
270.0
270.0
216.0
265.0
247.0
190.0
301.0
276.0
300.0
277.0
184.0
231.0
257.0
383.0
353.0
231.0
221.0
320.0
266.0
191.0
137.0
204.0
258.0
251.0
355.0
293.0
226.0
301.0
213.0
312.0
179.0
282.0
294.0
211.0
366.0
181.0
168.0
160.0
176.0
202.0
214.0
172.0
177.0
68.0
194.0
197.0
203.0
156.0
144.0
324.0
171.0
189.0
210.0
188.0
242.0
217.0
398.0
270.0
317.0
181.0
203.0
139.0
221.0
255.0
415.0
215.0
243.0
205.0
402.0
382.0
228.0
280.0
166.0
186.0
292.0
229.0
278.0
199.0
280.0
262.0
298.0
484.0
379.0
349.0
267.0
402.0
287.0
213.0
240.0
301.0
192.0
229.0
291.0
256.0
220.0
216.0
388.0
288.0
294.0
290.0
201.0
273.0
408.0
205.0
422.0
372.0
132.0
251.0
152.0
216.0
323.0
62.0
138.0
273.0
307.0
182.0
500.0
319.0
500.0
452.0
500.0
330.0
364.0
303.0
224.0
259.0
97.0
195.0
381.0
56.0
214.0
231.0
326.0
244.0
261.0
274.0
294.0
327.0
291.0
313.0
480.0
500.0
456.0
500.0
500.0
500.0
301.0
500.0
174.0
500.0
423.0
344.0
500.0
500.0
500.0
500.0
500.0
276.0
500.0
232.0
500.0
247.0
500.0
500.0
493.0
500.0
351.0
68.0
331.0
370.0
472.0
55.0
263.0
395.0
500.0
500.0
500.0
500.0
500.0
356.0
500.0
500.0
500.0
500.0
500.0
203.0
500.0
252.0
500.0
500.0
289.0
420.0
500.0
277.0
304.0
307.0
467.0
158.0
500.0
288.0
298.0
497.0
500.0
400.0
500.0
500.0
378.0
493.0
387.0
500.0
500.0
214.0
104.0
500.0
315.0
356.0
341.0
152.0
500.0
309.0
436.0
500.0
500.0
253.0
500.0
500.0
500.0
500.0
500.0
500.0
500.0
500.0
500.0
500.0
404.0
500.0
500.0
500.0
362.0
500.0
500.0
270.0
500.0
500.0
500.0
500.0
500.0
500.0
291.0
500.0
500.0
141.0
500.0
500.0
500.0
289.0
236.0
462.0
388.0
267.0
374.0
335.0
237.0
282.0
500.0
110.0
361.0
500.0
279.0
266.0
174.0
217.0
158.0
494.0
112.0
298.0
500.0
382.0
500.0
243.0
240.0
204.0
180.0
247.0
386.0
233.0
384.0
500.0
265.0
291.0
368.0
246.0
208.0
281.0
123.0
360.0
198.0
500.0
276.0
74.0
51.0
136.0
280.0
193.0
214.0
177.0
160.0
37.0
398.0
358.0
273.0
201.0
134.0
177.0
176.0
45.0
318.0
70.0
266.0
178.0
272.0
275.0
123.0
45.0
143.0
122.0
143.0
217.0
154.0
216.0
243.0
67.0
86.0
179.0
56.0
215.0
92.0
56.0
74.0
23.0
221.0
224.0
207.0
229.0
204.0
91.0
241.0
214.0
285.0
339.0
90.0
243.0
48.0
158.0
199.0
62.0
49.0
194.0
287.0
173.0
216.0
65.0
192.0
252.0
261.0
47.0
213.0
144.0
100.0
191.0
248.0
195.0
288.0
263.0
138.0
202.0
81.0
64.0
177.0
124.0
262.0
200.0
75.0
90.0
80.0
134.0
201.0
153.0
258.0
125.0
151.0
159.0
77.0
197.0
71.0
74.0
193.0
225.0
85.0
80.0
161.0
77.0
279.0
293.0
228.0
281.0
352.0
234.0
212.0
230.0
173.0
157.0
214.0
374.0
161.0
420.0
95.0
228.0
80.0
232.0
73.0
231.0
61.0
425.0
187.0
202.0
46.0
465.0
320.0
390.0
350.0
293.0
316.0
500.0
86.0
295.0
294.0
343.0
232.0
346.0
174.0
58.0
301.0
374.0
500.0
500.0
294.0
395.0
400.0
439.0
287.0
107.0
171.0
176.0
126.0
179.0
243.0
221.0
179.0
195.0
308.0
231.0
152.0
391.0
268.0
182.0
323.0
76.0
500.0
122.0
500.0
85.0
243.0
467.0
414.0
295.0
333.0
500.0
160.0
109.0
260.0
328.0
158.0
138.0
151.0
500.0
340.0
272.0
106.0
244.0
111.0
256.0
339.0
313.0
305.0
195.0
500.0
214.0
141.0
236.0
197.0
40.0
44.0
53.0
265.0
317.0
155.0
186.0
391.0
406.0
435.0
40.0
87.0
104.0
500.0
106.0
372.0
500.0
82.0
104.0
315.0
223.0
152.0
317.0
354.0
311.0
199.0
184.0
141.0
500.0
271.0
317.0
115.0
214.0
74.0
358.0
256.0
174.0
317.0
186.0
119.0
61.0
178.0
46.0
47.0
226.0
246.0
169.0
53.0
47.0
127.0
169.0
289.0
65.0
383.0
205.0
305.0
192.0
181.0
47.0
317.0
270.0
52.0
189.0
157.0
46.0
46.0
162.0
46.0
138.0
34.0
107.0
252.0
40.0
148.0
42.0
45.0
263.0
44.0
167.0
55.0
74.0
204.0
158.0
56.0
66.0
48.0
47.0
131.0
45.0
158.0
56.0
169.0
61.0
41.0
55.0
97.0
68.0
75.0
93.0
176.0
149.0
39.0
190.0
117.0
45.0
66.0
189.0
47.0
101.0
62.0
57.0
43.0
44.0
67.0
201.0
42.0
124.0
51.0
328.0
43.0
67.0
52.0
46.0
39.0
55.0
197.0
57.0
166.0
55.0
50.0
52.0
170.0
61.0
52.0
39.0
63.0
12.0
187.0
15.0
39.0
60.0
70.0
131.0
172.0
125.0
42.0
159.0
185.0
178.0
44.0
282.0
49.0
144.0
219.0
66.0
118.0
88.0
61.0
55.0
19.0
297.0
318.0
500.0
169.0
324.0
417.0
163.0
58.0
56.0
42.0
113.0
178.0
43.0
97.0
155.0
124.0
71.0
187.0
261.0
87.0
77.0
74.0
111.0
162.0
60.0
98.0
308.0
95.0
100.0
24.0
141.0
122.0
39.0
71.0
64.0
76.0
95.0
134.0
157.0
151.0
11.0
83.0
96.0
93.0
178.0
186.0
69.0
77.0
197.0
74.0
207.0
124.0
291.0
163.0
76.0
479.0
175.0
49.0
48.0
91.0
68.0
195.0
76.0
113.0
116.0
134.0
71.0
281.0
170.0
94.0
100.0
95.0
254.0
100.0
178.0
130.0
89.0
100.0
276.0
151.0
110.0
107.0
88.0
100.0
195.0
121.0
103.0
99.0
91.0
160.0
102.0
93.0
103.0
99.0
159.0
178.0
99.0
373.0
103.0
82.0
177.0
100.0
100.0
92.0
100.0
100.0
216.0
317.0
109.0
104.0
99.0
130.0
207.0
107.0
174.0
466.0
47.0
106.0
147.0
147.0
449.0
216.0
327.0
477.0
460.0
203.0
349.0
117.0
184.0
500.0
331.0
106.0
182.0
307.0
179.0
123.0
107.0
500.0
181.0
128.0
368.0
155.0
135.0
192.0
500.0
359.0
271.0
323.0
222.0
500.0
99.0
192.0
301.0
191.0
183.0
259.0
129.0
500.0
108.0
84.0
121.0
117.0
109.0
10.0
115.0
191.0
133.0
132.0
185.0
186.0
186.0
205.0
249.0
117.0
234.0
287.0
500.0
228.0
267.0
192.0
54.0
308.0
188.0
123.0
183.0
468.0
177.0
114.0
167.0
195.0
268.0
133.0
152.0
472.0
160.0
500.0
254.0
228.0
118.0
133.0
303.0
500.0
141.0
140.0
500.0
124.0
187.0
128.0
132.0
451.0
341.0
136.0
306.0
314.0
165.0
196.0
261.0
151.0
192.0
232.0
220.0
407.0
500.0
231.0
372.0
106.0
178.0
500.0
327.0
236.0
500.0
363.0
292.0
500.0
10.0
130.0
175.0
152.0
174.0
150.0
176.0
382.0
500.0
454.0
297.0
286.0
375.0
274.0
500.0
95.0
188.0
102.0
411.0
173.0
395.0
349.0
173.0
227.0
94.0
500.0
183.0
182.0
208.0
101.0
291.0
294.0
83.0
342.0
204.0
338.0
500.0
43.0
336.0
47.0
171.0
49.0
139.0
471.0
500.0
428.0
95.0
10.0
96.0
44.0
175.0
120.0
109.0
198.0
102.0
105.0
46.0
85.0
36.0
121.0
198.0
131.0
41.0
201.0
61.0
212.0
173.0
42.0
344.0
198.0
123.0
500.0
55.0
163.0
43.0
100.0
127.0
403.0
215.0
199.0
92.0
98.0
411.0
188.0
92.0
500.0
424.0
138.0
500.0
134.0
268.0
80.0
319.0
272.0
369.0
223.0
500.0
346.0
196.0
117.0
88.0
108.0
212.0
500.0
232.0
101.0
500.0
315.0
12.0
109.0
63.0
194.0
97.0
153.0
186.0
284.0
115.0
100.0
283.0
181.0
108.0
500.0
280.0
17.0
74.0
127.0
89.0
276.0
98.0
354.0
131.0
344.0
500.0
294.0
131.0
98.0
193.0
15.0
131.0
235.0
72.0
68.0
500.0
122.0
206.0
182.0
135.0
152.0
51.0
111.0
62.0
124.0
217.0
83.0
154.0
130.0
68.0
108.0
81.0
413.0
59.0
79.0
239.0
170.0
196.0
88.0
85.0
162.0
99.0
56.0
62.0
174.0
56.0
12.0
169.0
62.0
86.0
131.0
84.0
118.0
99.0
121.0
56.0
287.0
100.0
117.0
153.0
388.0
319.0
172.0
98.0
255.0
95.0
36.0
500.0
98.0
127.0
492.0
368.0
192.0
227.0
64.0
152.0
126.0
43.0
170.0
58.0
81.0
118.0
150.0
77.0
71.0
50.0
241.0
48.0
76.0
169.0
80.0
259.0
96.0
229.0
130.0
133.0
52.0
133.0
77.0
283.0
136.0
104.0
225.0
158.0
160.0
141.0
209.0
59.0
309.0
140.0
137.0
135.0
172.0
134.0
256.0
500.0
114.0
153.0
169.0
243.0
187.0
139.0
116.0
215.0
124.0
115.0
438.0
225.0
155.0
143.0
57.0
10.0
72.0
146.0
42.0
190.0
52.0
53.0
142.0
156.0
135.0
246.0
148.0
207.0
243.0
146.0
201.0
227.0
164.0
143.0
136.0
191.0
182.0
167.0
10.0
361.0
39.0
164.0
135.0
38.0
90.0
201.0
154.0
180.0
333.0
95.0
185.0
70.0
466.0
84.0
89.0
155.0
136.0
227.0
280.0
127.0
263.0
142.0
133.0
107.0
266.0
126.0
321.0
215.0
148.0
91.0
477.0
93.0
54.0
208.0
89.0
66.0
193.0
61.0
9.0
160.0
90.0
129.0
106.0
30.0
101.0
155.0
115.0
143.0
42.0
38.0
65.0
184.0
145.0
73.0
195.0
117.0
40.0
76.0
54.0
129.0
500.0
93.0
140.0
134.0
123.0
63.0
109.0
32.0
187.0
207.0
69.0
142.0
91.0
148.0
51.0
82.0
32.0
216.0
45.0
65.0
122.0
31.0
49.0
107.0
314.0
37.0
190.0
51.0
184.0
132.0
101.0
179.0
61.0
131.0
95.0
225.0
55.0
153.0
167.0
184.0
232.0
54.0
59.0
155.0
193.0
214.0
84.0
201.0
182.0
197.0
166.0
128.0
158.0
127.0
113.0
46.0
249.0
44.0
148.0
196.0
37.0
55.0
107.0
35.0
225.0
255.0
53.0
87.0
126.0
389.0
246.0
203.0
90.0
235.0
284.0
269.0
78.0
114.0
46.0
35.0
36.0
67.0
222.0
122.0
203.0
199.0
228.0
221.0
40.0
35.0
73.0
37.0
100.0
131.0
329.0
97.0
138.0
245.0
163.0
229.0
283.0
158.0
124.0
284.0
113.0
50.0
62.0
195.0
108.0
146.0
36.0
112.0
217.0
46.0
127.0
42.0
192.0
192.0
174.0
49.0
190.0
141.0
120.0
106.0
152.0
117.0
251.0
91.0
111.0
43.0
143.0
44.0
66.0
255.0
36.0
90.0
48.0
253.0
101.0
157.0
155.0
44.0
107.0
26.0
37.0
200.0
59.0
98.0
114.0
220.0
35.0
142.0
40.0
99.0
113.0
209.0
256.0
130.0
120.0
316.0
242.0
135.0
102.0
222.0
314.0
148.0
122.0
54.0
156.0
106.0
138.0
40.0
116.0
107.0
103.0
141.0
105.0
10.0
207.0
229.0
118.0
221.0
104.0
196.0
120.0
128.0
141.0
173.0
181.0
114.0
132.0
160.0
87.0
140.0
126.0
117.0
178.0
135.0
111.0
181.0
101.0
113.0
44.0
121.0
43.0
115.0
168.0
142.0
202.0
191.0
146.0
122.0
197.0
285.0
107.0
95.0
112.0
108.0
299.0
209.0
236.0
32.0
113.0
122.0
182.0
109.0
387.0
180.0
157.0
106.0
275.0
199.0
106.0
125.0
110.0
140.0
121.0
112.0
164.0
125.0
112.0
183.0
11.0
125.0
111.0
124.0
130.0
117.0
85.0
127.0
11.0
102.0
115.0
221.0
159.0
111.0
15.0
101.0
65.0
111.0
258.0
50.0
98.0
141.0
124.0
122.0
105.0
111.0
112.0
130.0
245.0
124.0
121.0
130.0
184.0
196.0
121.0
37.0
123.0
183.0
30.0
118.0
129.0
139.0
115.0
109.0
127.0
111.0
56.0
208.0
114.0
117.0
115.0
142.0
98.0
83.0
112.0
11.0
132.0
200.0
110.0
145.0
74.0
104.0
208.0
124.0
128.0
176.0
108.0
116.0
34.0
190.0
193.0
171.0
44.0
89.0
155.0
193.0
91.0
140.0
130.0
124.0
30.0
78.0
118.0
178.0
148.0
122.0
155.0
180.0
108.0
59.0
108.0
121.0
138.0
117.0
147.0
182.0
196.0
47.0
126.0
185.0
98.0
112.0
144.0
201.0
169.0
91.0
159.0
137.0
98.0
140.0
138.0
177.0
88.0
152.0
158.0
204.0
127.0
106.0
128.0
157.0
331.0
134.0
107.0
110.0
234.0
94.0
87.0
178.0
122.0
84.0
90.0
113.0
89.0
186.0
119.0
112.0
159.0
171.0
255.0
114.0
85.0
132.0
91.0
135.0
99.0
129.0
130.0
46.0
142.0
163.0
114.0
182.0
210.0
124.0
235.0
99.0
131.0
97.0
116.0
107.0
164.0
129.0
135.0
206.0
91.0
119.0
144.0
121.0
208.0
247.0
73.0
104.0
85.0
92.0
130.0
119.0
131.0
222.0
118.0
155.0
142.0
34.0
100.0
101.0
85.0
287.0
121.0
144.0
136.0
99.0
123.0
97.0
152.0
173.0
108.0
116.0
123.0
128.0
84.0
153.0
193.0
117.0
101.0
147.0
124.0
97.0
143.0
102.0
192.0
90.0
144.0
104.0
123.0
137.0
136.0
151.0
207.0
167.0
140.0
106.0
85.0
103.0
128.0
113.0
39.0
149.0
147.0
235.0
143.0
101.0
152.0
122.0
178.0
89.0
213.0
40.0
136.0
119.0
149.0
133.0
154.0
91.0
84.0
43.0
80.0
116.0
86.0
83.0
358.0
117.0
187.0
101.0
122.0
99.0
181.0
149.0
155.0
87.0
96.0
82.0
95.0
115.0
147.0
130.0
122.0
157.0
151.0
127.0
102.0
94.0
102.0
213.0
298.0
101.0
126.0
152.0
129.0
240.0
105.0
120.0
247.0
113.0
111.0
120.0
102.0
191.0
196.0
189.0
119.0
109.0
195.0
128.0
129.0
128.0
211.0
129.0
150.0
156.0
125.0
96.0
180.0
125.0
131.0
125.0
146.0
147.0
185.0
118.0
100.0
101.0
119.0
131.0
127.0
106.0
191.0
139.0
106.0
48.0
158.0
100.0
88.0
79.0
70.0
110.0
200.0
114.0
70.0
93.0
221.0
59.0
191.0
135.0
147.0
105.0
139.0
137.0
182.0
25.0
103.0
68.0
92.0
245.0
179.0
135.0
119.0
61.0
100.0
187.0
120.0
79.0
57.0
246.0
181.0
69.0
136.0
182.0
71.0
179.0
142.0
54.0
177.0
206.0
130.0
190.0
51.0
157.0
167.0
34.0
135.0
103.0
169.0
230.0
164.0
31.0
52.0
45.0
139.0
111.0
260.0
26.0
42.0
141.0
98.0
47.0
118.0
49.0
167.0
175.0
51.0
164.0
188.0
175.0
46.0
163.0
187.0
254.0
42.0
135.0
168.0
161.0
127.0
152.0
67.0
182.0
118.0
183.0
152.0
185.0
152.0
71.0
110.0
182.0
144.0
152.0
98.0
118.0
39.0
162.0
110.0
162.0
146.0
128.0
168.0
50.0
160.0
90.0
208.0
178.0
350.0
169.0
180.0
234.0
244.0
219.0
209.0
181.0
170.0
239.0
190.0
223.0
203.0
42.0
178.0
296.0
281.0
180.0
267.0
141.0
43.0
181.0
209.0
184.0
181.0
184.0
171.0
196.0
140.0
39.0
247.0
149.0
40.0
40.0
155.0
77.0
227.0
226.0
54.0
237.0
68.0
61.0
215.0
174.0
11.0
90.0
87.0
87.0
197.0
211.0
104.0
114.0
152.0
29.0
116.0
232.0
57.0
211.0
44.0
26.0
24.0
358.0
471.0
242.0
101.0
13.0
26.0
500.0
13.0
11.0
158.0
17.0
315.0
13.0
500.0
365.0
500.0
275.0
500.0
102.0
257.0
69.0
393.0
431.0
285.0
500.0
500.0
500.0
383.0
500.0
445.0
473.0
13.0
461.0
13.0
57.0
478.0
500.0
500.0
47.0
440.0
500.0
23.0
500.0
487.0
500.0
500.0
424.0
482.0
500.0
500.0
500.0
500.0
446.0
216.0
229.0
435.0
323.0
440.0
500.0
223.0
500.0
500.0
500.0
466.0
500.0
500.0
500.0
500.0
417.0
500.0
438.0
13.0
457.0
15.0
473.0
359.0
500.0
400.0
453.0
428.0
500.0
500.0
227.0
13.0
489.0
491.0
474.0
500.0
210.0
314.0
500.0
500.0
500.0
500.0
13.0
494.0
500.0
500.0
443.0
69.0
500.0
500.0
500.0
500.0
473.0
471.0
101.0
500.0
500.0
335.0
54.0
207.0
500.0
500.0
149.0
500.0
159.0
328.0
202.0
500.0
500.0
500.0
500.0
235.0
426.0
500.0
287.0
500.0
500.0
500.0
498.0
500.0
430.0
500.0
347.0
500.0
500.0
328.0
350.0
472.0
500.0
500.0
500.0
500.0
500.0
500.0
500.0
500.0
500.0
500.0
500.0
500.0
500.0
500.0
453.0
500.0
500.0
454.0
500.0
500.0
500.0
500.0
266.0
500.0
500.0
500.0
301.0
500.0
500.0
500.0
500.0
500.0
500.0
500.0
478.0
300.0
495.0
500.0
500.0
500.0
452.0
500.0
500.0
500.0
500.0
312.0
280.0
367.0
264.0
485.0
500.0
500.0
482.0
500.0
340.0
500.0
432.0
232.0
500.0
456.0
352.0
302.0
500.0
500.0
323.0
500.0
32.0
500.0
500.0
500.0
500.0
500.0
306.0
500.0
468.0
320.0
500.0
500.0
500.0
500.0
500.0
485.0
341.0
500.0
500.0
500.0
397.0
214.0
216.0
500.0
500.0
347.0
500.0
500.0
464.0
338.0
453.0
500.0
331.0
500.0
244.0
423.0
278.0
250.0
432.0
500.0
401.0
500.0
500.0
424.0
500.0
500.0
362.0
354.0
193.0
183.0
500.0
500.0
411.0
327.0
473.0
282.0
500.0
500.0
500.0
125.0
315.0
498.0
500.0
266.0
500.0
466.0
500.0
499.0
437.0
335.0
451.0
500.0
305.0
500.0
500.0
167.0
493.0
368.0
317.0
500.0
500.0
291.0
145.0
500.0
500.0
500.0
500.0
370.0
419.0
274.0
500.0
500.0
266.0
281.0
412.0
342.0
394.0
475.0
500.0
500.0
395.0
500.0
351.0
442.0
244.0
267.0
498.0
500.0
500.0
500.0
500.0
236.0
402.0
279.0
500.0
194.0
387.0
171.0
500.0
500.0
303.0
68.0
236.0
159.0
500.0
457.0
500.0
491.0
500.0
500.0
500.0
500.0
383.0
203.0
500.0
216.0
500.0
500.0
445.0
478.0
189.0
249.0
172.0
500.0
500.0
114.0
241.0
194.0
322.0
442.0
481.0
500.0
185.0
461.0
269.0
500.0
205.0
500.0
500.0
446.0
500.0
500.0
500.0
343.0
500.0
500.0
500.0
500.0
500.0
347.0
500.0
191.0
500.0
378.0
500.0
500.0
500.0
198.0
425.0
500.0
187.0
500.0
107.0
118.0
500.0
500.0
500.0
385.0
500.0
457.0
500.0
500.0
500.0
500.0
500.0
253.0
500.0
500.0
365.0
176.0
500.0
343.0
169.0
313.0
500.0
500.0
235.0
165.0
259.0
500.0
356.0
500.0
365.0
322.0
332.0
500.0
230.0
265.0
500.0
500.0
500.0
366.0
392.0
500.0
500.0
368.0
451.0
500.0
500.0
138.0
500.0
219.0
500.0
500.0
241.0
500.0
500.0
172.0
248.0
500.0
500.0
500.0
358.0
426.0
183.0
500.0
172.0
196.0
404.0
317.0
500.0
161.0
500.0
500.0
500.0
500.0
500.0
500.0
500.0
378.0
500.0
18.0
500.0
500.0
407.0
336.0
258.0
364.0
500.0
187.0
500.0
363.0
500.0
458.0
204.0
204.0
244.0
375.0
273.0
279.0
500.0
158.0
494.0
216.0
500.0
500.0
393.0
331.0
380.0
410.0
500.0
500.0
382.0
500.0
477.0
500.0
500.0
500.0
500.0
262.0
322.0
500.0
471.0
500.0
500.0
500.0
493.0
408.0
464.0
208.0
423.0
500.0
401.0
500.0
500.0
500.0
500.0
177.0
500.0
194.0
500.0
235.0
500.0
376.0
155.0
446.0
289.0
407.0
110.0
500.0
266.0
326.0
500.0
402.0
479.0
500.0
334.0
485.0
500.0
500.0
500.0
383.0
351.0
193.0
500.0
263.0
348.0
353.0
500.0
221.0
177.0
500.0
419.0
500.0
388.0
396.0
433.0
500.0
174.0
500.0
472.0
377.0
485.0
490.0
500.0
455.0
500.0
146.0
500.0
500.0
500.0
152.0
189.0
478.0
436.0
254.0
189.0
144.0
358.0
500.0
410.0
500.0
206.0
272.0
481.0
293.0
353.0
247.0
497.0
437.0
500.0
411.0
500.0
500.0
500.0
395.0
500.0
500.0
500.0
482.0
500.0
500.0
481.0
500.0
450.0
500.0
500.0
497.0
500.0
500.0
500.0
500.0
500.0
329.0
500.0
500.0
500.0
500.0
500.0
500.0
500.0
500.0
496.0
500.0
495.0
500.0
500.0
294.0
486.0
500.0
500.0
500.0
500.0
500.0
500.0
484.0
500.0
500.0
500.0
236.0
330.0
500.0
500.0
425.0
388.0
500.0
405.0
500.0
500.0
500.0
500.0
500.0
500.0
500.0
321.0
500.0
500.0
500.0
465.0
500.0
500.0
500.0
500.0
500.0
500.0
500.0
475.0
500.0
500.0
500.0
500.0
500.0
477.0
339.0
500.0
500.0
500.0
439.0
500.0
500.0
406.0
500.0
500.0
500.0
500.0
500.0
63.0
500.0
500.0
500.0
500.0
500.0
500.0
500.0
500.0
364.0
490.0
470.0
500.0
500.0
414.0
472.0
500.0
322.0
500.0
500.0
362.0
500.0
500.0
500.0
500.0
500.0
500.0
500.0
500.0
194.0
500.0
500.0
500.0
500.0
500.0
500.0
500.0
500.0
462.0
396.0
500.0
500.0
500.0
500.0
381.0
500.0
284.0
500.0
500.0
420.0
500.0
500.0
500.0
471.0
303.0
500.0
472.0
189.0
500.0
500.0
500.0
460.0
35.0
500.0
500.0
226.0
500.0
500.0
500.0
491.0
500.0
500.0
500.0
486.0
500.0
178.0
500.0
500.0
175.0
135.0
500.0
500.0
500.0
434.0
500.0
134.0
464.0
417.0
455.0
37.0
500.0
500.0
500.0
463.0
500.0
500.0
500.0
500.0
500.0
500.0
500.0
500.0
500.0
500.0
500.0
500.0
500.0
500.0
500.0
500.0
500.0
483.0
408.0
500.0
500.0
495.0
500.0
500.0
500.0
361.0
363.0
500.0
500.0
500.0
316.0
500.0
500.0
374.0
500.0
500.0
500.0
500.0
500.0
500.0
500.0
500.0
500.0
500.0
500.0
500.0
500.0
500.0
500.0
500.0
500.0
500.0
500.0
500.0
500.0
500.0
500.0
500.0
500.0
500.0
500.0
500.0
500.0
500.0
500.0
500.0
500.0
500.0
149.0
500.0
500.0
500.0
421.0
497.0
500.0
500.0
500.0
500.0
339.0
500.0
500.0
500.0
500.0
500.0
500.0
388.0
500.0
500.0
500.0
500.0
500.0
500.0
401.0
500.0
500.0
500.0
500.0
404.0
500.0
500.0
500.0
500.0
500.0
500.0
500.0
500.0
500.0
500.0
500.0
500.0
500.0
500.0
500.0
500.0
500.0
500.0
500.0
500.0
500.0
500.0
500.0
500.0
500.0
500.0
500.0
500.0
500.0
500.0
500.0
500.0
439.0
500.0
481.0
500.0
500.0
500.0
449.0
474.0
500.0
492.0
500.0
500.0
500.0
500.0
500.0
388.0
500.0
500.0
500.0
481.0
500.0
500.0
500.0
500.0
500.0
500.0
500.0
500.0
500.0
445.0
372.0
500.0
500.0
500.0
500.0
500.0
500.0
500.0
500.0
500.0
500.0
500.0
500.0
500.0
500.0
500.0
337.0
148.0
500.0
500.0
500.0
500.0
500.0
500.0
500.0
500.0
500.0
500.0
372.0
500.0
500.0
500.0
500.0
500.0
500.0
500.0
500.0
396.0
500.0
500.0
500.0
500.0
443.0
500.0
500.0
423.0
500.0
500.0
500.0
500.0
500.0
491.0
470.0
500.0
500.0
500.0
361.0
500.0
205.0
364.0
384.0
500.0
500.0
78.0
500.0
500.0
500.0
500.0
500.0
500.0
500.0
500.0
500.0
500.0
500.0
500.0
500.0
500.0
398.0
500.0
475.0
500.0
458.0
500.0
500.0
500.0
326.0
500.0
500.0
500.0
500.0
440.0
500.0
500.0
500.0
425.0
410.0
500.0
500.0
500.0
500.0
500.0
500.0
500.0
500.0
500.0
500.0
500.0
500.0
500.0
500.0
500.0
500.0
500.0
500.0
500.0
500.0
500.0
394.0
500.0
500.0
500.0
323.0
500.0
500.0
500.0
500.0
500.0
500.0
485.0
500.0
500.0
500.0
500.0
500.0
456.0
500.0
500.0
500.0
500.0
499.0
195.0
500.0
460.0
255.0
500.0
500.0
126.0
500.0
500.0
333.0
500.0
134.0
162.0
500.0
477.0
500.0
500.0
500.0
500.0
500.0
402.0
500.0
500.0
500.0
237.0
500.0
500.0
500.0
500.0
500.0
435.0
430.0
424.0
500.0
442.0
391.0
500.0
500.0
301.0
500.0
500.0
500.0
500.0
500.0
500.0
236.0
500.0
500.0
500.0
253.0
500.0
137.0
134.0
500.0
96.0
104.0
500.0
500.0
500.0
500.0
500.0
500.0
500.0
500.0
500.0
500.0
500.0
255.0
363.0
214.0
500.0
284.0
402.0
500.0
500.0
332.0
399.0
500.0
442.0
486.0
500.0
399.0
500.0
500.0
500.0
345.0
177.0
500.0
292.0
200.0
500.0
432.0
364.0
500.0
347.0
500.0
405.0
380.0
500.0
500.0
500.0
500.0
362.0
428.0
500.0
500.0
500.0
500.0
419.0
500.0
442.0
500.0
204.0
261.0
500.0
500.0
295.0
500.0
357.0
500.0
123.0
385.0
325.0
500.0
500.0
500.0
381.0
500.0
332.0
500.0
500.0
327.0
310.0
500.0
500.0
500.0
500.0
500.0
411.0
500.0
500.0
500.0
454.0
397.0
500.0
373.0
500.0
492.0
500.0
433.0
500.0
380.0
500.0
500.0
367.0
500.0
210.0
287.0
367.0
500.0
500.0
15.0
500.0
500.0
500.0
393.0
500.0
412.0
500.0
500.0
239.0
500.0
500.0
500.0
500.0
449.0
378.0
500.0
243.0
500.0
459.0
500.0
246.0
500.0
379.0
500.0
500.0
500.0
278.0
348.0
500.0
500.0
500.0
500.0
500.0
309.0
367.0
500.0
461.0
500.0
92.0
375.0
500.0
500.0
500.0
500.0
461.0
500.0
500.0
298.0
500.0
500.0
500.0
500.0
500.0
124.0
500.0
500.0
500.0
158.0
349.0
500.0
500.0
276.0
384.0
126.0
500.0
137.0
500.0
500.0
408.0
185.0
417.0
500.0
478.0
500.0
500.0
500.0
379.0
224.0
500.0
474.0
500.0
117.0
500.0
358.0
500.0
129.0
500.0
500.0
196.0
227.0
500.0
500.0
500.0
500.0
500.0
500.0
500.0
500.0
482.0
467.0
382.0
267.0
94.0
132.0
500.0
500.0
500.0
500.0
350.0
500.0
125.0
155.0
500.0
500.0
500.0
500.0
500.0
500.0
460.0
500.0
500.0
474.0
500.0
500.0
500.0
384.0
343.0
377.0
500.0
500.0
500.0
500.0
244.0
500.0
466.0
500.0
390.0
500.0
261.0
500.0
500.0
129.0
500.0
347.0
358.0
500.0
500.0
179.0
500.0
361.0
500.0
389.0
500.0
500.0
232.0
500.0
270.0
500.0
500.0
500.0
500.0
500.0
500.0
500.0
500.0
321.0
500.0
500.0
154.0
363.0
500.0
454.0
177.0
500.0
500.0
500.0
500.0
261.0
149.0
432.0
500.0
500.0
500.0
232.0
500.0
500.0
500.0
414.0
500.0
500.0
373.0
500.0
139.0
500.0
500.0
500.0
466.0
500.0
500.0
443.0
432.0
500.0
500.0
500.0
500.0
500.0
500.0
145.0
500.0
500.0
500.0
500.0
227.0
500.0
357.0
500.0
500.0
500.0
500.0
400.0
500.0
500.0
500.0
500.0
500.0
500.0
423.0
401.0
500.0
401.0
445.0
500.0
500.0
500.0
500.0
500.0
500.0
500.0
500.0
500.0
500.0
343.0
500.0
500.0
385.0
135.0
358.0
346.0
500.0
230.0
500.0
500.0
232.0
500.0
500.0
500.0
500.0
500.0
448.0
500.0
500.0
500.0
416.0
500.0
198.0
500.0
500.0
500.0
416.0
500.0
500.0
500.0
500.0
382.0
459.0
278.0
500.0
450.0
500.0
338.0
500.0
139.0
500.0
500.0
252.0
500.0
236.0
500.0
500.0
437.0
500.0
229.0
500.0
500.0
476.0
500.0
357.0
500.0
500.0
500.0
360.0
500.0
442.0
500.0
500.0
500.0
500.0
466.0
393.0
500.0
500.0
500.0
500.0
500.0
500.0
500.0
151.0
500.0
500.0
500.0
310.0
458.0
500.0
429.0
134.0
388.0
391.0
500.0
500.0
483.0
490.0
500.0
500.0
500.0
500.0
500.0
500.0
500.0
500.0
500.0
195.0
390.0
473.0
500.0
500.0
500.0
290.0
500.0
500.0
187.0
384.0
398.0
120.0
500.0
500.0
500.0
344.0
500.0
500.0
360.0
500.0
500.0
440.0
500.0
440.0
500.0
500.0
461.0
298.0
500.0
125.0
500.0
500.0
500.0
451.0
500.0
469.0
500.0
500.0
500.0
500.0
500.0
500.0
146.0
500.0
498.0
447.0
134.0
500.0
500.0
500.0
273.0
238.0
500.0
500.0
500.0
500.0
500.0
500.0
500.0
500.0
369.0
206.0
500.0
500.0
500.0
451.0
500.0
438.0
500.0
158.0
303.0
421.0
500.0
413.0
500.0
230.0
128.0
401.0
500.0
429.0
500.0
269.0
500.0
500.0
500.0
375.0
500.0
500.0
244.0
500.0
500.0
500.0
500.0
500.0
500.0
377.0
363.0
258.0
350.0
437.0
443.0
500.0
500.0
500.0
500.0
259.0
500.0
500.0
277.0
480.0
135.0
453.0
420.0
146.0
500.0
319.0
500.0
500.0
500.0
500.0
500.0
500.0
500.0
500.0
317.0
500.0
500.0
500.0
500.0
500.0
500.0
458.0
320.0
428.0
500.0
282.0
135.0
500.0
500.0
432.0
254.0
216.0
413.0
500.0
500.0
191.0
151.0
500.0
500.0
500.0
500.0
500.0
500.0
500.0
500.0
500.0
213.0
500.0
500.0
500.0
500.0
500.0
500.0
401.0
500.0
500.0
500.0
500.0
500.0
500.0
500.0
415.0
500.0
435.0
273.0
490.0
500.0
500.0
472.0
500.0
362.0
326.0
500.0
500.0
500.0
395.0
437.0
500.0
150.0
446.0
127.0
500.0
500.0
101.0
393.0
342.0
500.0
147.0
500.0
500.0
409.0
500.0
500.0
500.0
227.0
500.0
500.0
500.0
130.0
500.0
500.0
284.0
126.0
434.0
500.0
500.0
500.0
142.0
500.0
500.0
500.0
500.0
500.0
500.0
496.0
500.0
500.0
341.0
500.0
224.0
500.0
464.0
479.0
500.0
438.0
140.0
432.0
483.0
500.0
375.0
272.0
500.0
500.0
439.0
500.0
439.0
500.0
500.0
361.0
500.0
294.0
339.0
500.0
500.0
500.0
484.0
500.0
500.0
500.0
482.0
500.0
500.0
500.0
500.0
500.0
500.0
500.0
500.0
379.0
500.0
500.0
422.0
500.0
500.0
446.0
500.0
356.0
476.0
500.0
500.0
237.0
498.0
500.0
500.0
420.0
448.0
149.0
500.0
500.0
500.0
500.0
500.0
500.0
500.0
500.0
500.0
500.0
500.0
225.0
500.0
469.0
500.0
500.0
500.0
500.0
370.0
500.0
500.0
132.0
500.0
500.0
500.0
485.0
500.0
374.0
500.0
500.0
148.0
440.0
371.0
500.0
425.0
500.0
500.0
247.0
500.0
500.0
500.0
135.0
298.0
436.0
500.0
500.0
500.0
391.0
500.0
302.0
500.0
481.0
500.0
500.0
500.0
500.0
500.0
500.0
500.0
112.0
500.0
455.0
500.0
448.0
500.0
500.0
310.0
329.0
500.0
500.0
500.0
462.0
432.0
500.0
500.0
500.0
500.0
500.0
500.0
500.0
346.0
500.0
500.0
364.0
362.0
500.0
500.0
324.0
500.0
500.0
500.0
302.0
500.0
500.0
500.0
500.0
500.0
500.0
500.0
338.0
330.0
463.0
500.0
411.0
227.0
314.0
430.0
500.0
500.0
500.0
500.0
323.0
500.0
500.0
500.0
500.0
500.0
500.0
364.0
500.0
500.0
500.0
147.0
439.0
500.0
174.0
500.0
457.0
500.0
177.0
278.0
168.0
500.0
236.0
398.0
341.0
367.0
500.0
500.0
389.0
500.0
500.0
482.0
500.0
500.0
500.0
187.0
378.0
500.0
500.0
158.0
431.0
349.0
492.0
232.0
500.0
159.0
500.0
443.0
164.0
148.0
500.0
313.0
500.0
500.0
500.0
454.0
435.0
500.0
374.0
500.0
500.0
500.0
430.0
500.0
175.0
500.0
500.0
500.0
500.0
426.0
500.0
500.0
418.0
500.0
500.0
195.0
500.0
436.0
500.0
500.0
500.0
279.0
500.0
500.0
483.0
488.0
428.0
500.0
500.0
447.0
500.0
500.0
500.0
500.0
500.0
460.0
500.0
500.0
500.0
500.0
391.0
500.0
489.0
500.0
500.0
285.0
500.0
500.0
327.0
500.0
497.0
500.0
161.0
500.0
500.0
500.0
500.0
500.0
500.0
444.0
407.0
500.0
500.0
500.0
182.0
500.0
500.0
500.0
121.0
500.0
500.0
500.0
257.0
500.0
180.0
500.0
500.0
500.0
332.0
500.0
500.0
500.0
358.0
453.0
500.0
500.0
469.0
500.0
500.0
500.0
500.0
494.0
314.0
500.0
356.0
500.0
500.0
500.0
500.0
410.0
500.0
500.0
500.0
500.0
500.0
147.0
500.0
500.0
500.0
500.0
494.0
500.0
500.0
500.0
142.0
476.0
500.0
500.0
460.0
500.0
500.0
500.0
415.0
500.0
431.0
332.0
500.0
500.0
207.0
342.0
500.0
481.0
465.0
500.0
500.0
500.0
268.0
212.0
500.0
500.0
500.0
322.0
500.0
427.0
296.0
500.0
424.0
500.0
397.0
500.0
500.0
352.0
500.0
500.0
500.0
500.0
500.0
408.0
500.0
500.0
500.0
471.0
500.0
330.0
500.0
500.0
500.0
75.0
500.0
156.0
500.0
426.0
336.0
214.0
500.0
500.0
500.0
500.0
407.0
500.0
500.0
500.0
500.0
500.0
500.0
500.0
500.0
500.0
500.0
500.0
500.0
403.0
500.0
500.0
476.0
466.0
463.0
487.0
388.0
500.0
290.0
500.0
500.0
500.0
421.0
500.0
500.0
500.0
500.0
500.0
500.0
500.0
500.0
500.0
461.0
500.0
500.0
437.0
500.0
500.0
500.0
500.0
500.0
354.0
284.0
500.0
483.0
500.0
500.0
500.0
405.0
500.0
500.0
500.0
500.0
495.0
489.0
222.0
234.0
355.0
500.0
500.0
413.0
500.0
500.0
289.0
432.0
391.0
122.0
307.0
500.0
500.0
500.0
500.0
500.0
500.0
500.0
500.0
500.0
485.0
500.0
500.0
500.0
500.0
421.0
330.0
289.0
500.0
428.0
500.0
487.0
500.0
500.0
500.0
500.0
398.0
500.0
434.0
500.0
137.0
496.0
500.0
282.0
500.0
500.0
500.0
500.0
288.0
500.0
319.0
307.0
102.0
497.0
500.0
324.0
500.0
500.0
500.0
500.0
500.0
338.0
500.0
500.0
500.0
500.0
500.0
500.0
500.0
382.0
110.0
500.0
500.0
318.0
500.0
500.0
500.0
500.0
429.0
500.0
500.0
500.0
500.0
500.0
496.0
500.0
417.0
500.0
449.0
481.0
500.0
500.0
439.0
500.0
500.0
500.0
455.0
500.0
281.0
500.0
500.0
500.0
373.0
500.0
500.0
131.0
500.0
500.0
348.0
500.0
500.0
500.0
296.0
500.0
117.0
483.0
500.0
334.0
500.0
500.0
381.0
128.0
500.0
500.0
327.0
455.0
500.0
500.0
500.0
500.0
500.0
272.0
449.0
500.0
273.0
500.0
209.0
500.0
413.0
202.0
500.0
490.0
500.0
500.0
500.0
500.0
500.0
209.0
500.0
380.0
458.0
500.0
469.0
500.0
328.0
209.0
500.0
500.0
317.0
423.0
500.0
500.0
500.0
500.0
159.0
500.0
500.0
500.0
500.0
500.0
500.0
229.0
500.0
500.0
114.0
500.0
472.0
185.0
500.0
500.0
500.0
499.0
500.0
500.0
476.0
500.0
500.0
500.0
405.0
500.0
500.0
313.0
500.0
500.0
500.0
200.0
500.0
500.0
500.0
500.0
500.0
500.0
500.0
500.0
500.0
500.0
500.0
500.0
430.0
500.0
500.0
500.0
500.0
351.0
480.0
500.0
500.0
500.0
290.0
167.0
500.0
488.0
500.0
500.0
494.0
428.0
500.0
500.0
500.0
500.0
500.0
472.0
500.0
432.0
500.0
404.0
457.0
431.0
392.0
436.0
396.0
416.0
399.0
500.0
500.0
500.0
500.0
500.0
219.0
500.0
500.0
164.0
292.0
381.0
303.0
500.0
294.0
500.0
469.0
500.0
310.0
370.0
414.0
500.0
500.0
478.0
352.0
378.0
381.0
500.0
500.0
500.0
500.0
500.0
500.0
500.0
297.0
370.0
500.0
500.0
500.0
500.0
500.0
500.0
500.0
500.0
500.0
500.0
262.0
500.0
318.0
500.0
471.0
500.0
500.0
447.0
500.0
500.0
500.0
468.0
500.0
452.0
243.0
500.0
500.0
384.0
500.0
500.0
202.0
500.0
500.0
500.0
500.0
268.0
250.0
500.0
223.0
468.0
500.0
500.0
500.0
500.0
336.0
500.0
500.0
500.0
500.0
141.0
398.0
500.0
418.0
500.0
306.0
500.0
500.0
500.0
500.0
500.0
440.0
500.0
500.0
500.0
500.0
380.0
442.0
500.0
251.0
500.0
323.0
500.0
500.0
500.0
500.0
500.0
452.0
148.0
500.0
374.0
500.0
500.0
500.0
500.0
500.0
500.0
500.0
500.0
500.0
500.0
357.0
500.0
500.0
500.0
500.0
500.0
500.0
468.0
439.0
385.0
332.0
245.0
396.0
500.0
465.0
500.0
454.0
446.0
423.0
230.0
500.0
294.0
500.0
500.0
500.0
500.0
500.0
392.0
429.0
500.0
500.0
276.0
308.0
285.0
429.0
344.0
500.0
500.0
500.0
500.0
500.0
500.0
500.0
437.0
500.0
500.0
500.0
500.0
473.0
500.0
500.0
500.0
500.0
257.0
482.0
500.0
500.0
500.0
500.0
500.0
500.0
500.0
258.0
409.0
500.0
496.0
500.0
500.0
500.0
491.0
500.0
500.0
500.0
382.0
500.0
500.0
500.0
473.0
479.0
500.0
294.0
443.0
500.0
149.0
500.0
439.0
388.0
500.0
437.0
340.0
249.0
373.0
500.0
500.0
500.0
500.0
156.0
500.0
500.0
442.0
500.0
377.0
144.0
500.0
500.0
500.0
153.0
500.0
321.0
500.0
310.0
497.0
300.0
500.0
500.0
296.0
365.0
476.0
500.0
500.0
500.0
500.0
500.0
447.0
228.0
500.0
500.0
500.0
361.0
432.0
471.0
500.0
327.0
420.0
500.0
461.0
500.0
500.0
500.0
500.0
500.0
314.0
161.0
500.0
324.0
500.0
298.0
489.0
500.0
500.0
500.0
500.0
500.0
500.0
500.0
293.0
319.0
500.0
500.0
444.0
435.0
500.0
500.0
500.0
152.0
155.0
240.0
500.0
500.0
500.0
500.0
500.0
500.0
500.0
500.0
427.0
115.0
500.0
354.0
420.0
500.0
500.0
500.0
500.0
500.0
418.0
254.0
500.0
242.0
500.0
500.0
500.0
500.0
500.0
498.0
500.0
500.0
499.0
467.0
361.0
364.0
500.0
500.0
500.0
500.0
500.0
500.0
500.0
474.0
500.0
500.0
304.0
455.0
407.0
265.0
500.0
385.0
146.0
500.0
500.0
500.0
500.0
500.0
500.0
389.0
263.0
500.0
294.0
500.0
500.0
441.0
500.0
500.0
500.0
500.0
500.0
500.0
500.0
500.0
500.0
500.0
500.0
500.0
112.0
149.0
500.0
500.0
407.0
500.0
380.0
500.0
500.0
410.0
236.0
500.0
500.0
500.0
446.0
500.0
236.0
298.0
500.0
500.0
500.0
500.0
500.0
500.0
500.0
500.0
500.0
500.0
244.0
499.0
500.0
392.0
500.0
168.0
500.0
351.0
500.0
500.0
429.0
500.0
342.0
500.0
358.0
500.0
500.0
500.0
297.0
500.0
109.0
500.0
500.0
500.0
500.0
220.0
174.0
397.0
500.0
462.0
500.0
500.0
500.0
500.0
500.0
500.0
500.0
138.0
500.0
500.0
500.0
500.0
500.0
500.0
500.0
485.0
447.0
500.0
411.0
500.0
500.0
500.0
500.0
500.0
431.0
188.0
500.0
500.0
500.0
500.0
500.0
409.0
500.0
141.0
166.0
500.0
375.0
500.0
392.0
500.0
473.0
500.0
500.0
358.0
500.0
431.0
500.0
392.0
427.0
500.0
466.0
236.0
487.0
500.0
500.0
500.0
411.0
500.0
500.0
500.0
500.0
500.0
500.0
446.0
485.0
441.0
500.0
500.0
500.0
500.0
315.0
343.0
409.0
500.0
500.0
132.0
193.0
500.0
500.0
500.0
447.0
222.0
500.0
500.0
219.0
348.0
500.0
285.0
500.0
468.0
500.0
500.0
223.0
500.0
438.0
436.0
473.0
500.0
500.0
500.0
445.0
379.0
372.0
500.0
500.0
471.0
154.0
500.0
500.0
372.0
500.0
425.0
500.0
417.0
500.0
230.0
105.0
318.0
500.0
500.0
397.0
500.0
500.0
500.0
500.0
321.0
268.0
165.0
94.0
500.0
500.0
500.0
500.0
500.0
500.0
500.0
500.0
500.0
379.0
500.0
328.0
500.0
500.0
500.0
500.0
401.0
500.0
500.0
232.0
500.0
500.0
413.0
500.0
500.0
500.0
500.0
234.0
477.0
500.0
420.0
441.0
500.0
233.0
500.0
419.0
495.0
487.0
314.0
500.0
500.0
500.0
436.0
500.0
500.0
500.0
500.0
500.0
500.0
500.0
500.0
400.0
500.0
500.0
500.0
500.0
500.0
500.0
500.0
500.0
500.0
247.0
500.0
500.0
500.0
136.0
329.0
500.0
426.0
500.0
500.0
401.0
500.0
274.0
481.0
500.0
500.0
264.0
485.0
222.0
238.0
500.0
500.0
235.0
260.0
500.0
500.0
500.0
474.0
500.0
500.0
370.0
500.0
500.0
349.0
500.0
500.0
345.0
500.0
500.0
236.0
248.0
500.0
414.0
500.0
461.0
500.0
500.0
500.0
500.0
422.0
500.0
500.0
500.0
500.0
227.0
339.0
500.0
500.0
500.0
182.0
107.0
500.0
500.0
500.0
500.0
500.0
500.0
500.0
500.0
500.0
387.0
500.0
447.0
494.0
400.0
371.0
408.0
500.0
419.0
254.0
500.0
500.0
242.0
414.0
500.0
500.0
128.0
500.0
324.0
500.0
457.0
500.0
500.0
129.0
500.0
500.0
500.0
500.0
500.0
500.0
268.0
500.0
500.0
466.0
342.0
500.0
500.0
500.0
500.0
500.0
500.0
500.0
500.0
500.0
500.0
243.0
273.0
500.0
423.0
500.0
500.0
385.0
500.0
500.0
451.0
500.0
500.0
500.0
500.0
500.0
500.0
500.0
500.0
500.0
500.0
500.0
500.0
500.0
500.0
500.0
229.0
500.0
421.0
372.0
500.0
500.0
374.0
500.0
383.0
346.0
146.0
500.0
500.0
178.0
500.0
500.0
500.0
500.0
500.0
500.0
189.0
500.0
500.0
500.0
500.0
500.0
498.0
500.0
500.0
325.0
500.0
426.0
500.0
500.0
500.0
500.0
380.0
500.0
500.0
218.0
500.0
473.0
314.0
500.0
500.0
500.0
500.0
500.0
500.0
500.0
500.0
280.0
500.0
500.0
500.0
500.0
500.0
333.0
359.0
500.0
500.0
500.0
353.0
500.0
396.0
500.0
500.0
322.0
500.0
500.0
500.0
388.0
451.0
500.0
500.0
500.0
500.0
500.0
500.0
500.0
500.0
302.0
500.0
500.0
500.0
292.0
500.0
500.0
248.0
500.0
332.0
500.0
194.0
500.0
500.0
186.0
500.0
500.0
500.0
500.0
350.0
416.0
332.0
500.0
247.0
500.0
88.0
500.0
326.0
215.0
500.0
112.0
500.0
404.0
320.0
500.0
500.0
415.0
500.0
500.0
356.0
150.0
500.0
254.0
500.0
500.0
454.0
299.0
500.0
500.0
126.0
500.0
500.0
419.0
446.0
500.0
500.0
443.0
500.0
500.0
500.0
426.0
214.0
500.0
500.0
500.0
410.0
500.0
500.0
289.0
211.0
112.0
452.0
471.0
500.0
500.0
500.0
500.0
432.0
112.0
500.0
500.0
440.0
483.0
500.0
436.0
483.0
500.0
500.0
439.0
500.0
484.0
500.0
500.0
500.0
432.0
500.0
135.0
298.0
162.0
292.0
121.0
252.0
439.0
500.0
426.0
500.0
500.0
309.0
411.0
500.0
500.0
500.0
500.0
354.0
500.0
500.0
388.0
256.0
500.0
500.0
448.0
500.0
500.0
454.0
500.0
201.0
500.0
500.0
226.0
500.0
483.0
500.0
500.0
470.0
500.0
434.0
496.0
439.0
500.0
500.0
500.0
500.0
500.0
500.0
500.0
500.0
500.0
500.0
500.0
500.0
139.0
500.0
500.0
500.0
500.0
500.0
500.0
135.0
500.0
500.0
307.0
296.0
500.0
462.0
427.0
500.0
500.0
500.0
500.0
500.0
500.0
500.0
284.0
340.0
161.0
417.0
257.0
177.0
500.0
500.0
500.0
500.0
500.0
377.0
500.0
500.0
500.0
381.0
345.0
500.0
500.0
500.0
500.0
500.0
500.0
424.0
500.0
500.0
286.0
500.0
500.0
453.0
500.0
374.0
500.0
214.0
263.0
419.0
295.0
500.0
500.0
500.0
317.0
479.0
500.0
500.0
479.0
410.0
284.0
500.0
500.0
500.0
468.0
215.0
347.0
468.0
500.0
500.0
275.0
500.0
500.0
500.0
500.0
232.0
500.0
272.0
288.0
500.0
500.0
428.0
500.0
306.0
378.0
500.0
368.0
500.0
500.0
42.0
500.0
444.0
223.0
500.0
500.0
500.0
154.0
500.0
500.0
228.0
238.0
380.0
500.0
162.0
500.0
500.0
500.0
500.0
500.0
500.0
187.0
500.0
500.0
222.0
431.0
500.0
500.0
500.0
500.0
393.0
500.0
200.0
500.0
500.0
176.0
234.0
364.0
161.0
500.0
500.0
500.0
500.0
492.0
500.0
500.0
86.0
500.0
500.0
500.0
306.0
472.0
424.0
500.0
500.0
500.0
199.0
500.0
301.0
500.0
500.0
500.0
329.0
500.0
444.0
500.0
500.0
500.0
321.0
500.0
500.0
500.0
500.0
500.0
500.0
500.0
500.0
460.0
500.0
500.0
500.0
440.0
500.0
500.0
456.0
500.0
500.0
490.0
500.0
500.0
403.0
500.0
500.0
500.0
500.0
500.0
500.0
500.0
215.0
500.0
500.0
500.0
500.0
500.0
500.0
500.0
464.0
500.0
500.0
500.0
500.0
500.0
500.0
500.0
500.0
500.0
500.0
500.0
500.0
344.0
500.0
500.0
500.0
500.0
500.0
500.0
500.0
500.0
500.0
500.0
500.0
500.0
500.0
500.0
500.0
500.0
500.0
384.0
500.0
500.0
500.0
500.0
500.0
500.0
500.0
435.0
500.0
409.0
461.0
500.0
500.0
316.0
500.0
468.0
500.0
184.0
500.0
500.0
500.0
500.0
500.0
500.0
500.0
500.0
500.0
500.0
500.0
500.0
500.0
457.0
500.0
500.0
500.0
375.0
500.0
500.0
500.0
500.0
355.0
500.0
500.0
500.0
500.0
500.0
500.0
445.0
500.0
315.0
500.0
500.0
500.0
433.0
500.0
500.0
500.0
500.0
500.0
500.0
500.0
500.0
500.0
500.0
500.0
500.0
500.0
500.0
500.0
500.0
500.0
500.0
500.0
500.0
500.0
500.0
500.0
500.0
500.0
500.0
500.0
500.0
500.0
500.0
500.0
499.0
500.0
500.0
500.0
472.0
500.0
500.0
500.0
477.0
500.0
500.0
500.0
383.0
500.0
500.0
500.0
500.0
500.0
500.0
500.0
500.0
500.0
500.0
500.0
500.0
500.0
500.0
500.0
500.0
500.0
500.0
500.0
500.0
500.0
425.0
500.0
500.0
500.0
500.0
500.0
500.0
500.0
500.0
500.0
500.0
500.0
500.0
500.0
500.0
500.0
500.0
500.0
500.0
500.0
500.0
500.0
500.0
500.0
500.0
500.0
500.0
500.0
500.0
500.0
500.0
500.0
500.0
500.0
500.0
500.0
500.0
500.0
500.0
500.0
500.0
500.0
500.0
500.0
500.0
500.0
500.0
500.0
378.0
500.0
500.0
500.0
500.0
500.0
500.0
500.0
500.0
500.0
500.0
399.0
500.0
500.0
500.0
500.0
500.0
500.0
500.0
500.0
500.0
500.0
500.0
500.0
500.0
500.0
500.0
500.0
500.0
500.0
500.0
500.0
500.0
500.0
500.0
500.0
500.0
500.0
500.0
500.0
361.0
500.0
500.0
430.0
500.0
433.0
500.0
500.0
500.0
500.0
500.0
500.0
500.0
500.0
500.0
500.0
500.0
500.0
500.0
500.0
500.0
286.0
500.0
500.0
500.0
500.0
500.0
500.0
500.0
500.0
500.0
500.0
500.0
500.0
500.0
500.0
500.0
500.0
500.0
500.0
500.0
500.0
500.0
500.0
500.0
500.0
500.0
500.0
500.0
418.0
333.0
500.0
500.0
500.0
500.0
500.0
500.0
500.0
500.0
500.0
500.0
500.0
500.0
500.0
500.0
500.0
500.0
500.0
500.0
500.0
500.0
500.0
500.0
500.0
500.0
500.0
500.0
500.0
500.0
500.0
500.0
500.0
500.0
500.0
500.0
500.0
500.0
500.0
500.0
500.0
500.0
500.0
500.0
500.0
500.0
500.0
500.0
500.0
500.0
500.0
500.0
500.0
500.0
500.0
500.0
500.0
500.0
500.0
500.0
500.0
500.0
500.0
500.0
500.0
500.0
500.0
500.0
500.0
500.0
500.0
500.0
500.0
500.0
500.0
500.0
500.0
500.0
500.0
500.0
500.0
500.0
500.0
500.0
500.0
500.0
500.0
500.0
500.0
500.0
500.0
500.0
500.0
500.0
500.0
500.0
500.0
500.0
500.0
500.0
415.0
500.0
500.0
500.0
500.0
500.0
500.0
500.0
500.0
500.0
500.0
500.0
500.0
500.0
500.0
500.0
500.0
500.0
500.0
500.0
500.0
500.0
500.0
500.0
500.0
451.0
500.0
500.0
500.0
500.0
500.0
69.0
500.0
500.0
500.0
500.0
500.0
500.0
445.0
500.0
500.0
500.0
500.0
500.0
500.0
500.0
500.0
500.0
500.0
500.0
500.0
500.0
500.0
500.0
500.0
500.0
500.0
500.0
500.0
500.0
500.0
500.0
500.0
500.0
500.0
500.0
500.0
500.0
500.0
500.0
500.0
500.0
500.0
500.0
500.0
500.0
500.0
500.0
500.0
500.0
500.0
500.0
500.0
500.0
500.0
500.0
500.0
500.0
500.0
500.0
500.0
500.0
500.0
500.0
500.0
500.0
500.0
500.0
500.0
500.0
500.0
500.0
500.0
500.0
500.0
500.0
500.0
500.0
500.0
500.0
500.0
500.0
500.0
500.0
396.0
500.0
500.0
365.0
500.0
500.0
500.0
500.0
250.0
500.0
500.0
500.0
500.0
500.0
500.0
500.0
500.0
500.0
391.0
500.0
208.0
500.0
500.0
500.0
88.0
500.0
500.0
500.0
500.0
500.0
500.0
500.0
500.0
500.0
500.0
500.0
500.0
500.0
500.0
500.0
500.0
500.0
500.0
500.0
500.0
500.0
500.0
378.0
500.0
500.0
500.0
500.0
500.0
500.0
500.0
229.0
500.0
500.0
500.0
500.0
500.0
500.0
500.0
500.0
500.0
500.0
500.0
500.0
500.0
500.0
500.0
500.0
226.0
500.0
500.0
500.0
500.0
500.0
500.0
500.0
500.0
500.0
500.0
154.0
500.0
500.0
500.0
500.0
500.0
81.0
500.0
500.0
500.0
205.0
500.0
500.0
500.0
500.0
443.0
500.0
500.0
500.0
500.0
500.0
500.0
500.0
500.0
500.0
239.0
500.0
105.0
500.0
500.0
500.0
500.0
500.0
261.0
500.0
500.0
500.0
500.0
500.0
500.0
500.0
500.0
500.0
500.0
500.0
500.0
500.0
500.0
500.0
500.0
500.0
500.0
500.0
500.0
500.0
500.0
500.0
500.0
500.0
500.0
500.0
500.0
500.0
500.0
500.0
500.0
500.0
500.0
500.0
500.0
500.0
500.0
500.0
500.0
500.0
500.0
500.0
500.0
500.0
500.0
500.0
500.0
500.0
500.0
500.0
500.0
500.0
500.0
500.0
500.0
500.0
500.0
500.0
500.0
500.0
500.0
500.0
500.0
500.0
500.0
500.0
500.0
500.0
500.0
500.0
500.0
500.0
500.0
500.0
500.0
500.0
500.0
500.0
500.0
500.0
500.0
490.0
500.0
500.0
500.0
500.0
500.0
500.0
500.0
500.0
500.0
500.0
500.0
500.0
500.0
500.0
500.0
500.0
500.0
500.0
500.0
500.0
500.0
500.0
500.0
500.0
500.0
500.0
500.0
500.0
500.0
500.0
500.0
500.0
500.0
500.0
500.0
500.0
500.0
500.0
500.0
500.0
500.0
500.0
500.0
500.0
500.0
500.0
500.0
500.0
500.0
500.0
500.0
500.0
500.0
500.0
500.0
500.0
500.0
500.0
500.0
500.0
500.0
500.0
500.0
500.0
500.0
500.0
500.0
500.0
500.0
500.0
500.0
500.0
500.0
500.0
500.0
500.0
500.0
500.0
500.0
500.0
500.0
500.0
500.0
500.0
500.0
500.0
500.0
500.0
500.0
500.0
500.0
500.0
500.0
500.0
500.0
500.0
500.0
500.0
500.0
500.0
500.0
500.0
500.0
500.0
500.0
500.0
500.0
500.0
500.0
500.0
500.0
500.0
500.0
500.0
500.0
500.0
500.0
500.0
500.0
500.0
500.0
500.0
500.0
500.0
500.0
500.0
500.0
500.0
500.0
500.0
500.0
500.0
500.0
500.0
500.0
500.0
500.0
500.0
500.0
500.0
500.0
500.0
500.0
500.0
500.0
500.0
500.0
500.0
500.0
500.0
500.0
500.0
500.0
500.0
500.0
500.0
500.0
500.0
500.0
500.0
500.0
500.0
500.0
500.0
500.0
500.0
500.0
500.0
500.0
500.0
500.0
500.0
500.0
500.0
500.0
500.0
500.0
500.0
500.0
500.0
500.0
500.0
500.0
500.0
500.0
500.0
500.0
500.0
500.0
500.0
500.0
500.0
500.0
500.0
500.0
500.0
500.0
500.0
500.0
457.0
500.0
500.0
500.0
481.0
500.0
500.0
381.0
500.0
500.0
500.0
500.0
500.0
500.0
500.0
500.0
500.0
500.0
500.0
500.0
500.0
500.0
500.0
500.0
500.0
500.0
500.0
500.0
500.0
500.0
500.0
500.0
500.0
500.0
500.0
500.0
500.0
500.0
500.0
500.0
500.0
500.0
500.0
500.0
500.0
500.0
500.0
500.0
500.0
500.0
500.0
500.0
500.0
500.0
500.0
500.0
500.0
500.0
500.0
500.0
500.0
500.0
500.0
500.0
500.0
500.0
500.0
500.0
500.0
500.0
489.0
500.0
500.0
500.0
500.0
500.0
500.0
500.0
500.0
500.0
500.0
500.0
500.0
465.0
500.0
500.0
500.0
500.0
500.0
500.0
500.0
500.0
500.0
500.0
500.0
500.0
500.0
500.0
500.0
500.0
354.0
500.0
500.0
500.0
500.0
500.0
500.0
500.0
500.0
500.0
481.0
500.0
500.0
500.0
500.0
500.0
304.0
500.0
500.0
500.0
500.0
500.0
500.0
500.0
500.0
500.0
500.0
500.0
500.0
500.0
500.0
500.0
500.0
500.0
500.0
500.0
500.0
500.0
500.0
500.0
500.0
500.0
500.0
500.0
500.0
500.0
500.0
500.0
500.0
500.0
500.0
500.0
500.0
500.0
500.0
500.0
500.0
500.0
500.0
500.0
500.0
500.0
500.0
500.0
500.0
500.0
500.0
500.0
500.0
500.0
500.0
500.0
500.0
500.0
500.0
500.0
500.0
500.0
500.0
500.0
500.0
500.0
500.0
500.0
500.0
500.0
500.0
500.0
500.0
500.0
500.0
500.0
500.0
243.0
500.0
500.0
500.0
500.0
500.0
500.0
500.0
500.0
500.0
500.0
500.0
396.0
360.0
500.0
500.0
500.0
500.0
500.0
500.0
500.0
500.0
500.0
500.0
449.0
500.0
386.0
500.0
500.0
500.0
500.0
500.0
500.0
500.0
500.0
500.0
500.0
500.0
500.0
500.0
500.0
500.0
500.0
500.0
500.0
500.0
500.0
500.0
500.0
500.0
500.0
500.0
500.0
500.0
500.0
500.0
500.0
500.0
437.0
500.0
500.0
500.0
500.0
500.0
500.0
411.0
500.0
500.0
443.0
500.0
500.0
500.0
500.0
500.0
500.0
500.0
500.0
500.0
500.0
500.0
500.0
500.0
500.0
500.0
500.0
500.0
500.0
500.0
500.0
500.0
500.0
500.0
500.0
500.0
500.0
500.0
500.0
500.0
500.0
500.0
500.0
500.0
500.0
500.0
500.0
500.0
500.0
500.0
500.0
500.0
500.0
500.0
500.0
500.0
500.0
500.0
500.0
500.0
500.0
500.0
500.0
500.0
500.0
500.0
500.0
500.0
500.0
500.0
500.0
500.0
461.0
500.0
500.0
500.0
500.0
500.0
500.0
500.0
500.0
500.0
500.0
500.0
500.0
500.0
500.0
500.0
500.0
500.0
500.0
500.0
500.0
500.0
500.0
500.0
500.0
500.0
500.0
500.0
500.0
500.0
500.0
500.0
500.0
500.0
500.0
500.0
486.0
500.0
500.0
500.0
500.0
500.0
500.0
500.0
500.0
500.0
500.0
500.0
500.0
450.0
500.0
500.0
500.0
500.0
500.0
500.0
500.0
500.0
500.0
500.0
500.0
485.0
500.0
500.0
500.0
500.0
500.0
470.0
500.0
500.0
500.0
500.0
283.0
500.0
500.0
500.0
500.0
500.0
500.0
500.0
500.0
500.0
500.0
500.0
500.0
500.0
500.0
500.0
500.0
500.0
500.0
500.0
500.0
500.0
500.0
500.0
500.0
500.0
500.0
500.0
500.0
500.0
500.0
500.0
500.0
500.0
500.0
500.0
500.0
500.0
500.0
500.0
500.0
500.0
500.0
500.0
500.0
500.0
500.0
500.0
500.0
500.0
500.0
500.0
500.0
339.0
500.0
500.0
500.0
500.0
500.0
500.0
500.0
500.0
500.0
500.0
500.0
500.0
500.0
500.0
442.0
500.0
500.0
500.0
500.0
500.0
500.0
500.0
500.0
500.0
500.0
500.0
500.0
500.0
500.0
500.0
500.0
500.0
500.0
500.0
500.0
500.0
500.0
500.0
500.0
500.0
500.0
500.0
500.0
500.0
500.0
500.0
500.0
500.0
500.0
500.0
500.0
500.0
500.0
500.0
500.0
500.0
375.0
500.0
500.0
500.0
500.0
500.0
500.0
500.0
439.0
500.0
500.0
500.0
500.0
500.0
500.0
500.0
500.0
500.0
500.0
500.0
500.0
500.0
500.0
500.0
500.0
500.0
500.0
500.0
500.0
500.0
500.0
500.0
500.0
500.0
500.0
500.0
500.0
500.0
500.0
500.0
500.0
500.0
500.0
500.0
500.0
500.0
500.0
500.0
500.0
500.0
500.0
500.0
500.0
500.0
500.0
500.0
500.0
500.0
500.0
500.0
500.0
500.0
500.0
500.0
500.0
500.0
321.0
500.0
500.0
500.0
500.0
500.0
500.0
500.0
500.0
500.0
500.0
500.0
500.0
500.0
500.0
500.0
500.0
500.0
500.0
500.0
500.0
500.0
500.0
500.0
500.0
500.0
500.0
500.0
500.0
500.0
500.0
500.0
500.0
500.0
500.0
500.0
500.0
500.0
500.0
500.0
500.0
500.0
500.0
500.0
500.0
500.0
500.0
464.0
500.0
500.0
500.0
500.0
500.0
500.0
500.0
500.0
500.0
500.0
500.0
500.0
500.0
500.0
500.0
500.0
500.0
500.0
500.0
500.0
500.0
500.0
500.0
500.0
500.0
500.0
500.0
500.0
465.0
500.0
500.0
500.0
500.0
500.0
500.0
500.0
500.0
500.0
500.0
500.0
500.0
500.0
500.0
500.0
500.0
500.0
500.0
500.0
500.0
500.0
500.0
500.0
500.0
500.0
500.0
500.0
500.0
500.0
500.0
500.0
500.0
500.0
500.0
500.0
500.0
500.0
500.0
500.0
500.0
500.0
500.0
500.0
500.0
500.0
500.0
500.0
500.0
500.0
500.0
500.0
500.0
500.0
500.0
500.0
500.0
209.0
500.0
500.0
500.0
500.0
500.0
500.0
500.0
500.0
490.0
500.0
500.0
500.0
500.0
500.0
500.0
500.0
500.0
500.0
500.0
500.0
500.0
500.0
500.0
500.0
500.0
500.0
500.0
500.0
500.0
500.0
500.0
500.0
500.0
500.0
500.0
500.0
500.0
500.0
500.0
500.0
500.0
500.0
500.0
500.0
500.0
500.0
500.0
500.0
500.0
500.0
500.0
500.0
500.0
500.0
500.0
500.0
500.0
500.0
500.0
500.0
500.0
500.0
500.0
500.0
500.0
500.0
500.0
500.0
500.0
500.0
41.0
500.0
500.0
500.0
500.0
500.0
500.0
500.0
500.0
500.0
500.0
500.0
500.0
500.0
500.0
500.0
500.0
500.0
500.0
500.0
500.0
500.0
500.0
335.0
500.0
500.0
500.0
500.0
500.0
500.0
500.0
500.0
500.0
500.0
500.0
500.0
500.0
500.0
500.0
500.0
500.0
500.0
500.0
500.0
500.0
500.0
500.0
500.0
500.0
500.0
500.0
500.0
500.0
500.0
500.0
500.0
500.0
500.0
500.0
500.0
500.0
500.0
500.0
500.0
500.0
500.0
500.0
500.0
500.0
500.0
500.0
500.0
500.0
500.0
500.0
500.0
500.0
500.0
500.0
500.0
500.0
500.0
500.0
500.0
500.0
500.0
500.0
500.0
500.0
500.0
500.0
500.0
500.0
500.0
500.0
500.0
500.0
500.0
500.0
500.0
500.0
500.0
500.0
500.0
458.0
500.0
500.0
500.0
500.0
500.0
500.0
500.0
500.0
500.0
500.0
500.0
500.0
500.0
500.0
500.0
500.0
500.0
500.0
500.0
500.0
500.0
500.0
500.0
500.0
500.0
500.0
500.0
500.0
500.0
500.0
500.0
500.0
500.0
500.0
500.0
500.0
500.0
500.0
500.0
500.0
500.0
500.0
500.0
500.0
500.0
425.0
500.0
500.0
500.0
500.0
500.0
500.0
500.0
500.0
500.0
500.0
500.0
500.0
500.0
500.0
500.0
500.0
500.0
500.0
500.0
500.0
500.0
500.0
500.0
500.0
500.0
500.0
500.0
500.0
500.0
500.0
500.0
500.0
500.0
500.0
500.0
500.0
500.0
500.0
500.0
500.0
500.0
500.0
500.0
500.0
500.0
500.0
500.0
500.0
500.0
500.0
500.0
500.0
500.0
500.0
500.0
500.0
500.0
500.0
500.0
500.0
500.0
500.0
500.0
500.0
500.0
500.0
500.0
500.0
500.0
500.0
500.0
500.0
500.0
500.0
500.0
500.0
500.0
500.0
500.0
500.0
500.0
500.0
500.0
500.0
500.0
500.0
500.0
500.0
500.0
500.0
500.0
500.0
500.0
500.0
310.0
500.0
500.0
500.0
500.0
500.0
500.0
500.0
500.0
500.0
500.0
500.0
500.0
500.0
500.0
500.0
500.0
500.0
500.0
500.0
500.0
147.0
500.0
500.0
500.0
500.0
500.0
500.0
500.0
500.0
500.0
500.0
500.0
500.0
500.0
500.0
500.0
500.0
500.0
500.0
500.0
500.0
500.0
500.0
500.0
500.0
500.0
500.0
500.0
500.0
500.0
500.0
500.0
500.0
500.0
500.0
500.0
500.0
500.0
500.0
500.0
500.0
500.0
500.0
500.0
500.0
500.0
500.0
500.0
500.0
500.0
500.0
500.0
500.0
500.0
500.0
500.0
500.0
500.0
500.0
500.0
500.0
500.0
500.0
500.0
500.0
500.0
500.0
500.0
500.0
500.0
500.0
500.0
500.0
500.0
500.0
500.0
500.0
500.0
500.0
500.0
500.0
500.0
500.0
500.0
500.0
500.0
500.0
500.0
500.0
500.0
500.0
500.0
500.0
500.0
500.0
500.0
500.0
500.0
500.0
500.0
500.0
500.0
500.0
500.0
500.0
500.0
500.0
500.0
500.0
500.0
500.0
500.0
500.0
500.0
500.0
500.0
500.0
500.0
500.0
500.0
500.0
500.0
500.0
500.0
500.0
500.0
500.0
500.0
500.0
500.0
500.0
500.0
500.0
500.0
500.0
500.0
500.0
500.0
500.0
500.0
500.0
500.0
500.0
500.0
500.0
500.0
500.0
500.0
500.0
500.0
500.0
500.0
500.0
500.0
500.0
500.0
500.0
500.0
500.0
500.0
500.0
500.0
500.0
500.0
500.0
500.0
500.0
500.0
500.0
500.0
500.0
500.0
500.0
500.0
500.0
500.0
361.0
500.0
500.0
500.0
500.0
500.0
500.0
500.0
500.0
500.0
500.0
500.0
500.0
500.0
500.0
500.0
500.0
500.0
500.0
500.0
500.0
500.0
500.0
500.0
500.0
500.0
500.0
500.0
500.0
500.0
500.0
500.0
500.0
500.0
500.0
500.0
500.0
500.0
500.0
500.0
500.0
500.0
500.0
500.0
500.0
500.0
500.0
500.0
500.0
500.0
500.0
500.0
500.0
500.0
500.0
500.0
500.0
500.0
500.0
500.0
500.0
500.0
500.0
500.0
500.0
500.0
500.0
500.0
500.0
500.0
500.0
500.0
500.0
500.0
500.0
500.0
500.0
500.0
500.0
500.0
500.0
500.0
500.0
500.0
500.0
500.0
500.0
500.0
500.0
500.0
500.0
500.0
500.0
500.0
500.0
500.0
500.0
500.0
500.0
500.0
500.0
500.0
500.0
500.0
500.0
500.0
500.0
500.0
500.0
500.0
500.0
500.0
500.0
500.0
500.0
500.0
500.0
500.0
500.0
500.0
500.0
500.0
500.0
500.0
500.0
500.0
500.0
500.0
500.0
500.0
500.0
500.0
500.0
500.0
500.0
500.0
500.0
500.0
500.0
500.0
500.0
500.0
500.0
500.0
500.0
500.0
500.0
500.0
500.0
500.0
500.0
500.0
500.0
500.0
500.0
500.0
500.0
500.0
500.0
500.0
500.0
500.0
500.0
500.0
500.0
500.0
500.0
500.0
500.0
500.0
500.0
500.0
500.0
500.0
500.0
500.0
500.0
500.0
500.0
500.0
500.0
500.0
500.0
500.0
500.0
500.0
500.0
500.0
500.0
423.0
500.0
500.0
500.0
500.0
500.0
500.0
500.0
500.0
500.0
500.0
500.0
500.0
500.0
500.0
500.0
500.0
500.0
500.0
500.0
500.0
500.0
500.0
500.0
500.0
500.0
500.0
500.0
500.0
500.0
500.0
500.0
500.0
500.0
500.0
500.0
500.0
500.0
500.0
500.0
500.0
500.0
500.0
500.0
500.0
500.0
500.0
500.0
500.0
500.0
500.0
500.0
500.0
500.0
500.0
500.0
500.0
500.0
500.0
500.0
500.0
500.0
500.0
500.0
500.0
500.0
500.0
500.0
500.0
500.0
500.0
500.0
500.0
500.0
500.0
500.0
500.0
500.0
500.0
500.0
500.0
500.0
500.0
500.0
500.0
500.0
500.0
500.0
500.0
500.0
500.0
500.0
500.0
500.0
500.0
500.0
500.0
500.0
500.0
500.0
500.0
500.0
500.0
500.0
500.0
500.0
500.0
500.0
500.0
500.0
500.0
500.0
500.0
500.0
500.0
500.0
500.0
500.0
500.0
500.0
500.0
500.0
500.0
500.0
500.0
500.0
500.0
500.0
500.0
500.0
500.0
500.0
500.0
500.0
500.0
500.0
500.0
500.0
500.0
500.0
500.0
500.0
500.0
500.0
500.0
500.0
500.0
500.0
500.0
500.0
500.0
500.0
500.0
500.0
500.0
500.0
500.0
500.0
500.0
500.0
500.0
500.0
500.0
500.0
500.0
500.0
500.0
500.0
500.0
500.0
500.0
500.0
500.0
500.0
500.0
500.0
500.0
500.0
500.0
500.0
500.0
497.0
500.0
500.0
500.0
500.0
500.0
500.0
500.0
500.0
500.0
500.0
500.0
500.0
500.0
500.0
500.0
500.0
500.0
500.0
500.0
500.0
500.0
500.0
500.0
500.0
500.0
500.0
500.0
500.0
500.0
500.0
500.0
500.0
500.0
500.0
500.0
500.0
500.0
500.0
500.0
500.0
500.0
500.0
500.0
500.0
500.0
500.0
500.0
500.0
500.0
500.0
500.0
500.0
500.0
500.0
500.0
500.0
500.0
500.0
500.0
500.0
500.0
500.0
500.0
500.0
500.0
500.0
500.0
500.0
500.0
500.0
500.0
500.0
500.0
500.0
500.0
500.0
500.0
500.0
500.0
500.0
500.0
500.0
500.0
500.0
500.0
500.0
500.0
500.0
500.0
500.0
500.0
500.0
500.0
500.0
500.0
500.0
500.0
500.0
500.0
500.0
500.0
500.0
500.0
500.0
500.0
500.0
500.0
500.0
500.0
500.0
500.0
500.0
500.0
500.0
500.0
500.0
500.0
500.0
500.0
500.0
500.0
500.0
500.0
500.0
500.0
500.0
500.0
500.0
500.0
500.0
500.0
500.0
500.0
500.0
500.0
500.0
500.0
321.0
500.0
500.0
500.0
500.0
500.0
500.0
500.0
500.0
500.0
500.0
204.0
500.0
500.0
500.0
408.0
500.0
500.0
500.0
500.0
500.0
500.0
500.0
500.0
500.0
500.0
500.0
500.0
500.0
500.0
500.0
500.0
500.0
500.0
500.0
500.0
500.0
500.0
500.0
500.0
500.0
500.0
500.0
500.0
500.0
500.0
500.0
500.0
500.0
500.0
500.0
500.0
500.0
500.0
500.0
500.0
500.0
500.0
500.0
500.0
500.0
500.0
500.0
500.0
500.0
500.0
500.0
500.0
500.0
500.0
500.0
500.0
500.0
500.0
500.0
500.0
500.0
500.0
500.0
500.0
500.0
500.0
500.0
500.0
500.0
500.0
500.0
500.0
500.0
500.0
500.0
500.0
500.0
500.0
500.0
500.0
500.0
500.0
500.0
500.0
500.0
500.0
500.0
500.0
500.0
500.0
500.0
500.0
500.0
500.0
500.0
500.0
500.0
500.0
500.0
500.0
500.0
500.0
500.0
500.0
500.0
500.0
500.0
500.0
500.0
500.0
500.0
500.0
500.0
500.0
500.0
500.0
500.0
500.0
500.0
500.0
500.0
500.0
500.0
500.0
500.0
500.0
500.0
500.0
500.0
500.0
500.0
500.0
500.0
500.0
500.0
500.0
500.0
500.0
500.0
500.0
500.0
500.0
500.0
500.0
500.0
500.0
500.0
500.0
500.0
500.0
500.0
500.0
500.0
500.0
500.0
500.0
500.0
500.0
500.0
500.0
500.0
500.0
500.0
500.0
500.0
500.0
500.0
500.0
500.0
500.0
500.0
500.0
500.0
500.0
500.0
500.0
500.0
500.0
500.0
500.0
500.0
500.0
500.0
500.0
500.0
500.0
500.0
500.0
500.0
500.0
500.0
500.0
500.0
500.0
500.0
500.0
500.0
500.0
500.0
500.0
500.0
500.0
500.0
500.0
500.0
500.0
500.0
500.0
500.0
500.0
500.0
500.0
500.0
500.0
500.0
500.0
500.0
500.0
500.0
500.0
500.0
500.0
500.0
487.0
500.0
500.0
500.0
500.0
500.0
500.0
500.0
500.0
500.0
500.0
500.0
500.0
500.0
500.0
500.0
500.0
500.0
500.0
500.0
500.0
500.0
500.0
500.0
500.0
500.0
500.0
500.0
500.0
500.0
500.0
500.0
500.0
500.0
500.0
500.0
500.0
500.0
384.0
500.0
500.0
500.0
500.0
500.0
500.0
500.0
500.0
500.0
500.0
500.0
500.0
500.0
500.0
500.0
500.0
500.0
500.0
500.0
500.0
500.0
500.0
500.0
500.0
500.0
500.0
500.0
500.0
500.0
500.0
500.0
500.0
500.0
500.0
500.0
500.0
500.0
500.0
500.0
500.0
500.0
500.0
500.0
500.0
500.0
500.0
500.0
500.0
500.0
500.0
500.0
500.0
500.0
500.0
500.0
500.0
500.0
500.0
500.0
500.0
500.0
500.0
500.0
500.0
500.0
500.0
500.0
500.0
500.0
500.0
500.0
500.0
500.0
500.0
500.0
500.0
500.0
500.0
500.0
500.0
500.0
500.0
500.0
500.0
500.0
500.0
500.0
500.0
500.0
500.0
500.0
500.0
500.0
500.0
500.0
500.0
500.0
500.0
500.0
500.0
500.0
500.0
500.0
500.0
500.0
500.0
500.0
500.0
500.0
500.0
500.0
500.0
500.0
500.0
500.0
500.0
500.0
500.0
500.0
500.0
500.0
500.0
500.0
500.0
500.0
500.0
500.0
500.0
500.0
500.0
500.0
500.0
500.0
500.0
500.0
500.0
500.0
500.0
500.0
500.0
500.0
500.0
500.0
500.0
500.0
500.0
500.0
500.0
500.0
500.0
500.0
500.0
500.0
500.0
500.0
500.0
500.0
500.0
500.0
500.0
500.0
500.0
500.0
500.0
500.0
500.0
500.0
500.0
500.0
500.0
500.0
500.0
500.0
500.0
500.0
500.0
500.0
500.0
500.0
500.0
500.0
500.0
500.0
500.0
500.0
500.0
500.0
500.0
500.0
500.0
500.0
500.0
500.0
500.0
500.0
500.0
500.0
500.0
500.0
500.0
500.0
500.0
500.0
500.0
500.0
500.0
500.0
500.0
500.0
500.0
500.0
500.0
500.0
500.0
500.0
500.0
500.0
500.0
500.0
500.0
500.0
500.0
500.0
500.0
500.0
500.0
500.0
500.0
500.0
500.0
500.0
500.0
500.0
500.0
500.0
500.0
500.0
500.0
500.0
500.0
500.0
500.0
500.0
500.0
500.0
500.0
500.0
500.0
500.0
500.0
500.0
500.0
500.0
500.0
500.0
500.0
500.0
500.0
500.0
500.0
500.0
500.0
500.0
500.0
500.0
500.0
500.0
500.0
500.0
500.0
500.0
500.0
500.0
500.0
500.0
500.0
500.0
500.0
500.0
500.0
500.0
500.0
500.0
500.0
500.0
500.0
500.0
500.0
500.0
500.0
500.0
500.0
500.0
500.0
500.0
500.0
500.0
500.0
500.0
500.0
500.0
500.0
500.0
500.0
500.0
500.0
500.0
500.0
500.0
500.0
500.0
500.0
500.0
500.0
500.0
500.0
500.0
500.0
500.0
500.0
500.0
500.0
500.0
500.0
500.0
500.0
500.0
500.0
500.0
500.0
500.0
500.0
500.0
500.0
500.0
500.0
500.0
500.0
500.0
500.0
500.0
500.0
500.0
500.0
500.0
500.0
500.0
500.0
500.0
500.0
500.0
500.0
500.0
500.0
500.0
500.0
500.0
500.0
500.0
500.0
500.0
500.0
500.0
500.0
500.0
500.0
500.0
500.0
500.0
500.0
500.0
500.0
500.0
500.0
500.0
500.0
500.0
500.0
500.0
500.0
500.0
500.0
500.0
500.0
500.0
500.0
500.0
500.0
500.0
500.0
500.0
500.0
500.0
500.0
500.0
500.0
500.0
500.0
500.0
500.0
500.0
500.0
500.0
500.0
500.0
500.0
500.0
500.0
500.0
500.0
500.0
500.0
500.0
500.0
500.0
500.0
500.0
500.0
500.0
500.0
500.0
500.0
500.0
500.0
500.0
500.0
500.0
500.0
500.0
500.0
500.0
500.0
500.0
500.0
500.0
500.0
500.0
500.0
500.0
500.0
500.0
500.0
500.0
500.0
500.0
500.0
500.0
500.0
500.0
500.0
500.0
500.0
500.0
500.0
500.0
500.0
500.0
500.0
500.0
500.0
500.0
500.0
500.0
500.0
500.0
500.0