10.0
10.0
9.0
10.0
10.0
8.0
10.0
9.0
10.0
9.0
8.0
10.0
9.0
10.0
8.0
9.0
10.0
11.0
10.0
9.0
10.0
9.0
9.0
10.0
11.0
9.0
11.0
10.0
10.0
10.0
10.0
11.0
9.0
13.0
11.0
18.0
13.0
17.0
16.0
15.0
16.0
16.0
20.0
11.0
18.0
11.0
23.0
24.0
16.0
17.0
26.0
13.0
25.0
13.0
13.0
15.0
14.0
10.0
11.0
10.0
10.0
12.0
11.0
10.0
10.0
12.0
16.0
22.0
11.0
16.0
9.0
14.0
13.0
17.0
25.0
27.0
24.0
20.0
10.0
15.0
10.0
11.0
28.0
21.0
15.0
16.0
14.0
16.0
11.0
11.0
11.0
12.0
13.0
17.0
37.0
49.0
14.0
24.0
26.0
25.0
35.0
35.0
14.0
182.0
14.0
12.0
20.0
26.0
12.0
223.0
24.0
11.0
11.0
17.0
233.0
103.0
100.0
37.0
29.0
157.0
36.0
20.0
30.0
10.0
36.0
146.0
151.0
10.0
208.0
32.0
40.0
38.0
214.0
84.0
213.0
176.0
38.0
119.0
227.0
24.0
46.0
19.0
36.0
18.0
131.0
70.0
23.0
53.0
51.0
53.0
31.0
123.0
54.0
27.0
81.0
224.0
96.0
40.0
206.0
228.0
201.0
41.0
32.0
51.0
177.0
58.0
44.0
289.0
51.0
68.0
21.0
108.0
39.0
37.0
38.0
225.0
40.0
59.0
109.0
214.0
109.0
62.0
177.0
55.0
43.0
110.0
53.0
191.0
107.0
39.0
222.0
209.0
149.0
180.0
114.0
56.0
42.0
136.0
131.0
149.0
181.0
98.0
103.0
108.0
217.0
267.0
290.0
248.0
97.0
142.0
77.0
156.0
273.0
228.0
181.0
302.0
128.0
213.0
154.0
143.0
100.0
313.0
264.0
198.0
180.0
168.0
227.0
166.0
156.0
173.0
299.0
88.0
258.0
96.0
146.0
187.0
70.0
340.0
301.0
341.0
251.0
184.0
340.0
356.0
142.0
152.0
227.0
314.0
250.0
210.0
186.0
190.0
134.0
158.0
186.0
214.0
257.0
222.0
367.0
174.0
291.0
218.0
62.0
266.0
114.0
78.0
176.0
210.0
124.0
362.0
309.0
334.0
173.0
202.0
194.0
138.0
236.0
104.0
166.0
342.0
192.0
111.0
287.0
176.0
234.0
275.0
335.0
254.0
235.0
260.0
81.0
181.0
74.0
293.0
97.0
89.0
427.0
350.0
61.0
12.0
356.0
142.0
76.0
174.0
110.0
110.0
176.0
369.0
196.0
286.0
276.0
248.0
142.0
128.0
236.0
85.0
273.0
162.0
175.0
225.0
367.0
440.0
71.0
354.0
200.0
295.0
245.0
78.0
224.0
319.0
171.0
397.0
192.0
249.0
469.0
229.0
166.0
266.0
279.0
297.0
265.0
207.0
231.0
236.0
130.0
237.0
223.0
187.0
115.0
279.0
243.0
310.0
130.0
273.0
244.0
222.0
206.0
216.0
209.0
285.0
190.0
130.0
275.0
242.0
192.0
343.0
295.0
206.0
340.0
366.0
268.0
190.0
211.0
175.0
135.0
191.0
411.0
285.0
297.0
226.0
217.0
427.0
383.0
206.0
332.0
341.0
81.0
343.0
340.0
237.0
359.0
268.0
107.0
98.0
183.0
211.0
319.0
320.0
186.0
290.0
191.0
88.0
401.0
183.0
127.0
288.0
229.0
263.0
200.0
234.0
219.0
110.0
226.0
252.0
228.0
349.0
170.0
115.0
30.0
239.0
346.0
315.0
243.0
158.0
411.0
132.0
129.0
198.0
244.0
436.0
217.0
318.0
244.0
241.0
148.0
202.0
285.0
345.0
263.0
174.0
98.0
152.0
319.0
221.0
120.0
341.0
188.0
199.0
207.0
205.0
34.0
182.0
279.0
284.0
232.0
316.0
223.0
372.0
171.0
314.0
186.0
239.0
266.0
280.0
278.0
131.0
112.0
283.0
157.0
182.0
214.0
311.0
226.0
230.0
258.0
230.0
193.0
500.0
289.0
292.0
203.0
184.0
190.0
298.0
197.0
280.0
233.0
249.0
245.0
198.0
241.0
268.0
253.0
408.0
219.0
217.0
213.0
174.0
137.0
221.0
141.0
189.0
362.0
110.0
226.0
230.0
262.0
231.0
332.0
224.0
152.0
305.0
266.0
208.0
214.0
292.0
231.0
176.0
229.0
36.0
379.0
120.0
314.0
284.0
209.0
174.0
112.0
203.0
263.0
109.0
253.0
480.0
155.0
305.0
222.0
342.0
174.0
282.0
306.0
134.0
305.0
227.0
293.0
222.0
238.0
272.0
304.0
385.0
114.0
344.0
380.0
151.0
333.0
351.0
226.0
230.0
301.0
391.0
293.0
282.0
374.0
320.0
111.0
207.0
242.0
238.0
329.0
243.0
265.0
126.0
143.0
212.0
275.0
335.0
247.0
286.0
386.0
309.0
217.0
270.0
146.0
325.0
305.0
229.0
272.0
500.0
289.0
202.0
363.0
286.0
225.0
311.0
220.0
358.0
463.0
429.0
255.0
229.0
235.0
282.0
307.0
150.0
287.0
233.0
121.0
306.0
267.0
278.0
298.0
269.0
397.0
387.0
312.0
235.0
395.0
231.0
257.0
298.0
291.0
189.0
262.0
233.0
263.0
214.0
435.0
241.0
253.0
259.0
345.0
167.0
299.0
245.0
210.0
259.0
323.0
316.0
220.0
234.0
278.0
319.0
377.0
241.0
151.0
247.0
491.0
281.0
326.0
300.0
465.0
345.0
478.0
125.0
137.0
269.0
286.0
353.0
277.0
137.0
324.0
282.0
237.0
148.0
251.0
272.0
155.0
262.0
439.0
178.0
288.0
269.0
394.0
357.0
261.0
155.0
351.0
154.0
206.0
325.0
268.0
386.0
85.0
248.0
363.0
380.0
257.0
322.0
152.0
231.0
355.0
179.0
239.0
305.0
326.0
209.0
317.0
437.0
328.0
258.0
381.0
309.0
248.0
266.0
273.0
150.0
348.0
406.0
363.0
361.0
247.0
460.0
333.0
292.0
280.0
258.0
300.0
372.0
248.0
328.0
310.0
396.0
291.0
403.0
267.0
271.0
500.0
153.0
300.0
211.0
109.0
353.0
342.0
500.0
292.0
258.0
221.0
279.0
194.0
196.0
303.0
284.0
379.0
165.0
271.0
315.0
265.0
333.0
275.0
363.0
222.0
242.0
185.0
380.0
442.0
197.0
299.0
278.0
368.0
292.0
326.0
282.0
260.0
214.0
217.0
377.0
323.0
14.0
268.0
421.0
275.0
271.0
365.0
333.0
309.0
286.0
295.0
374.0
243.0
341.0
370.0
306.0
272.0
332.0
169.0
341.0
291.0
350.0
148.0
303.0
429.0
359.0
387.0
352.0
308.0
340.0
423.0
357.0
387.0
394.0
243.0
332.0
387.0
301.0
303.0
390.0
313.0
376.0
355.0
187.0
391.0
309.0
382.0
356.0
334.0
304.0
217.0
111.0
310.0
252.0
413.0
439.0
367.0
420.0
89.0
302.0
287.0
321.0
460.0
366.0
87.0
289.0
104.0
435.0
367.0
381.0
396.0
322.0
370.0
126.0
376.0
211.0
282.0
362.0
407.0
354.0
451.0
374.0
368.0
443.0
129.0
295.0
370.0
283.0
198.0
68.0
468.0
500.0
85.0
426.0
409.0
295.0
369.0
300.0
351.0
263.0
352.0
322.0
295.0
463.0
99.0
364.0
183.0
338.0
276.0
347.0
221.0
387.0
99.0
255.0
257.0
343.0
357.0
293.0
476.0
310.0
242.0
199.0
321.0
317.0
308.0
283.0
373.0
443.0
261.0
338.0
329.0
256.0
500.0
245.0
176.0
317.0
459.0
445.0
297.0
350.0
418.0
313.0
341.0
179.0
201.0
403.0
359.0
243.0
177.0
341.0
500.0
382.0
316.0
226.0
360.0
252.0
260.0
364.0
301.0
337.0
356.0
296.0
348.0
343.0
295.0
332.0
315.0
324.0
369.0
350.0
367.0
352.0
376.0
370.0
283.0
391.0
438.0
400.0
477.0
342.0
314.0
487.0
396.0
243.0
500.0
397.0
403.0
268.0
488.0
403.0
443.0
243.0
443.0
331.0
437.0
315.0
261.0
389.0
496.0
348.0
316.0
360.0
332.0
335.0
313.0
211.0
345.0
378.0
210.0
300.0
404.0
422.0
385.0
462.0
459.0
390.0
341.0
500.0
330.0
467.0
335.0
395.0
345.0
342.0
365.0
360.0
500.0
425.0
359.0
452.0
367.0
475.0
477.0
209.0
273.0
332.0
276.0
456.0
425.0
372.0
345.0
343.0
292.0
350.0
330.0
500.0
419.0
202.0
392.0
390.0
196.0
210.0
216.0
437.0
380.0
500.0
491.0
440.0
305.0
349.0
387.0
500.0
364.0
416.0
330.0
475.0
220.0
214.0
229.0
479.0
337.0
403.0
392.0
347.0
354.0
439.0
393.0
423.0
325.0
297.0
389.0
485.0
433.0
394.0
268.0
319.0
365.0
500.0
316.0
265.0
389.0
355.0
400.0
321.0
262.0
408.0
383.0
322.0
408.0
436.0
376.0
397.0
404.0
450.0
355.0
442.0
364.0
391.0
396.0
401.0
266.0
463.0
500.0
346.0
372.0
360.0
365.0
344.0
500.0
235.0
386.0
213.0
426.0
420.0
272.0
386.0
377.0
361.0
340.0
436.0
227.0
335.0
280.0
420.0
472.0
389.0
361.0
500.0
478.0
500.0
446.0
435.0
470.0
258.0
385.0
414.0
328.0
340.0
473.0
479.0
280.0
390.0
420.0
337.0
408.0
340.0
448.0
353.0
476.0
428.0
310.0
319.0
331.0
378.0
368.0
443.0
425.0
235.0
441.0
307.0
437.0
344.0
338.0
323.0
342.0
500.0
404.0
322.0
500.0
393.0
320.0
430.0
359.0
292.0
259.0
339.0
396.0
331.0
342.0
427.0
379.0
347.0
500.0
500.0
411.0
240.0
338.0
265.0
334.0
469.0
353.0
483.0
391.0
270.0
305.0
344.0
356.0
500.0
406.0
500.0
383.0
344.0
464.0
449.0
404.0
351.0
385.0
323.0
407.0
413.0
276.0
469.0
349.0
424.0
12.0
411.0
36.0
400.0
436.0
410.0
358.0
247.0
449.0
439.0
43.0
46.0
334.0
413.0
500.0
20.0
317.0
405.0
20.0
9.0
411.0
328.0
423.0
357.0
344.0
323.0
357.0
427.0
415.0
442.0
381.0
37.0
402.0
364.0
248.0
9.0
495.0
348.0
75.0
416.0
408.0
52.0
376.0
383.0
494.0
413.0
431.0
444.0
378.0
176.0
11.0
422.0
406.0
417.0
350.0
466.0
381.0
42.0
345.0
10.0
454.0
344.0
434.0
393.0
346.0
500.0
358.0
415.0
57.0
128.0
407.0
398.0
375.0
67.0
386.0
429.0
382.0
500.0
401.0
418.0
339.0
396.0
500.0
336.0
403.0
360.0
359.0
366.0
23.0
419.0
319.0
500.0
341.0
367.0
379.0
386.0
455.0
348.0
373.0
42.0
379.0
50.0
365.0
500.0
471.0
401.0
393.0
386.0
408.0
343.0
437.0
366.0
480.0
330.0
485.0
379.0
344.0
387.0
289.0
95.0
391.0
420.0
366.0
339.0
482.0
406.0
393.0
470.0
380.0
459.0
408.0
393.0
410.0
500.0
414.0
390.0
403.0
396.0
377.0
454.0
378.0
383.0
380.0
345.0
441.0
221.0
341.0
397.0
417.0
392.0
382.0
394.0
361.0
404.0
405.0
352.0
375.0
401.0
400.0
373.0
386.0
385.0
377.0
384.0
348.0
354.0
457.0
331.0
399.0
500.0
429.0
408.0
415.0
380.0
422.0
356.0
390.0
392.0
426.0
388.0
331.0
407.0
333.0
435.0
357.0
343.0
500.0
365.0
423.0
326.0
500.0
399.0
396.0
442.0
350.0
189.0
112.0
385.0
450.0
423.0
466.0
422.0
330.0
379.0
394.0
358.0
412.0
270.0
335.0
439.0
340.0
337.0
457.0
451.0
380.0
392.0
406.0
416.0
391.0
383.0
377.0
405.0
483.0
374.0
402.0
405.0
357.0
500.0
342.0
411.0
389.0
394.0
342.0
194.0
411.0
450.0
381.0
408.0
336.0
396.0
387.0
426.0
392.0
443.0
500.0
484.0
411.0
394.0
488.0
475.0
404.0
389.0
378.0
357.0
380.0
431.0
477.0
403.0
388.0
500.0
430.0
397.0
329.0
485.0
412.0
383.0
426.0
344.0
365.0
361.0
452.0
333.0
426.0
450.0
384.0
412.0
392.0
22.0
352.0
375.0
255.0
411.0
122.0
389.0
385.0
438.0
334.0
380.0
423.0
337.0
343.0
350.0
162.0
263.0
201.0
191.0
324.0
500.0
445.0
426.0
286.0
422.0
281.0
485.0
500.0
209.0
454.0
310.0
105.0
181.0
197.0
138.0
258.0
211.0
258.0
500.0
500.0
488.0
243.0
184.0
476.0
405.0
500.0
441.0
385.0
143.0
475.0
147.0
439.0
387.0
497.0
113.0
479.0
500.0
171.0
181.0
99.0
348.0
351.0
180.0
476.0
456.0
403.0
120.0
387.0
433.0
146.0
172.0
378.0
354.0
444.0
228.0
111.0
399.0
403.0
424.0
216.0
321.0
318.0
268.0
382.0
391.0
401.0
376.0
370.0
294.0
399.0
433.0
397.0
391.0
417.0
398.0
308.0
448.0
260.0
428.0
302.0
335.0
242.0
372.0
281.0
259.0
420.0
274.0
388.0
381.0
246.0
246.0
391.0
429.0
361.0
479.0
433.0
444.0
453.0
391.0
356.0
325.0
361.0
145.0
443.0
398.0
262.0
441.0
404.0
500.0
220.0
464.0
437.0
412.0
485.0
411.0
377.0
472.0
264.0
165.0
309.0
363.0
446.0
471.0
312.0
307.0
287.0
177.0
226.0
500.0
385.0
194.0
448.0
467.0
456.0
370.0
280.0
453.0
348.0
382.0
363.0
349.0
285.0
181.0
465.0
324.0
312.0
244.0
456.0
352.0
263.0
403.0
500.0
382.0
361.0
304.0
441.0
353.0
309.0
312.0
253.0
500.0
280.0
436.0
391.0
316.0
480.0
305.0
444.0
434.0
169.0
461.0
255.0
220.0
429.0
428.0
296.0
400.0
320.0
433.0
479.0
373.0
367.0
444.0
351.0
443.0
340.0
454.0
407.0
384.0
279.0
342.0
70.0
355.0
340.0
315.0
289.0
314.0
303.0
289.0
379.0
344.0
500.0
500.0
320.0
388.0
500.0
407.0
445.0
189.0
393.0
437.0
312.0
250.0
410.0
189.0
298.0
416.0
369.0
500.0
410.0
464.0
343.0
342.0
386.0
472.0
436.0
318.0
408.0
457.0
347.0
475.0
415.0
474.0
268.0
500.0
329.0
454.0
467.0
300.0
500.0
320.0
380.0
423.0
490.0
373.0
366.0
264.0
500.0
318.0
402.0
345.0
362.0
476.0
458.0
350.0
422.0
419.0
444.0
313.0
500.0
500.0
339.0
500.0
321.0
344.0
432.0
348.0
384.0
384.0
392.0
291.0
500.0
300.0
285.0
500.0
348.0
380.0
500.0
451.0
500.0
217.0
435.0
500.0
500.0
500.0
432.0
165.0
500.0
444.0
500.0
448.0
429.0
395.0
82.0
500.0
500.0
367.0
500.0
500.0
500.0
500.0
232.0
500.0
268.0
356.0
254.0
500.0
383.0
342.0
280.0
401.0
500.0
405.0
500.0
500.0
348.0
500.0
409.0
500.0
330.0
332.0
391.0
446.0
313.0
231.0
482.0
400.0
500.0
432.0
413.0
343.0
484.0
222.0
391.0
329.0
400.0
236.0
430.0
330.0
331.0
405.0
353.0
323.0
389.0
398.0
335.0
302.0
283.0
458.0
270.0
260.0
500.0
306.0
216.0
364.0
249.0
295.0
203.0
275.0
265.0
256.0
232.0
323.0
299.0
244.0
260.0
319.0
357.0
286.0
347.0
290.0
276.0
300.0
305.0
232.0
247.0
238.0
294.0
500.0
268.0
189.0
251.0
287.0
339.0
369.0
254.0
280.0
226.0
321.0
252.0
314.0
259.0
303.0
337.0
279.0
233.0
356.0
255.0
257.0
289.0
249.0
223.0
260.0
247.0
266.0
268.0
243.0
308.0
325.0
254.0
326.0
250.0
232.0
274.0
235.0
294.0
193.0
494.0
286.0
274.0
247.0
408.0
309.0
209.0
249.0
263.0
223.0
223.0
274.0
269.0
310.0
294.0
254.0
281.0
252.0
82.0
70.0
201.0
290.0
356.0
72.0
116.0
160.0
194.0
70.0
136.0
269.0
72.0
302.0
72.0
311.0
252.0
294.0
194.0
230.0
218.0
198.0
298.0
167.0
270.0
499.0
234.0
362.0
129.0
332.0
201.0
324.0
188.0
298.0
160.0
311.0
500.0
285.0
500.0
290.0
500.0
118.0
343.0
358.0
234.0
397.0
355.0
500.0
269.0
105.0
77.0
303.0
336.0
274.0
212.0
151.0
234.0
220.0
108.0
193.0
141.0
235.0
121.0
320.0
177.0
274.0
203.0
327.0
180.0
162.0
205.0
188.0
276.0
99.0
174.0
230.0
275.0
174.0
271.0
178.0
223.0
150.0
296.0
136.0
139.0
125.0
255.0
224.0
247.0
205.0
107.0
120.0
210.0
270.0
75.0
337.0
152.0
137.0
213.0
325.0
228.0
290.0
313.0
202.0
229.0
240.0
267.0
200.0
250.0
103.0
143.0
128.0
251.0
211.0
225.0
147.0
77.0
128.0
147.0
268.0
200.0
196.0
228.0
204.0
263.0
178.0
307.0
207.0
262.0
157.0
234.0
121.0
190.0
178.0
137.0
273.0
178.0
88.0
89.0
236.0
164.0
120.0
259.0
304.0
147.0
200.0
210.0
237.0
281.0
165.0
157.0
222.0
273.0
206.0
163.0
155.0
195.0
357.0
212.0
190.0
331.0
227.0
232.0
137.0
225.0
196.0
258.0
214.0
151.0
174.0
171.0
179.0
147.0
211.0
252.0
244.0
163.0
150.0
245.0
182.0
281.0
221.0
158.0
225.0
197.0
181.0
135.0
198.0
154.0
199.0
129.0
222.0
150.0
236.0
155.0
182.0
202.0
219.0
176.0
204.0
280.0
244.0
201.0
53.0
127.0
167.0
158.0
225.0
142.0
144.0
223.0
144.0
219.0
133.0
159.0
132.0
251.0
150.0
318.0
244.0
151.0
204.0
178.0
205.0
216.0
272.0
220.0
125.0
106.0
156.0
214.0
113.0
118.0
120.0
233.0
146.0
331.0
229.0
147.0
172.0
171.0
108.0
91.0
177.0
168.0
202.0
82.0
98.0
94.0
86.0
215.0
151.0
219.0
151.0
128.0
85.0
106.0
105.0
187.0
153.0
154.0
95.0
189.0
156.0
123.0
89.0
87.0
214.0
164.0
148.0
210.0
129.0
160.0
185.0
138.0
189.0
279.0
106.0
139.0
275.0
183.0
158.0
130.0
108.0
169.0
164.0
174.0
239.0
113.0
108.0
186.0
133.0
170.0
229.0
169.0
92.0
173.0
155.0
164.0
146.0
108.0
128.0
131.0
102.0
184.0
183.0
101.0
144.0
104.0
231.0
97.0
92.0
129.0
189.0
187.0
200.0
178.0
90.0
136.0
108.0
186.0
95.0
143.0
229.0
196.0
97.0
201.0
206.0
208.0
213.0
112.0
176.0
185.0
120.0
151.0
186.0
166.0
115.0
167.0
174.0
111.0
410.0
192.0
188.0
190.0
143.0
180.0
190.0
232.0
196.0
162.0
147.0
294.0
101.0
134.0
263.0
229.0
212.0
146.0
90.0
176.0
152.0
225.0
137.0
167.0
168.0
222.0
133.0
134.0
166.0
128.0
116.0
187.0
203.0
156.0
256.0
182.0
262.0
168.0
145.0
137.0
171.0
238.0
207.0
235.0
111.0
110.0
242.0
195.0
118.0
432.0
186.0
149.0
201.0
165.0
163.0
132.0
144.0
211.0
183.0
218.0
201.0
198.0
329.0
188.0
189.0
121.0
111.0
122.0
187.0
115.0
125.0
232.0
262.0
128.0
197.0
179.0
122.0
328.0
106.0
220.0
143.0
151.0
145.0
177.0
194.0
113.0
147.0
205.0
275.0
189.0
183.0
138.0
158.0
227.0
223.0
146.0
227.0
301.0
190.0
143.0
129.0
208.0
163.0
139.0
137.0
200.0
283.0
160.0
119.0
197.0
140.0
218.0
161.0
248.0
153.0
185.0
167.0
242.0
242.0
127.0
272.0
196.0
191.0
273.0
186.0
195.0
212.0
180.0
123.0
143.0
159.0
259.0
135.0
158.0
294.0
200.0
142.0
245.0
224.0
139.0
107.0
124.0
176.0
168.0
172.0
203.0
108.0
112.0
183.0
198.0
296.0
230.0
190.0
179.0
197.0
98.0
138.0
132.0
198.0
132.0
136.0
127.0
142.0
271.0
222.0
258.0
118.0
142.0
110.0
167.0
185.0
131.0
194.0
124.0
198.0
132.0
112.0
179.0
128.0
186.0
143.0
203.0
195.0
164.0
199.0
225.0
200.0
232.0
135.0
165.0
197.0
185.0
125.0
132.0
129.0
158.0
154.0
270.0
264.0
180.0
149.0
212.0
321.0
184.0
193.0
195.0
216.0
222.0
147.0
114.0
126.0
279.0
138.0
158.0
220.0
244.0
142.0
143.0
194.0
224.0
138.0
216.0
171.0
146.0
254.0
173.0
137.0
121.0
136.0
187.0
315.0
134.0
148.0
177.0
247.0
141.0
500.0
182.0
262.0
158.0
129.0
148.0
300.0
238.0
319.0
250.0
204.0
184.0
175.0
225.0
168.0
265.0
185.0
210.0
138.0
228.0
162.0
189.0
241.0
500.0
197.0
140.0
116.0
191.0
164.0
218.0
215.0
113.0
235.0
273.0
171.0
174.0
185.0
233.0
250.0
183.0
261.0
121.0
249.0
114.0
153.0
144.0
258.0
116.0
157.0
302.0
193.0
190.0
226.0
322.0
271.0
174.0
182.0
216.0
220.0
195.0
154.0
150.0
204.0
118.0
202.0
153.0
161.0
201.0
173.0
155.0
179.0
273.0
116.0
214.0
196.0
246.0
122.0
253.0
217.0
159.0
208.0
248.0
153.0
225.0
254.0
328.0
184.0
167.0
229.0
126.0
273.0
141.0
117.0
157.0
164.0
202.0
237.0
143.0
209.0
182.0
119.0
164.0
217.0
113.0
164.0
177.0
224.0
163.0
208.0
164.0
184.0
180.0
264.0
173.0
135.0
183.0
121.0
175.0
143.0
140.0
202.0
191.0
112.0
161.0
214.0
164.0
168.0
221.0
195.0
266.0
154.0
132.0
169.0
151.0
171.0
265.0
142.0
164.0
186.0
238.0
249.0
223.0
147.0
466.0
182.0
142.0
240.0
166.0
248.0
149.0
196.0
500.0
176.0
113.0
173.0
284.0
160.0
158.0
198.0
113.0
108.0
184.0
184.0
195.0
213.0
228.0
166.0
193.0
125.0
113.0
223.0
165.0
227.0
141.0
148.0
167.0
179.0
238.0
128.0
182.0
177.0
275.0
196.0
98.0
68.0
192.0
176.0
110.0
121.0
103.0
135.0
147.0
130.0
143.0
148.0
209.0
217.0
151.0
237.0
165.0
106.0
225.0
221.0
160.0
172.0
202.0
164.0
259.0
93.0
190.0
157.0
100.0
135.0
199.0
141.0
149.0
137.0
121.0
108.0
137.0
149.0
106.0
234.0
125.0
106.0
114.0
120.0
123.0
259.0
195.0
144.0
146.0
200.0
140.0
135.0
128.0
140.0
149.0
220.0
166.0
139.0
107.0
141.0
154.0
206.0
170.0
176.0
144.0
136.0
130.0
162.0
147.0
153.0
120.0
377.0
153.0
114.0
121.0
500.0
112.0
136.0
138.0
235.0
147.0
123.0
231.0
133.0
148.0
163.0
205.0
149.0
194.0
180.0
226.0
75.0
161.0
137.0
210.0
146.0
164.0
154.0
164.0
227.0
221.0
150.0
132.0
258.0
207.0
229.0
166.0
172.0
223.0
278.0
116.0
126.0
113.0
145.0
247.0
188.0
137.0
123.0
159.0
240.0
149.0
131.0
119.0
210.0
158.0
191.0
137.0
168.0
129.0
236.0
346.0
201.0
117.0
127.0
189.0
115.0
87.0
266.0
99.0
75.0
131.0
131.0
208.0
132.0
106.0
104.0
233.0
117.0
117.0
235.0
262.0
164.0
82.0
147.0
110.0
133.0
99.0
115.0
213.0
102.0
84.0
93.0
121.0
189.0
194.0
162.0
201.0
184.0
96.0
148.0
162.0
140.0
276.0
94.0
162.0
173.0
199.0
150.0
249.0
90.0
168.0
88.0
148.0
234.0
121.0
117.0
129.0
240.0
99.0
79.0
77.0
80.0
173.0
309.0
213.0
181.0
85.0
242.0
146.0
69.0
39.0
119.0
120.0
128.0
151.0
71.0
142.0
162.0
386.0
204.0
267.0
132.0
136.0
155.0
107.0
167.0
128.0
107.0
227.0
182.0
136.0
76.0
268.0
85.0
64.0
242.0
186.0
123.0
104.0
45.0
292.0
44.0
58.0
42.0
229.0
78.0
284.0
62.0
235.0
232.0
137.0
500.0
136.0
442.0
190.0
62.0
375.0
500.0
155.0
110.0
126.0
500.0
500.0
103.0
198.0
500.0
500.0
362.0
158.0
45.0
99.0
500.0
285.0
500.0
218.0
55.0
211.0
161.0
180.0
109.0
69.0
500.0
288.0
256.0
67.0
281.0
54.0
236.0
500.0
500.0
412.0
287.0
212.0
115.0
490.0
104.0
51.0
106.0
271.0
328.0
219.0
44.0
122.0
52.0
100.0
101.0
119.0
359.0
233.0
217.0
48.0
104.0
131.0
98.0
222.0
88.0
125.0
219.0
111.0
500.0
267.0
202.0
194.0
500.0
457.0
500.0
285.0
500.0
500.0
500.0
397.0
272.0
116.0
48.0
500.0
500.0
500.0
500.0
500.0
500.0
500.0
500.0
500.0
500.0
500.0
500.0
500.0
500.0
45.0
500.0
266.0
500.0
500.0
500.0
180.0
500.0
138.0
79.0
33.0
142.0
177.0
39.0
19.0
269.0
93.0
126.0
483.0
103.0
23.0
47.0
196.0
45.0
105.0
115.0
189.0
243.0
34.0
144.0
246.0
41.0
263.0
184.0
280.0
183.0
231.0
350.0
160.0
227.0
287.0
50.0
35.0
130.0
82.0
168.0
176.0
45.0
195.0
120.0
247.0
194.0
65.0
39.0
296.0
10.0
41.0
128.0
212.0
267.0
41.0
259.0
132.0
176.0
241.0
403.0
206.0
56.0
500.0
138.0
149.0
268.0
179.0
42.0
37.0
43.0
290.0
154.0
357.0
174.0
380.0
10.0
154.0
114.0
373.0
114.0
79.0
149.0
256.0
429.0
51.0
75.0
124.0
10.0
59.0
133.0
249.0
133.0
458.0
161.0
59.0
10.0
271.0
148.0
141.0
153.0
216.0
163.0
129.0
205.0
35.0
131.0
212.0
110.0
234.0
257.0
357.0
122.0
331.0
171.0
34.0
113.0
407.0
112.0
32.0
121.0
128.0
221.0
213.0
246.0
115.0
154.0
150.0
174.0
128.0
169.0
161.0
214.0
290.0
121.0
264.0
108.0
128.0
116.0
45.0
10.0
243.0
159.0
218.0
309.0
271.0
136.0
12.0
145.0
164.0
395.0
343.0
79.0
35.0
227.0
161.0
399.0
383.0
249.0
227.0
210.0
166.0
431.0
243.0
284.0
149.0
47.0
299.0
89.0
152.0
103.0
172.0
148.0
104.0
380.0
47.0
41.0
234.0
164.0
107.0
430.0
205.0
194.0
50.0
258.0
168.0
249.0
286.0
302.0
169.0
200.0
135.0
182.0
121.0
500.0
117.0
170.0
199.0
219.0
336.0
233.0
130.0
230.0
230.0
140.0
166.0
10.0
171.0
290.0
161.0
307.0
46.0
65.0
102.0
382.0
178.0
279.0
452.0
206.0
206.0
208.0
292.0
357.0
113.0
390.0
307.0
251.0
234.0
241.0
411.0
221.0
194.0
148.0
205.0
81.0
412.0
126.0
204.0
310.0
147.0
293.0
217.0
213.0
50.0
50.0
282.0
155.0
137.0
44.0
466.0
49.0
335.0
186.0
42.0
331.0
248.0
51.0
59.0
174.0
159.0
500.0
58.0
90.0
402.0
185.0
157.0
187.0
94.0
335.0
132.0
380.0
31.0
134.0
185.0
61.0
500.0
164.0
500.0
57.0
97.0
168.0
170.0
254.0
141.0
55.0
306.0
88.0
269.0
54.0
247.0
151.0
149.0
38.0
196.0
318.0
45.0
211.0
175.0
259.0
152.0
292.0
218.0
183.0
181.0
204.0
232.0
149.0
274.0
135.0
271.0
164.0
143.0
71.0
25.0
176.0
20.0
111.0
196.0
178.0
30.0
111.0
65.0
127.0
268.0
220.0
149.0
116.0
199.0
108.0
68.0
183.0
53.0
198.0
133.0
130.0
108.0
73.0
56.0
179.0
83.0
167.0
85.0
158.0
120.0
111.0
124.0
23.0
164.0
143.0
250.0
170.0
136.0
58.0
60.0
229.0
87.0
116.0
72.0
151.0
114.0
90.0
28.0
78.0
183.0
39.0
147.0
148.0
162.0
130.0
26.0
206.0
192.0
154.0
34.0
111.0
58.0
309.0
313.0
65.0
185.0
70.0
199.0
129.0
243.0
171.0
133.0
153.0
165.0
132.0
170.0
244.0
218.0
164.0
243.0
226.0
301.0
45.0
131.0
70.0
78.0
148.0
55.0
25.0
77.0
131.0
59.0
86.0
95.0
92.0
54.0
132.0
355.0
48.0
62.0
83.0
131.0
150.0
160.0
60.0
168.0
98.0
72.0
65.0
108.0
125.0
89.0
104.0
83.0
81.0
168.0
160.0
83.0
55.0
118.0
127.0
500.0
316.0
338.0
274.0
79.0
500.0
284.0
131.0
202.0
20.0
30.0
75.0
48.0
67.0
141.0
42.0
37.0
104.0
46.0
41.0
85.0
343.0
31.0
233.0
171.0
107.0
120.0
179.0
168.0
71.0
45.0
229.0
210.0
62.0
209.0
204.0
182.0
50.0
96.0
144.0
281.0
41.0
256.0
139.0
218.0
86.0
92.0
93.0
225.0
202.0
177.0
224.0
103.0
161.0
121.0
500.0
324.0
133.0
125.0
139.0
500.0
81.0
500.0
129.0
182.0
254.0
88.0
116.0
199.0
136.0
223.0
188.0
241.0
93.0
95.0
100.0
107.0
143.0
96.0
115.0
173.0
81.0
102.0
140.0
110.0
48.0
79.0
222.0
84.0
100.0
193.0
122.0
73.0
500.0
216.0
409.0
131.0
161.0
231.0
333.0
500.0
189.0
196.0
146.0
114.0
297.0
500.0
314.0
78.0
135.0
81.0
190.0
500.0
220.0
500.0
108.0
500.0
280.0
89.0
82.0
85.0
500.0
230.0
170.0
127.0
85.0
130.0
179.0
96.0
166.0
83.0
206.0
238.0
318.0
317.0
138.0
250.0
87.0
234.0
89.0
81.0
85.0
116.0
247.0
351.0
242.0
500.0
152.0
60.0
79.0
182.0
76.0
172.0
179.0
116.0
273.0
127.0
175.0
102.0
204.0
79.0
167.0
11.0
59.0
62.0
195.0
212.0
254.0
356.0
209.0
238.0
193.0
183.0
169.0
134.0
149.0
197.0
83.0
168.0
148.0
141.0
288.0
190.0
278.0
342.0
250.0
285.0
302.0
303.0
454.0
175.0
146.0
196.0
225.0
152.0
500.0
211.0
185.0
217.0
228.0
156.0
286.0
184.0
162.0
214.0
169.0
403.0
241.0
380.0
68.0
147.0
128.0
87.0
244.0
57.0
272.0
93.0
212.0
178.0
165.0
153.0
274.0
242.0
142.0
123.0
230.0
103.0
116.0
180.0
185.0
48.0
70.0
72.0
106.0
172.0
500.0
80.0
500.0
500.0
383.0
500.0
208.0
500.0
500.0
500.0
229.0
482.0
86.0
157.0
248.0
500.0
230.0
102.0
367.0
94.0
500.0
500.0
114.0
500.0
191.0
500.0
108.0
500.0
14.0
500.0
52.0
500.0
500.0
10.0
409.0
148.0
500.0
370.0
15.0
500.0
73.0
12.0
308.0
104.0
106.0
132.0
500.0
500.0
190.0
500.0
55.0
141.0
219.0
62.0
49.0
252.0
162.0
302.0
224.0
268.0
106.0
202.0
344.0
295.0
236.0
308.0
115.0
451.0
119.0
201.0
87.0
225.0
265.0
249.0
479.0
88.0
126.0
283.0
314.0
321.0
274.0
440.0
221.0
182.0
259.0
413.0
214.0
500.0
301.0
500.0
357.0
372.0
202.0
405.0
270.0
214.0
248.0
328.0
494.0
491.0
413.0
500.0
223.0
279.0
457.0
381.0
258.0
380.0
230.0
203.0
466.0
277.0
286.0
258.0
182.0
443.0
188.0
389.0
237.0
429.0
385.0
342.0
233.0
382.0
170.0
336.0
500.0
399.0
467.0
414.0
349.0
500.0
258.0
253.0
386.0
500.0
408.0
275.0
412.0
332.0
500.0
333.0
186.0
500.0
370.0
253.0
304.0
500.0
472.0
445.0
188.0
310.0
433.0
422.0
375.0
399.0
417.0
499.0
367.0
200.0
338.0
500.0
363.0
500.0
500.0
314.0
206.0
500.0
500.0
500.0
500.0
385.0
500.0
339.0
500.0
500.0
362.0
453.0
500.0
500.0
500.0
500.0
500.0
500.0
500.0
500.0
500.0
500.0
500.0
500.0
500.0
220.0
225.0
500.0
500.0
500.0
500.0
500.0
500.0
500.0
224.0
500.0
500.0
500.0
500.0
246.0
257.0
500.0
500.0
500.0
500.0
292.0
497.0
500.0
500.0
330.0
500.0
500.0
500.0
362.0
500.0
500.0
500.0
500.0
213.0
500.0
500.0
500.0
500.0
500.0
500.0
500.0
500.0
500.0
500.0
500.0
238.0
247.0
500.0
500.0
500.0
500.0
500.0
500.0
208.0
500.0
500.0
271.0
447.0
500.0
500.0
500.0
500.0
500.0
179.0
500.0
500.0
500.0
500.0
500.0
500.0
500.0
500.0
500.0
500.0
500.0
376.0
500.0
500.0
500.0
500.0
205.0
500.0
500.0
500.0
500.0
296.0
500.0
250.0
500.0
500.0
500.0
500.0
500.0
500.0
273.0
390.0
500.0
500.0
323.0
500.0
181.0
500.0
500.0
500.0
500.0
500.0
500.0
500.0
299.0
242.0
281.0
500.0
500.0
500.0
500.0
500.0
500.0
500.0
500.0
500.0
439.0
199.0
500.0
500.0
500.0
500.0
500.0
500.0
395.0
500.0
210.0
209.0
368.0
500.0
500.0
341.0
500.0
500.0
500.0
500.0
500.0
349.0
500.0
500.0
500.0
500.0
500.0
500.0
500.0
500.0
288.0
500.0
500.0
500.0
500.0
500.0
471.0
500.0
180.0
223.0
500.0
500.0
500.0
500.0
500.0
500.0
500.0
500.0
500.0
500.0
500.0
500.0
500.0
500.0
500.0
500.0
374.0
235.0
500.0
500.0
500.0
500.0
500.0
149.0
395.0
500.0
500.0
500.0
500.0
500.0
500.0
500.0
500.0
500.0
500.0
500.0
500.0
500.0
500.0
500.0
500.0
500.0
338.0
186.0
295.0
500.0
500.0
500.0
313.0
500.0
303.0
299.0
500.0
500.0
500.0
500.0
223.0
500.0
500.0
325.0
412.0
500.0
214.0
400.0
327.0
500.0
500.0
500.0
500.0
500.0
500.0
500.0
500.0
500.0
500.0
500.0
500.0
500.0
500.0
500.0
500.0
173.0
500.0
500.0
500.0
500.0
500.0
500.0
500.0
500.0
500.0
500.0
500.0
500.0
500.0
500.0
500.0
500.0
500.0
500.0
429.0
500.0
500.0
500.0
500.0
280.0
500.0
500.0
356.0
500.0
500.0
500.0
500.0
361.0
238.0
500.0
500.0
500.0
136.0
500.0
500.0
500.0
500.0
500.0
500.0
500.0
500.0
500.0
500.0
500.0
500.0
500.0
500.0
500.0
155.0
500.0
500.0
364.0
500.0
500.0
500.0
500.0
500.0
500.0
500.0
500.0
500.0
500.0
500.0
500.0
500.0
500.0
500.0
500.0
500.0
500.0
374.0
500.0
500.0
500.0
500.0
500.0
500.0
500.0
500.0
500.0
500.0
500.0
500.0
500.0
500.0
325.0
500.0
500.0
500.0
500.0
500.0
500.0
500.0
500.0
500.0
500.0
500.0
500.0
500.0
500.0
500.0
500.0
500.0
500.0
500.0
500.0
460.0
500.0
500.0
500.0
500.0
500.0
500.0
500.0
500.0
500.0
500.0
500.0
500.0
500.0
500.0
500.0
500.0
500.0
500.0
180.0
321.0
500.0
500.0
500.0
500.0
500.0
500.0
500.0
500.0
500.0
500.0
237.0
500.0
500.0
500.0
500.0
500.0
500.0
500.0
500.0
500.0
500.0
500.0
500.0
500.0
500.0
500.0
500.0
500.0
500.0
500.0
500.0
500.0
500.0
500.0
500.0
500.0
500.0
500.0
500.0
500.0
500.0
500.0
500.0
500.0
500.0
500.0
500.0
500.0
500.0
500.0
500.0
500.0
500.0
500.0
500.0
500.0
500.0
500.0
500.0
500.0
500.0
500.0
500.0
500.0
500.0
500.0
500.0
456.0
500.0
500.0
500.0
500.0
396.0
500.0
500.0
500.0
500.0
500.0
500.0
500.0
304.0
500.0
500.0
500.0
500.0
222.0
500.0
500.0
403.0
500.0
500.0
500.0
500.0
157.0
500.0
500.0
500.0
500.0
500.0
500.0
500.0
500.0
500.0
470.0
500.0
500.0
500.0
500.0
500.0
500.0
402.0
500.0
500.0
500.0
290.0
500.0
340.0
500.0
500.0
500.0
500.0
500.0
500.0
500.0
500.0
355.0
500.0
500.0
500.0
500.0
500.0
500.0
500.0
500.0
500.0
500.0
500.0
500.0
500.0
500.0
500.0
500.0
500.0
500.0
500.0
500.0
500.0
500.0
500.0
500.0
333.0
500.0
500.0
500.0
495.0
403.0
500.0
199.0
234.0
500.0
500.0
500.0
348.0
500.0
500.0
500.0
500.0
500.0
500.0
500.0
500.0
500.0
500.0
500.0
500.0
500.0
399.0
500.0
500.0
500.0
500.0
500.0
368.0
500.0
500.0
500.0
500.0
500.0
324.0
500.0
500.0
500.0
500.0
500.0
500.0
430.0
500.0
500.0
500.0
500.0
500.0
250.0
500.0
500.0
500.0
500.0
500.0
500.0
500.0
500.0
500.0
500.0
500.0
500.0
500.0
500.0
500.0
500.0
500.0
500.0
500.0
500.0
500.0
500.0
500.0
336.0
500.0
215.0
500.0
500.0
500.0
157.0
152.0
500.0
500.0
500.0
500.0
372.0
500.0
500.0
193.0
500.0
500.0
500.0
500.0
500.0
213.0
500.0
13.0
500.0
141.0
387.0
414.0
500.0
500.0
391.0
500.0
500.0
176.0
231.0
500.0
500.0
249.0
500.0
500.0
500.0
500.0
308.0
500.0
500.0
500.0
500.0
500.0
353.0
500.0
500.0
500.0
500.0
442.0
500.0
500.0
351.0
500.0
500.0
500.0
500.0
500.0
235.0
500.0
500.0
500.0
500.0
443.0
317.0
500.0
500.0
500.0
500.0
500.0
500.0
500.0
500.0
310.0
500.0
500.0
500.0
500.0
500.0
500.0
500.0
500.0
500.0
500.0
500.0
500.0
500.0
500.0
207.0
500.0
500.0
212.0
500.0
461.0
500.0
500.0
500.0
265.0
500.0
500.0
500.0
500.0
164.0
500.0
229.0
500.0
296.0
500.0
500.0
422.0
500.0
500.0
500.0
500.0
500.0
390.0
500.0
226.0
208.0
500.0
468.0
500.0
202.0
500.0
500.0
500.0
500.0
453.0
363.0
500.0
500.0
500.0
500.0
500.0
500.0
500.0
444.0
500.0
500.0
383.0
500.0
500.0
500.0
500.0
500.0
500.0
500.0
500.0
500.0
500.0
500.0
500.0
405.0
500.0
500.0
500.0
500.0
500.0
500.0
500.0
500.0
500.0
500.0
500.0
500.0
500.0
500.0
500.0
500.0
500.0
500.0
500.0
356.0
500.0
500.0
500.0
224.0
500.0
500.0
500.0
500.0
235.0
500.0
153.0
500.0
186.0
500.0
500.0
500.0
500.0
500.0
500.0
500.0
271.0
500.0
500.0
500.0
500.0
199.0
500.0
500.0
500.0
500.0
322.0
500.0
500.0
500.0
500.0
500.0
500.0
500.0
500.0
500.0
500.0
500.0
500.0
500.0
500.0
500.0
500.0
500.0
500.0
239.0
500.0
232.0
500.0
500.0
500.0
500.0
500.0
500.0
441.0
500.0
500.0
500.0
500.0
292.0
271.0
500.0
500.0
500.0
500.0
500.0
417.0
415.0
433.0
500.0
500.0
500.0
209.0
500.0
500.0
500.0
374.0
500.0
500.0
500.0
500.0
500.0
500.0
500.0
500.0
500.0
359.0
500.0
500.0
500.0
500.0
500.0
500.0
500.0
500.0
500.0
500.0
500.0
314.0
500.0
250.0
500.0
217.0
500.0
500.0
495.0
500.0
500.0
500.0
500.0
500.0
500.0
500.0
500.0
500.0
500.0
500.0
500.0
500.0
500.0
185.0
500.0
500.0
500.0
500.0
500.0
500.0
500.0
500.0
500.0
201.0
500.0
500.0
500.0
500.0
500.0
500.0
500.0
500.0
500.0
500.0
500.0
500.0
500.0
500.0
262.0
308.0
421.0
500.0
500.0
500.0
417.0
347.0
500.0
500.0
278.0
500.0
500.0
252.0
500.0
500.0
500.0
500.0
174.0
500.0
500.0
500.0
500.0
340.0
500.0
500.0
500.0
500.0
500.0
500.0
348.0
381.0
500.0
500.0
500.0
500.0
500.0
500.0
255.0
500.0
500.0
500.0
500.0
500.0
234.0
500.0
500.0
500.0
500.0
256.0
500.0
500.0
500.0
500.0
500.0
500.0
500.0
500.0
500.0
500.0
304.0
500.0
500.0
500.0
500.0
188.0
500.0
384.0
500.0
500.0
500.0
500.0
500.0
500.0
500.0
500.0
500.0
472.0
500.0
370.0
331.0
151.0
500.0
500.0
500.0
500.0
500.0
500.0
500.0
500.0
500.0
415.0
500.0
345.0
500.0
500.0
500.0
500.0
500.0
500.0
500.0
500.0
500.0
500.0
500.0
500.0
500.0
500.0
224.0
500.0
500.0
210.0
500.0
500.0
500.0
500.0
500.0
500.0
500.0
500.0
500.0
500.0
500.0
500.0
500.0
500.0
500.0
500.0
500.0
500.0
500.0
500.0
500.0
500.0
500.0
500.0
500.0
500.0
476.0
252.0
500.0
500.0
500.0
190.0
500.0
500.0
250.0
500.0
231.0
500.0
231.0
500.0
500.0
500.0
419.0
500.0
500.0
500.0
260.0
500.0
500.0
500.0
500.0
500.0
500.0
500.0
500.0
500.0
500.0
500.0
204.0
500.0
379.0
500.0
500.0
500.0
500.0
500.0
500.0
500.0
214.0
500.0
500.0
500.0
500.0
500.0
500.0
500.0
500.0
500.0
500.0
500.0
500.0
500.0
500.0
500.0
500.0
500.0
500.0
500.0
500.0
500.0
500.0
500.0
500.0
500.0
500.0
361.0
500.0
189.0
500.0
500.0
500.0
233.0
265.0
500.0
336.0
500.0
500.0
500.0
500.0
500.0
307.0
500.0
500.0
500.0
500.0
500.0
500.0
275.0
500.0
500.0
500.0
500.0
500.0
500.0
500.0
240.0
500.0
500.0
500.0
500.0
500.0
500.0
500.0
500.0
500.0
170.0
500.0
500.0
500.0
500.0
500.0
500.0
500.0
500.0
500.0
500.0
193.0
500.0
500.0
500.0
500.0
356.0
398.0
500.0
500.0
500.0
500.0
500.0
240.0
500.0
310.0
500.0
500.0
500.0
500.0
500.0
500.0
500.0
500.0
500.0
500.0
500.0
500.0
500.0
500.0
500.0
500.0
350.0
500.0
500.0
500.0
500.0
500.0
293.0
500.0
500.0
500.0
500.0
500.0
500.0
500.0
360.0
357.0
500.0
500.0
500.0
500.0
500.0
500.0
244.0
500.0
500.0
366.0
500.0
500.0
500.0
155.0
500.0
500.0
384.0
500.0
500.0
500.0
500.0
500.0
500.0
500.0
500.0
500.0
221.0
500.0
500.0
500.0
500.0
500.0
500.0
500.0
500.0
379.0
500.0
500.0
500.0
500.0
500.0
384.0
500.0
223.0
500.0
500.0
500.0
500.0
500.0
500.0
500.0
500.0
500.0
500.0
500.0
500.0
500.0
500.0
500.0
273.0
500.0
500.0
500.0
365.0
500.0
500.0
500.0
500.0
500.0
500.0
500.0
500.0
500.0
500.0
218.0
500.0
171.0
500.0
500.0
500.0
182.0
500.0
500.0
500.0
289.0
157.0
500.0
500.0
500.0
296.0
232.0
500.0
500.0
500.0
500.0
500.0
500.0
500.0
142.0
474.0
500.0
500.0
500.0
500.0
500.0
500.0
500.0
500.0
500.0
197.0
500.0
500.0
500.0
500.0
500.0
500.0
500.0
500.0
500.0
500.0
280.0
500.0
418.0
500.0
500.0
500.0
292.0
500.0
500.0
211.0
500.0
500.0
500.0
500.0
500.0
500.0
233.0
299.0
198.0
500.0
500.0
500.0
500.0
500.0
347.0
500.0
500.0
500.0
500.0
203.0
500.0
500.0
500.0
500.0
500.0
500.0
500.0
500.0
500.0
242.0
500.0
500.0
500.0
500.0
500.0
285.0
500.0
500.0
500.0
500.0
500.0
260.0
273.0
500.0
477.0
500.0
500.0
500.0
500.0
500.0
500.0
500.0
334.0
500.0
369.0
500.0
500.0
500.0
500.0
500.0
500.0
500.0
500.0
500.0
500.0
500.0
500.0
500.0
500.0
500.0
500.0
500.0
500.0
500.0
500.0
500.0
500.0
500.0
500.0
500.0
500.0
500.0
500.0
500.0
343.0
500.0
500.0
500.0
500.0
500.0
500.0
500.0
310.0
500.0
500.0
500.0
500.0
500.0
500.0
500.0
500.0
500.0
500.0
500.0
500.0
500.0
232.0
500.0
500.0
500.0
500.0
227.0
500.0
500.0
500.0
500.0
500.0
500.0
500.0
500.0
483.0
500.0
500.0
500.0
500.0
500.0
500.0
500.0
338.0
338.0
214.0
500.0
500.0
500.0
211.0
500.0
500.0
500.0
233.0
500.0
500.0
500.0
500.0
500.0
500.0
500.0
500.0
349.0
500.0
500.0
500.0
500.0
500.0
500.0
366.0
280.0
500.0
415.0
500.0
500.0
500.0
500.0
354.0
500.0
500.0
500.0
263.0
500.0
500.0
500.0
500.0
500.0
500.0
500.0
500.0
211.0
500.0
500.0
500.0
500.0
500.0
500.0
156.0
500.0
387.0
217.0
500.0
500.0
500.0
500.0
500.0
500.0
500.0
500.0
500.0
500.0
500.0
151.0
500.0
500.0
500.0
500.0
470.0
500.0
500.0
500.0
500.0
500.0
500.0
500.0
500.0
500.0
500.0
500.0
500.0
497.0
500.0
500.0
500.0
500.0
500.0
500.0
500.0
500.0
500.0
500.0
500.0
500.0
500.0
500.0
500.0
500.0
500.0
500.0
500.0
500.0
500.0
500.0
352.0
500.0
500.0
500.0
417.0
500.0
500.0
500.0
284.0
500.0
500.0
500.0
500.0
500.0
500.0
296.0
500.0
500.0
500.0
500.0
500.0
500.0
500.0
500.0
500.0
500.0
500.0
500.0
500.0
498.0
500.0
351.0
500.0
247.0
500.0
500.0
215.0
500.0
221.0
500.0
500.0
500.0
414.0
500.0
315.0
500.0
500.0
500.0
500.0
500.0
500.0
500.0
452.0
500.0
500.0
500.0
500.0
500.0
500.0
500.0
201.0
500.0
500.0
202.0
500.0
500.0
331.0
500.0
500.0
500.0
500.0
500.0
500.0
500.0
500.0
500.0
500.0
500.0
500.0
500.0
500.0
500.0
500.0
500.0
197.0
500.0
500.0
209.0
500.0
416.0
460.0
500.0
500.0
500.0
259.0
500.0
500.0
500.0
222.0
500.0
500.0
500.0
500.0
500.0
500.0
212.0
500.0
500.0
500.0
500.0
500.0
500.0
500.0
500.0
292.0
500.0
500.0
500.0
500.0
500.0
500.0
500.0
500.0
500.0
500.0
500.0
500.0
500.0
500.0
500.0
500.0
394.0
500.0
500.0
500.0
500.0
500.0
226.0
500.0
500.0
500.0
189.0
500.0
230.0
500.0
500.0
500.0
500.0
500.0
500.0
500.0
500.0
500.0
500.0
500.0
500.0
500.0
500.0
500.0
500.0
500.0
500.0
500.0
500.0
500.0
398.0
500.0
500.0
500.0
500.0
500.0
500.0
500.0
500.0
500.0
500.0
500.0
500.0
500.0
500.0
500.0
500.0
500.0
394.0
500.0
500.0
500.0
500.0
500.0
500.0
500.0
354.0
263.0
500.0
500.0
500.0
500.0
222.0
500.0
500.0
500.0
500.0
214.0
500.0
500.0
500.0
500.0
211.0
500.0
500.0
209.0
500.0
500.0
500.0
500.0
500.0
500.0
500.0
224.0
500.0
500.0
500.0
500.0
332.0
432.0
500.0
500.0
500.0
288.0
500.0
500.0
500.0
500.0
182.0
500.0
319.0
500.0
500.0
341.0
500.0
500.0
500.0
500.0
338.0
500.0
500.0
500.0
500.0
500.0
500.0
271.0
500.0
500.0
463.0
500.0
500.0
500.0
500.0
355.0
267.0
344.0
500.0
500.0
500.0
500.0
267.0
341.0
500.0
500.0
500.0
500.0
500.0
434.0
500.0
500.0
500.0
239.0
500.0
500.0
347.0
357.0
500.0
500.0
500.0
190.0
305.0
500.0
500.0
208.0
500.0
500.0
500.0
500.0
500.0
500.0
500.0
500.0
500.0
297.0
500.0
356.0
500.0
500.0
500.0
500.0
500.0
500.0
318.0
389.0
500.0
500.0
500.0
500.0
500.0
260.0
500.0
474.0
500.0
500.0
480.0
500.0
500.0
191.0
221.0
500.0
500.0
500.0
500.0
500.0
500.0
212.0
207.0
500.0
500.0
500.0
500.0
445.0
173.0
500.0
348.0
500.0
500.0
335.0
500.0
500.0
500.0
500.0
500.0
500.0
500.0
500.0
500.0
500.0
500.0
500.0
500.0
407.0
500.0
428.0
500.0
500.0
500.0
500.0
500.0
420.0
500.0
500.0
500.0
500.0
493.0
500.0
500.0
305.0
500.0
500.0
277.0
500.0
220.0
382.0
500.0
500.0
278.0
500.0
303.0
313.0
294.0
500.0
500.0
500.0
500.0
500.0
323.0
500.0
500.0
500.0
500.0
500.0
500.0
500.0
500.0
500.0
500.0
500.0
226.0
500.0
500.0
316.0
500.0
500.0
481.0
300.0
500.0
275.0
500.0
462.0
500.0
500.0
379.0
500.0
500.0
500.0
464.0
500.0
500.0
350.0
500.0
220.0
500.0
389.0
183.0
418.0
422.0
217.0
241.0
411.0
500.0
484.0
475.0
327.0
460.0
334.0
440.0
305.0
500.0
442.0
424.0
290.0
272.0
491.0
267.0
307.0
361.0
440.0
456.0
337.0
500.0
427.0
381.0
408.0
208.0
500.0
211.0
368.0
500.0
256.0
500.0
362.0
310.0
223.0
420.0
235.0
266.0
378.0
452.0
335.0
436.0
279.0
177.0
372.0
308.0
322.0
500.0
385.0
175.0
500.0
469.0
281.0
485.0
368.0
384.0
338.0
322.0
230.0
284.0
413.0
411.0
328.0
347.0
294.0
451.0
486.0
224.0
328.0
378.0
421.0
474.0
385.0
433.0
390.0
395.0
480.0
333.0
302.0
451.0
437.0
331.0
312.0
308.0
483.0
356.0
500.0
406.0
341.0
419.0
330.0
285.0
312.0
293.0
445.0
393.0
486.0
484.0
350.0
387.0
377.0
500.0
360.0
312.0
278.0
280.0
407.0
388.0
456.0
393.0
418.0
500.0
400.0
371.0
360.0
362.0
292.0
346.0
292.0
348.0
269.0
500.0
481.0
393.0
336.0
458.0
381.0
336.0
329.0
291.0
462.0
354.0
403.0
454.0
376.0
500.0
472.0
458.0
325.0
379.0
389.0
369.0
480.0
296.0
307.0
473.0
419.0
500.0
428.0
485.0
440.0
215.0
247.0
413.0
383.0
352.0
492.0
500.0
426.0
401.0
209.0
500.0
329.0
499.0
391.0
290.0
480.0
416.0
332.0
281.0
300.0
500.0
351.0
297.0
260.0
472.0
343.0
318.0
363.0
366.0
465.0
363.0
400.0
394.0
360.0
490.0
279.0
355.0
500.0
411.0
380.0
271.0
448.0
237.0
357.0
390.0
480.0
465.0
198.0
370.0
380.0
454.0
354.0
500.0
349.0
307.0
455.0
480.0
361.0
326.0
344.0
377.0
441.0
355.0
427.0
277.0
500.0
500.0
278.0
343.0
500.0
289.0
488.0
328.0
395.0
500.0
256.0
382.0
477.0
245.0
326.0
245.0
120.0
500.0
500.0
450.0
213.0
481.0
500.0
500.0
500.0
335.0
500.0
500.0
482.0
500.0
500.0
500.0
500.0
500.0
500.0
500.0
500.0
500.0
500.0
500.0
282.0
500.0
224.0
500.0
241.0
500.0
240.0
500.0
500.0
243.0
500.0
500.0
500.0
315.0
500.0
500.0
500.0
395.0
389.0
500.0
500.0
500.0
180.0
500.0
387.0
500.0
446.0
500.0
352.0
500.0
318.0
243.0
329.0
500.0
500.0
364.0
258.0
500.0
500.0
500.0
500.0
500.0
500.0
355.0
500.0
500.0
500.0
500.0
500.0
500.0
500.0
500.0
304.0
500.0
500.0
500.0
327.0
500.0
500.0
500.0
500.0
500.0
500.0
500.0
500.0
500.0
500.0
500.0
500.0
500.0
383.0
500.0
500.0
500.0
301.0
330.0
248.0
25.0
102.0
97.0
173.0
140.0
306.0
150.0
204.0
230.0
230.0
165.0
352.0
326.0
500.0
146.0
186.0
158.0
57.0
106.0
318.0
366.0
500.0
286.0
249.0
500.0
34.0
476.0
197.0
129.0
255.0
500.0
143.0
165.0
157.0
500.0
280.0
500.0
120.0
152.0
305.0
110.0
173.0
500.0
325.0
286.0
137.0
202.0
172.0
281.0
192.0
154.0
149.0
266.0
236.0
221.0
275.0
441.0
129.0
112.0
170.0
222.0
155.0
222.0
108.0
500.0
85.0
151.0
230.0
186.0
214.0
17.0
168.0
43.0
87.0
268.0
13.0
67.0
41.0
210.0
221.0
190.0
199.0
286.0
129.0
252.0
179.0
378.0
167.0
144.0
236.0
19.0
252.0
293.0
124.0
305.0
124.0
366.0
393.0
378.0
460.0
226.0
470.0
146.0
500.0
229.0
175.0
332.0
444.0
287.0
360.0
392.0
366.0
260.0
306.0
348.0
425.0
326.0
303.0
430.0
391.0
500.0
362.0
261.0
500.0
500.0
216.0
500.0
329.0
500.0
500.0
260.0
405.0
205.0
294.0
384.0
361.0
366.0
181.0
141.0
148.0
168.0
172.0
221.0
500.0
219.0
194.0
384.0
261.0
290.0
246.0
167.0
295.0
163.0
131.0
500.0
309.0
240.0
423.0
197.0
347.0
397.0
297.0
226.0
16.0
150.0
40.0
284.0
323.0
235.0
180.0
161.0
346.0
151.0
269.0
207.0
204.0
274.0
161.0
289.0
175.0
365.0
221.0
307.0
500.0
434.0
500.0
323.0
384.0
136.0
500.0
500.0
209.0
355.0
408.0
35.0
335.0
131.0
357.0
405.0
500.0
500.0
364.0
436.0
340.0
456.0
472.0
485.0
357.0
354.0
432.0
347.0
333.0
106.0
461.0
313.0
328.0
289.0
402.0
304.0
185.0
220.0
219.0
153.0
261.0
186.0
500.0
311.0
180.0
424.0
427.0
365.0
456.0
422.0
271.0
436.0
386.0
394.0
155.0
301.0
309.0
387.0
365.0
293.0
404.0
417.0
384.0
299.0
298.0
285.0
92.0
342.0
354.0
380.0
198.0
281.0
152.0
139.0
208.0
212.0
305.0
140.0
268.0
202.0
317.0
209.0
323.0
416.0
377.0
500.0
284.0
256.0
351.0
381.0
319.0
403.0
109.0
330.0
302.0
293.0
283.0
147.0
358.0
269.0
200.0
167.0
175.0
153.0
293.0
256.0
296.0
228.0
268.0
174.0
292.0
300.0
273.0
399.0
308.0
191.0
377.0
329.0
167.0
268.0
230.0
213.0
295.0
267.0
204.0
292.0
206.0
236.0
272.0
259.0
273.0
290.0
366.0
165.0
258.0
207.0
197.0
131.0
154.0
209.0
110.0
217.0
222.0
155.0
195.0
189.0
189.0
194.0
237.0
178.0
217.0
179.0
117.0
203.0
210.0
165.0
319.0
189.0
225.0
150.0
145.0
251.0
221.0
204.0
214.0
181.0
195.0
259.0
213.0
206.0
228.0
185.0
118.0
224.0
285.0
299.0
197.0
237.0
290.0
251.0
250.0
154.0
216.0
287.0
313.0
260.0
221.0
181.0
220.0
224.0
38.0
233.0
221.0
150.0
130.0
125.0
133.0
290.0
253.0
237.0
212.0
170.0
143.0
212.0
125.0
201.0
300.0
275.0
222.0
201.0
182.0
199.0
179.0
158.0
186.0
318.0
296.0
285.0
154.0
223.0
106.0
322.0
285.0
220.0
244.0
218.0
209.0
209.0
326.0
232.0
251.0
291.0
235.0
170.0
228.0
467.0
175.0
189.0
360.0
219.0
251.0
250.0
218.0
204.0
184.0
290.0
298.0
334.0
256.0
182.0
334.0
194.0
262.0
296.0
225.0
159.0
176.0
212.0
183.0
342.0
259.0
334.0
185.0
36.0
282.0
287.0
220.0
213.0
222.0
234.0
15.0
344.0
500.0
201.0
251.0
174.0
174.0
231.0
361.0
290.0
283.0
308.0
247.0
187.0
323.0
208.0
135.0
238.0
181.0
221.0
300.0
255.0
289.0
255.0
399.0
162.0
203.0
500.0
267.0
328.0
275.0
300.0
268.0
201.0
273.0
198.0
304.0
252.0
214.0
127.0
200.0
242.0
256.0
302.0
261.0
249.0
228.0
168.0
354.0
290.0
15.0
207.0
126.0
208.0
118.0
179.0
198.0
268.0
220.0
120.0
205.0
166.0
375.0
190.0
128.0
224.0
196.0
182.0
139.0
222.0
175.0
186.0
144.0
248.0
177.0
149.0
181.0
162.0
194.0
152.0
152.0
253.0
192.0
178.0
134.0
170.0
165.0
184.0
192.0
197.0
226.0
172.0
145.0
295.0
170.0
144.0
201.0
199.0
263.0
132.0
211.0
159.0
217.0
218.0
180.0
169.0
156.0
171.0
212.0
153.0
205.0
170.0
291.0
247.0
251.0
169.0
18.0
185.0
145.0
188.0
260.0
233.0
363.0
197.0
189.0
221.0
209.0
249.0
185.0
260.0
143.0
146.0
133.0
212.0
232.0
250.0
233.0
193.0
202.0
186.0
213.0
185.0
208.0
222.0
176.0
270.0
177.0
217.0
181.0
183.0
172.0
205.0
164.0
151.0
260.0
301.0
176.0
181.0
177.0
163.0
144.0
148.0
142.0
252.0
193.0
266.0
189.0
227.0
102.0
196.0
119.0
222.0
207.0
205.0
207.0
273.0
114.0
123.0
196.0
232.0
192.0
238.0
226.0
161.0
171.0
232.0
242.0
181.0
212.0
335.0
219.0
119.0
351.0
166.0
144.0
231.0
178.0
181.0
207.0
122.0
152.0
164.0
139.0
205.0
268.0
177.0
165.0
158.0
350.0
158.0
162.0
219.0
172.0
147.0
150.0
144.0
180.0
196.0
232.0
274.0
118.0
162.0
240.0
217.0
140.0
109.0
225.0
123.0
18.0
258.0
201.0
124.0
187.0
176.0
222.0
203.0
452.0
147.0
259.0
192.0
222.0
124.0
180.0
168.0
203.0
167.0
216.0
162.0
395.0
227.0
180.0
185.0
175.0
186.0
195.0
201.0
277.0
195.0
144.0
197.0
182.0
222.0
168.0
157.0
195.0
202.0
139.0
231.0
119.0
138.0
256.0
144.0
174.0
130.0
174.0
301.0
262.0
210.0
145.0
195.0
151.0
177.0
198.0
207.0
199.0
207.0
228.0
143.0
227.0
166.0
239.0
143.0
268.0
281.0
171.0
136.0
177.0
215.0
107.0
240.0
186.0
169.0
174.0
219.0
199.0
152.0
145.0
203.0
188.0
129.0
210.0
173.0
189.0
212.0
189.0
148.0
201.0
215.0
139.0
342.0
149.0
213.0
146.0
181.0
223.0
181.0
241.0
165.0
162.0
198.0
130.0
241.0
288.0
240.0
221.0
164.0
251.0
198.0
205.0
206.0
232.0
140.0
230.0
208.0
197.0
136.0
198.0
190.0
196.0
181.0
158.0
238.0
250.0
193.0
258.0
142.0
328.0
199.0
141.0
235.0
174.0
154.0
136.0
181.0
100.0
204.0
145.0
153.0
199.0
147.0
100.0
247.0
171.0
334.0
225.0
212.0
144.0
139.0
101.0
194.0
175.0
109.0
225.0
199.0
305.0
200.0
208.0
133.0
209.0
297.0
220.0
183.0
129.0
160.0
351.0
307.0
219.0
217.0
135.0
433.0
280.0
158.0
199.0
160.0
270.0
148.0
147.0
384.0
173.0
127.0
141.0
112.0
158.0
238.0
109.0
293.0
134.0
240.0
179.0
154.0
192.0
144.0
202.0
208.0
131.0
160.0
262.0
214.0
253.0
130.0
144.0
127.0
231.0
169.0
310.0
138.0
190.0
135.0
152.0
184.0
114.0
120.0
104.0
186.0
144.0
138.0
231.0
124.0
177.0
347.0
128.0
144.0
150.0
161.0
219.0
166.0
85.0
182.0
196.0
82.0
121.0
172.0
183.0
160.0
83.0
138.0
141.0
330.0
278.0
150.0
281.0
115.0
200.0
82.0
214.0
178.0
219.0
182.0
164.0
173.0
79.0
234.0
217.0
91.0
93.0
188.0
90.0
147.0
284.0
110.0
110.0
63.0
102.0
146.0
104.0
189.0
413.0
159.0
126.0
144.0
229.0
265.0
116.0
63.0
73.0
306.0
203.0
85.0
179.0
95.0
104.0
107.0
124.0
168.0
486.0
104.0
189.0
80.0
50.0
102.0
187.0
93.0
374.0
136.0
357.0
69.0
500.0
128.0
302.0
200.0
157.0
37.0
52.0
50.0
140.0
179.0
133.0
55.0
182.0
334.0
113.0
140.0
198.0
124.0
379.0
279.0
170.0
115.0
65.0
117.0
60.0
32.0
96.0
47.0
57.0
40.0
114.0
77.0
222.0
65.0
44.0
27.0
228.0
202.0
63.0
28.0
159.0
231.0
54.0
56.0
49.0
93.0
34.0
206.0
260.0
80.0
219.0
45.0
282.0
166.0
83.0
46.0
98.0
37.0
47.0
56.0
41.0
500.0
194.0
322.0
48.0
214.0
293.0
55.0
48.0
108.0
185.0
128.0
204.0
144.0
57.0
153.0
208.0
357.0
153.0
14.0
47.0
500.0
500.0
500.0
330.0
60.0
67.0
34.0
315.0
39.0
500.0
69.0
151.0
160.0
42.0
59.0
65.0
137.0
86.0
94.0
239.0
434.0
29.0
31.0
158.0
159.0
41.0
61.0
113.0
291.0
301.0
398.0
38.0
106.0
259.0
15.0
30.0
37.0
41.0
27.0
151.0
21.0
26.0
35.0
27.0
93.0
43.0
25.0
298.0
159.0
86.0
139.0
187.0
133.0
138.0
316.0
172.0
255.0
134.0
109.0
43.0
89.0
162.0
51.0
78.0
40.0
21.0
225.0
85.0
35.0
23.0
72.0
68.0
26.0
28.0
188.0
41.0
117.0
77.0
46.0
263.0
111.0
14.0
26.0
31.0
131.0
22.0
127.0
298.0
14.0
11.0
95.0
179.0
74.0
467.0
121.0
149.0
83.0
500.0
272.0
214.0
14.0
19.0
22.0
23.0
12.0
15.0
14.0
93.0
16.0
34.0
36.0
26.0
87.0
123.0
11.0
13.0
28.0
9.0
92.0
80.0
116.0
384.0
30.0
73.0
166.0
223.0
212.0
27.0
80.0
88.0
14.0
11.0
26.0
24.0
24.0
63.0
62.0
67.0
25.0
22.0
10.0
40.0
11.0
49.0
106.0
15.0
21.0
23.0
10.0
22.0
19.0
15.0
22.0
12.0
14.0
219.0
28.0
151.0
81.0
23.0
11.0
14.0
71.0
25.0
53.0
23.0
72.0
98.0
23.0
78.0
43.0
25.0
128.0
107.0
28.0
236.0
184.0
61.0
104.0
118.0
219.0
146.0
89.0
222.0
109.0
10.0
80.0
101.0
57.0
96.0
47.0
145.0
123.0
132.0
151.0
137.0
57.0
146.0
197.0
123.0
201.0
206.0
153.0
81.0
58.0
120.0
37.0
116.0
52.0
11.0
48.0
94.0
147.0
149.0
46.0
135.0
162.0
55.0
217.0
132.0
154.0
137.0
10.0
36.0
153.0
24.0
75.0
153.0
133.0
167.0
127.0
94.0
188.0
128.0
150.0
125.0
36.0
153.0
156.0
153.0
72.0
102.0
192.0
159.0
128.0
66.0
131.0
140.0
164.0
154.0
171.0
119.0
157.0
208.0
95.0
39.0
134.0
149.0
85.0
215.0
167.0
192.0
109.0
191.0
187.0
158.0
154.0
221.0
129.0
123.0
62.0
117.0
151.0
185.0
163.0
162.0
96.0
193.0
178.0
178.0
163.0
143.0
153.0
136.0
173.0
88.0
118.0
175.0
110.0
164.0
125.0
132.0
114.0
94.0
130.0
131.0
70.0
108.0
189.0
126.0
152.0
143.0
132.0
153.0
129.0
153.0
149.0
97.0
138.0
132.0
114.0
100.0
222.0
161.0
97.0
117.0
116.0
167.0
177.0
131.0
131.0
110.0
102.0
84.0
207.0
198.0
119.0
204.0
149.0
274.0
220.0
139.0
154.0
188.0
135.0
175.0
154.0
169.0
90.0
180.0
133.0
79.0
170.0
149.0
142.0
30.0
186.0
199.0
152.0
222.0
204.0
211.0
208.0
204.0
213.0
186.0
219.0
240.0
208.0
199.0
159.0
241.0
278.0
192.0
146.0
189.0
194.0
144.0
164.0
184.0
177.0
150.0
254.0
247.0
177.0
191.0
181.0
165.0
140.0
161.0
197.0
188.0
187.0
210.0
178.0
175.0
93.0
178.0
226.0
166.0
194.0
160.0
172.0
154.0
185.0
220.0
217.0
169.0
225.0
167.0
166.0
245.0
116.0
154.0
149.0
158.0
252.0
138.0
167.0
228.0
153.0
142.0
202.0
196.0
241.0
193.0
228.0
181.0
204.0
219.0
246.0
202.0
202.0
166.0
207.0
243.0
160.0
246.0
221.0
258.0
204.0
171.0
217.0
123.0
221.0
111.0
191.0
219.0
253.0
229.0
218.0
268.0
158.0
254.0
141.0
144.0
227.0
110.0
136.0
207.0
119.0
130.0
234.0
92.0
151.0
203.0
154.0
77.0
263.0
188.0
185.0
197.0
190.0
181.0
114.0
165.0
175.0
318.0
143.0
173.0
179.0
131.0
197.0
176.0
115.0
136.0
185.0
202.0
219.0
132.0
169.0
231.0
283.0
232.0
259.0
138.0
214.0
177.0
218.0
303.0
318.0
125.0
201.0
212.0
200.0
124.0
219.0
129.0
325.0
149.0
200.0
350.0
187.0
167.0
125.0
221.0
179.0
83.0
114.0
108.0
83.0
107.0
122.0
169.0
96.0
95.0
140.0
120.0
169.0
157.0
156.0
208.0
184.0
114.0
202.0
117.0
120.0
164.0
178.0
125.0
182.0
115.0
175.0
109.0
203.0
157.0
208.0
203.0
180.0
104.0
128.0
185.0
128.0
131.0
129.0
311.0
303.0
309.0
154.0
177.0
134.0
221.0
127.0
99.0
130.0
213.0
270.0
207.0
188.0
270.0
41.0
130.0
110.0
175.0
194.0
196.0
183.0
189.0
219.0
247.0
186.0
138.0
320.0
129.0
173.0
145.0
176.0
168.0
147.0
126.0
142.0
115.0
154.0
105.0
160.0
196.0
123.0
95.0
256.0
149.0
129.0
152.0
88.0
111.0
146.0
140.0
144.0
107.0
117.0
152.0
108.0
113.0
165.0
135.0
147.0
203.0
54.0
105.0
296.0
147.0
113.0
91.0
164.0
136.0
119.0
144.0
224.0
46.0
169.0
139.0
130.0
136.0
114.0
191.0
127.0
103.0
225.0
174.0
264.0
132.0
157.0
136.0
130.0
210.0
287.0
196.0
133.0
184.0
135.0
224.0
167.0
125.0
139.0
202.0
138.0
135.0
118.0
213.0
133.0
133.0
223.0
160.0
115.0
155.0
117.0
111.0
183.0
117.0
127.0
189.0
150.0
146.0
86.0
497.0
72.0
182.0
136.0
60.0
10.0
199.0
107.0
190.0
118.0
111.0
132.0
185.0
109.0
162.0
194.0
231.0
105.0
168.0
148.0
163.0
132.0
52.0
160.0
228.0
107.0
109.0
170.0
185.0
107.0
129.0
73.0
91.0
166.0
173.0
139.0
155.0
208.0
10.0
143.0
177.0
140.0
130.0
140.0
79.0
137.0
162.0
99.0
23.0
168.0
98.0
186.0
151.0
168.0
102.0
146.0
130.0
154.0
214.0
137.0
108.0
110.0
113.0
145.0
160.0
108.0
192.0
149.0
99.0
136.0
120.0
143.0
142.0
88.0
204.0
209.0
184.0
160.0
194.0
395.0
147.0
200.0
237.0
126.0
120.0
155.0
216.0
135.0
122.0
114.0
110.0
99.0
99.0
94.0
175.0
234.0
217.0
200.0
227.0
147.0
186.0
126.0
130.0
170.0
81.0
94.0
96.0
242.0
90.0
168.0
162.0
138.0
161.0
112.0
126.0
126.0
114.0
223.0
264.0
167.0
71.0
258.0
88.0
221.0
121.0
100.0
170.0
122.0
138.0
120.0
170.0
198.0
120.0
83.0
110.0
85.0
189.0
138.0
99.0
138.0
148.0
222.0
112.0
113.0
125.0
10.0
162.0
171.0
12.0
136.0
76.0
108.0
68.0
140.0
137.0
110.0
245.0
194.0
95.0
192.0
85.0
157.0
87.0
95.0
272.0
159.0
237.0
118.0
127.0
208.0
209.0
142.0
182.0
230.0
151.0
110.0
143.0
190.0
130.0
175.0
148.0
146.0
166.0
182.0
153.0
205.0
201.0
168.0
204.0
220.0
211.0
367.0
194.0
206.0
133.0
179.0
135.0
140.0
237.0
179.0
158.0
230.0
188.0
224.0
179.0
108.0
194.0
187.0
162.0
221.0
204.0
132.0
459.0
236.0
126.0
195.0
244.0
118.0
187.0
156.0
80.0
202.0
271.0
89.0
85.0
156.0
245.0
360.0
160.0
104.0
140.0
500.0
193.0
176.0
160.0
167.0
209.0
262.0
287.0
299.0
169.0
226.0
92.0
225.0
203.0
225.0
193.0
246.0
183.0
164.0
135.0
122.0
238.0
193.0
287.0
183.0
218.0
220.0
112.0
188.0
184.0
154.0
92.0
124.0
168.0
183.0
133.0
197.0
168.0
194.0
155.0
171.0
111.0
200.0
157.0
191.0
187.0
232.0
170.0
178.0
214.0
84.0
215.0
151.0
157.0
203.0
207.0
225.0
112.0
171.0
192.0
221.0
183.0
108.0
251.0
126.0
104.0
95.0
118.0
116.0
136.0
162.0
160.0
118.0
218.0
124.0
124.0
345.0
225.0
127.0
100.0
92.0
233.0
215.0
106.0
118.0
126.0
100.0
170.0
196.0
120.0
171.0
190.0
111.0
88.0
183.0
109.0
209.0
139.0
447.0
171.0
166.0
148.0
191.0
91.0
84.0
202.0
108.0
165.0
189.0
130.0
182.0
123.0
144.0
123.0
169.0
153.0
146.0
111.0
187.0
190.0
91.0
169.0
161.0
147.0
153.0
180.0
189.0
155.0
142.0
139.0
151.0
201.0
193.0
86.0
193.0
103.0
176.0
158.0
120.0
272.0
141.0
136.0
156.0
147.0
135.0
157.0
132.0
163.0
134.0
124.0
107.0
208.0
214.0
191.0
159.0
97.0
144.0
113.0
123.0
138.0
192.0
146.0
158.0
143.0
144.0
148.0
205.0
133.0
170.0
135.0
208.0
178.0
224.0
146.0
67.0
169.0
203.0
170.0
129.0
144.0
217.0
143.0
150.0
163.0
175.0
136.0
58.0
183.0
131.0
149.0
115.0
97.0
168.0
169.0
92.0
136.0
209.0
151.0
225.0
159.0
139.0
106.0
200.0
134.0
142.0
137.0
67.0
211.0
221.0
124.0
166.0
133.0
134.0
131.0
173.0
117.0
103.0
147.0
151.0
135.0
216.0
105.0
129.0
169.0
149.0
116.0
207.0
118.0
161.0
106.0
121.0
137.0
136.0
182.0
221.0
178.0
115.0
172.0
104.0
142.0
140.0
125.0
114.0
141.0
156.0
166.0
136.0
116.0
119.0
60.0
187.0
142.0
143.0
186.0
136.0
157.0
214.0
149.0
161.0
165.0
152.0
173.0
196.0
210.0
170.0
232.0
127.0
127.0
138.0
144.0
154.0
186.0
150.0
137.0
109.0
125.0
173.0
197.0
139.0
186.0
129.0
153.0
131.0
129.0
126.0
205.0
149.0
152.0
133.0
157.0
169.0
173.0
99.0
120.0
116.0
215.0
165.0
151.0
143.0
123.0
150.0
171.0
221.0
124.0
104.0
127.0
150.0
222.0
165.0
199.0
227.0
159.0
256.0
148.0
99.0
177.0
137.0
131.0
184.0
160.0
131.0
159.0
124.0
175.0
142.0
144.0
213.0
183.0
165.0
141.0
63.0
148.0
136.0
116.0
148.0
185.0
110.0
156.0
123.0
131.0
138.0
101.0
151.0
118.0
131.0
107.0
156.0
141.0
227.0
220.0
223.0
177.0
135.0
161.0
86.0
124.0
162.0
128.0
193.0
177.0
149.0
140.0
124.0
119.0
217.0
155.0
109.0
175.0
108.0
117.0
162.0
158.0
143.0
155.0
144.0
113.0
161.0
171.0
196.0
144.0
139.0
135.0
126.0
162.0
108.0
146.0
182.0
114.0
146.0
189.0
164.0
186.0
101.0
147.0
194.0
159.0
127.0
234.0
235.0
232.0
118.0
151.0
161.0
193.0
140.0
114.0
187.0
109.0
183.0
150.0
138.0
132.0
111.0
128.0
123.0
133.0
142.0
96.0
115.0
134.0
154.0
147.0
183.0
127.0
162.0
178.0
141.0
150.0
191.0
138.0
170.0
129.0
198.0
160.0
100.0
175.0
100.0
161.0
124.0
127.0
171.0
151.0
169.0
141.0
138.0
124.0
148.0
181.0
166.0
177.0
109.0
94.0
250.0
288.0
247.0
100.0
278.0
247.0
183.0
74.0
332.0
145.0
170.0
113.0
87.0
133.0
163.0
353.0
256.0
288.0
216.0
183.0
108.0
235.0
205.0
84.0
89.0
81.0
141.0
67.0
254.0
92.0
133.0
72.0
229.0
276.0
287.0
294.0
352.0
341.0
231.0
429.0
321.0
177.0
327.0
294.0
89.0
70.0
160.0
94.0
224.0
46.0
89.0
409.0
80.0
67.0
89.0
340.0
147.0
117.0
80.0
234.0
246.0
251.0
276.0
269.0
209.0
280.0
243.0
183.0
93.0
92.0
199.0
138.0
100.0
71.0
85.0
176.0
178.0
132.0
261.0
86.0
175.0
147.0
254.0
162.0
104.0
148.0
231.0
123.0
174.0
146.0
146.0
318.0
65.0
91.0
159.0
118.0
136.0
183.0
84.0
188.0
106.0
329.0
97.0
195.0
141.0
152.0
155.0
154.0
94.0
130.0
141.0
276.0
251.0
145.0
500.0
100.0
169.0
496.0
68.0
163.0
78.0
194.0
87.0
265.0
147.0
97.0
85.0
192.0
142.0
125.0
105.0
177.0
77.0
201.0
87.0
129.0
137.0
246.0
172.0
172.0
96.0
152.0
125.0
105.0
93.0
316.0
278.0
238.0
303.0
345.0
77.0
132.0
76.0
75.0
116.0
248.0
234.0
246.0
64.0
273.0
420.0
124.0
401.0
178.0
20.0
364.0
52.0
168.0
142.0
35.0
273.0
258.0
407.0
243.0
377.0
303.0
500.0
500.0
414.0
500.0
500.0
472.0
500.0
435.0
330.0
500.0
254.0
216.0
479.0
435.0
500.0
500.0
500.0
399.0
344.0
500.0
500.0
500.0
11.0
110.0
500.0
500.0
456.0
500.0
8.0
500.0
500.0
500.0
366.0
398.0
113.0
486.0
500.0
254.0
500.0
500.0
500.0
500.0
500.0
500.0
500.0
385.0
500.0
500.0
500.0
500.0
492.0
500.0
500.0
469.0
431.0
500.0
500.0
500.0
500.0
500.0
500.0
500.0
500.0
500.0
500.0
500.0
500.0
500.0
410.0
500.0
500.0
500.0
500.0
500.0
500.0
500.0
435.0
500.0
500.0
500.0
500.0
500.0
500.0
500.0
500.0
416.0
500.0
500.0
500.0
500.0
500.0
500.0
500.0
500.0
500.0
500.0
500.0
338.0
500.0
500.0
400.0
500.0
500.0
500.0
500.0
258.0
500.0
500.0
93.0
495.0
500.0
500.0
489.0
87.0
500.0
500.0
500.0
477.0
500.0
500.0
362.0
405.0
496.0
500.0
500.0
500.0
500.0
500.0
500.0
500.0
80.0
500.0
500.0
500.0
500.0
500.0
500.0
421.0
378.0
500.0
500.0
472.0
470.0
500.0
500.0
500.0
500.0
500.0
500.0
500.0
500.0
500.0
500.0
475.0
500.0
426.0
500.0
500.0
500.0
500.0
500.0
500.0
500.0
500.0
487.0
500.0
484.0
500.0
500.0
500.0
500.0
500.0
500.0
500.0
500.0
500.0
500.0
500.0
500.0
500.0
500.0
500.0
500.0
500.0
500.0
500.0
500.0
500.0
500.0
500.0
500.0
500.0
500.0
500.0
500.0
476.0
500.0
500.0
500.0
464.0
500.0
500.0
500.0
500.0
491.0
500.0
500.0
500.0
442.0
248.0
500.0
500.0
500.0
500.0
500.0
500.0
500.0
500.0
500.0
500.0
500.0
500.0
500.0
500.0
500.0
500.0
500.0
500.0
494.0
500.0
500.0
405.0
500.0
500.0
500.0
462.0
500.0
500.0
500.0
500.0
500.0
500.0
500.0
439.0
13.0
500.0
500.0
500.0
500.0
485.0
500.0
500.0
500.0
500.0
500.0
500.0
500.0
500.0
418.0
500.0
432.0
500.0
500.0
500.0
485.0
481.0
500.0
500.0
500.0
431.0
500.0
500.0
420.0
500.0
46.0
500.0
500.0
500.0
500.0
500.0
500.0
500.0
500.0
497.0
500.0
500.0
500.0
500.0
500.0
500.0
500.0
500.0
500.0
463.0
500.0
500.0
500.0
500.0
500.0
459.0
500.0
500.0
500.0
500.0
500.0
500.0
500.0
446.0
500.0
457.0
500.0
500.0
500.0
500.0
500.0
500.0
500.0
500.0
500.0
500.0
500.0
489.0
500.0
500.0
500.0
500.0
229.0
500.0
500.0
500.0
500.0
500.0
500.0
500.0
500.0
500.0
422.0
500.0
500.0
500.0
500.0
500.0
500.0
500.0
500.0
500.0
500.0
500.0
500.0
500.0
500.0
500.0
500.0
500.0
500.0
500.0
500.0
500.0
500.0
500.0
500.0
433.0
500.0
500.0
500.0
500.0
500.0
500.0
500.0
500.0
500.0
500.0
500.0
500.0
500.0
500.0
500.0
500.0
500.0
500.0
500.0
500.0
500.0
500.0
500.0
500.0
377.0
500.0
500.0
500.0
500.0
500.0
500.0
500.0
500.0
494.0
500.0
305.0
500.0
500.0
500.0
500.0
500.0
500.0
500.0
500.0
500.0
500.0
500.0
500.0
500.0
500.0
500.0
500.0
500.0
500.0
500.0
500.0
500.0
500.0
500.0
500.0
500.0
500.0
500.0
500.0
500.0
500.0
500.0
500.0
500.0
500.0
500.0
500.0
500.0
500.0
500.0
500.0
500.0
246.0
500.0
500.0
500.0
500.0
500.0
500.0
500.0
500.0
459.0
500.0
500.0
500.0
500.0
500.0
500.0
500.0
500.0
500.0
500.0
500.0
500.0
500.0
500.0
500.0
500.0
500.0
479.0
500.0
500.0
500.0
500.0
500.0
500.0
500.0
465.0
500.0
500.0
500.0
500.0
500.0
455.0
500.0
500.0
500.0
500.0
500.0
500.0
500.0
500.0
500.0
500.0
498.0
500.0
500.0
500.0
500.0
500.0
500.0
500.0
500.0
500.0
500.0
500.0
500.0
500.0
500.0
244.0
500.0
500.0
500.0
500.0
500.0
461.0
500.0
500.0
500.0
500.0
500.0
500.0
500.0
500.0
500.0
500.0
500.0
500.0
500.0
500.0
500.0
500.0
500.0
500.0
500.0
243.0
500.0
500.0
500.0
500.0
500.0
500.0
500.0
500.0
500.0
500.0
500.0
500.0
500.0
500.0
500.0
500.0
500.0
500.0
310.0
500.0
500.0
353.0
500.0
500.0
500.0
13.0
500.0
500.0
500.0
500.0
440.0
500.0
500.0
500.0
500.0
500.0
408.0
500.0
500.0
500.0
500.0
500.0
500.0
500.0
500.0
500.0
500.0
500.0
500.0
500.0
500.0
500.0
500.0
500.0
500.0
500.0
500.0
500.0
500.0
271.0
500.0
500.0
500.0
500.0
500.0
500.0
500.0
500.0
500.0
500.0
500.0
500.0
500.0
500.0
500.0
500.0
500.0
500.0
500.0
500.0
500.0
500.0
500.0
500.0
500.0
500.0
500.0
500.0
500.0
500.0
500.0
500.0
500.0
500.0
500.0
500.0
500.0
500.0
500.0
500.0
500.0
494.0
500.0
500.0
500.0
500.0
500.0
500.0
500.0
500.0
390.0
500.0
500.0
500.0
500.0
500.0
500.0
500.0
500.0
500.0
500.0
500.0
500.0
500.0
500.0
500.0
500.0
500.0
378.0
500.0
500.0
41.0
500.0
500.0
500.0
500.0
500.0
500.0
500.0
500.0
500.0
500.0
500.0
500.0
500.0
500.0
500.0
500.0
500.0
500.0
500.0
500.0
500.0
496.0
500.0
500.0
500.0
500.0
500.0
500.0
500.0
500.0
500.0
500.0
500.0
500.0
500.0
500.0
437.0
500.0
500.0
500.0
500.0
500.0
500.0
500.0
500.0
500.0
500.0
500.0
500.0
500.0
500.0
500.0
500.0
500.0
500.0
500.0
500.0
494.0
500.0
500.0
500.0
500.0
500.0
500.0
500.0
500.0
500.0
500.0
500.0
500.0
500.0
500.0
500.0
480.0
500.0
500.0
500.0
500.0
500.0
500.0
500.0
500.0
500.0
500.0
500.0
500.0
500.0
500.0
500.0
500.0
500.0
500.0
500.0
500.0
500.0
500.0
500.0
500.0
481.0
500.0
500.0
500.0
500.0
500.0
460.0
500.0
500.0
500.0
489.0
500.0
500.0
500.0
410.0
500.0
500.0
500.0
500.0
500.0
489.0
500.0
500.0
500.0
500.0
500.0
500.0
500.0
500.0
500.0
500.0
500.0
500.0
500.0
500.0
500.0
500.0
500.0
500.0
500.0
500.0
500.0
500.0
500.0
447.0
500.0
500.0
500.0
500.0
500.0
500.0
500.0
500.0
500.0
500.0
500.0
500.0
500.0
500.0
500.0
500.0
500.0
500.0
500.0
401.0
500.0
500.0
500.0
500.0
500.0
500.0
500.0
500.0
500.0
500.0
397.0
500.0
500.0
500.0
500.0
500.0
500.0
500.0
500.0
500.0
500.0
500.0
500.0
500.0
500.0
500.0
500.0
500.0
500.0
500.0
500.0
500.0
500.0
500.0
500.0
500.0
408.0
500.0
500.0
500.0
500.0
500.0
500.0
500.0
500.0
500.0
500.0
500.0
500.0
500.0
440.0
500.0
420.0
500.0
500.0
500.0
500.0
500.0
500.0
500.0
500.0
500.0
500.0
500.0
500.0
500.0
500.0
500.0
500.0
500.0
500.0
500.0
500.0
500.0
500.0
500.0
500.0
500.0
500.0
500.0
500.0
500.0
500.0
500.0
500.0
500.0
500.0
500.0
500.0
500.0
500.0
500.0
500.0
500.0
500.0
500.0
500.0
500.0
500.0
500.0
500.0
500.0
500.0
500.0
483.0
500.0
500.0
500.0
500.0
500.0
500.0
500.0
500.0
500.0
500.0
500.0
500.0
500.0
500.0
500.0
500.0
500.0
500.0
500.0
500.0
500.0
500.0
500.0
500.0
500.0
500.0
500.0
500.0
500.0
500.0
500.0
500.0
500.0
500.0
500.0
500.0
500.0
500.0
500.0
500.0
500.0
500.0
500.0
500.0
417.0
500.0
500.0
500.0
500.0
500.0
500.0
500.0
500.0
500.0
500.0
500.0
500.0
500.0
500.0
500.0
500.0
500.0
500.0
500.0
500.0
500.0
500.0
500.0
360.0
500.0
500.0
500.0
500.0
500.0
500.0
500.0
500.0
500.0
500.0
500.0
500.0
500.0
500.0
482.0
500.0
500.0
500.0
500.0
500.0
500.0
500.0
500.0
500.0
500.0
500.0
500.0
500.0
299.0
500.0
500.0
500.0
500.0
500.0
500.0
500.0
500.0
500.0
500.0
500.0
500.0
500.0
500.0
393.0
500.0
500.0
500.0
425.0
500.0
500.0
500.0
500.0
500.0
500.0
500.0
500.0
500.0
500.0
500.0
500.0
500.0
500.0
500.0
500.0
500.0
500.0
500.0
500.0
500.0
500.0
500.0
500.0
500.0
500.0
500.0
500.0
500.0
500.0
500.0
500.0
500.0
500.0
500.0
500.0
500.0
500.0
500.0
500.0
500.0
500.0
500.0
500.0
500.0
500.0
500.0
500.0
500.0
500.0
500.0
500.0
500.0
500.0
500.0
500.0
500.0
500.0
500.0
500.0
500.0
500.0
500.0
500.0
500.0
500.0
500.0
500.0
500.0
500.0
500.0
500.0
500.0
500.0
500.0
500.0
500.0
500.0
500.0
500.0
500.0
500.0
500.0
500.0
500.0
500.0
500.0
500.0
500.0
500.0
500.0
500.0
500.0
500.0
500.0
500.0
500.0
500.0
500.0
500.0
500.0
500.0
500.0
500.0
500.0
500.0
500.0
500.0
500.0
500.0
500.0
500.0
500.0
500.0
500.0
500.0
500.0
500.0
500.0
500.0