12.0
24.0
19.0
26.0
24.0
21.0
21.0
14.0
8.0
15.0
14.0
9.0
11.0
10.0
11.0
19.0
14.0
15.0
10.0
14.0
8.0
11.0
12.0
12.0
11.0
13.0
13.0
10.0
11.0
16.0
12.0
11.0
11.0
11.0
11.0
10.0
15.0
15.0
12.0
11.0
20.0
14.0
15.0
10.0
17.0
23.0
22.0
11.0
11.0
21.0
23.0
26.0
11.0
12.0
16.0
23.0
29.0
14.0
13.0
25.0
23.0
29.0
28.0
25.0
36.0
41.0
25.0
23.0
33.0
35.0
15.0
47.0
11.0
45.0
37.0
50.0
14.0
10.0
16.0
48.0
32.0
64.0
11.0
13.0
29.0
75.0
34.0
42.0
50.0
34.0
67.0
27.0
69.0
45.0
9.0
41.0
41.0
92.0
51.0
96.0
22.0
50.0
52.0
57.0
90.0
83.0
61.0
62.0
45.0
15.0
83.0
65.0
38.0
88.0
44.0
97.0
42.0
35.0
126.0
43.0
14.0
112.0
46.0
65.0
163.0
24.0
89.0
53.0
40.0
48.0
55.0
77.0
67.0
98.0
45.0
95.0
85.0
36.0
36.0
108.0
229.0
47.0
58.0
153.0
65.0
307.0
394.0
64.0
480.0
35.0
128.0
217.0
150.0
500.0
77.0
48.0
109.0
282.0
87.0
154.0
208.0
299.0
253.0
78.0
129.0
116.0
116.0
89.0
101.0
84.0
113.0
44.0
120.0
180.0
40.0
107.0
148.0
152.0
81.0
84.0
131.0
87.0
79.0
119.0
105.0
166.0
225.0
87.0
186.0
192.0
100.0
100.0
167.0
155.0
137.0
134.0
169.0
116.0
239.0
63.0
143.0
434.0
311.0
261.0
417.0
56.0
272.0
475.0
312.0
413.0
318.0
128.0
435.0
182.0
72.0
305.0
195.0
342.0
370.0
298.0
204.0
181.0
419.0
189.0
176.0
172.0
213.0
259.0
164.0
399.0
399.0
289.0
394.0
478.0
500.0
500.0
500.0
500.0
365.0
177.0
500.0
235.0
500.0
500.0
445.0
500.0
500.0
477.0
322.0
500.0
376.0
500.0
494.0
500.0
500.0
500.0
446.0
173.0
389.0
407.0
369.0
500.0
364.0
401.0
500.0
256.0
385.0
335.0
347.0
500.0
161.0
308.0
500.0
214.0
380.0
297.0
218.0
500.0
500.0
259.0
500.0
368.0
254.0
500.0
390.0
222.0
500.0
500.0
500.0
218.0
319.0
500.0
256.0
500.0
500.0
500.0
385.0
500.0
209.0
247.0
214.0
377.0
429.0
500.0
347.0
500.0
220.0
230.0
316.0
250.0
356.0
269.0
443.0
301.0
248.0
339.0
261.0
239.0
382.0
500.0
228.0
286.0
186.0
206.0
290.0
486.0
192.0
243.0
251.0
500.0
271.0
127.0
360.0
396.0
294.0
500.0
303.0
277.0
317.0
500.0
196.0
484.0
231.0
360.0
300.0
220.0
207.0
404.0
221.0
200.0
222.0
500.0
314.0
244.0
463.0
296.0
324.0
490.0
204.0
301.0
253.0
227.0
119.0
500.0
306.0
182.0
211.0
250.0
410.0
453.0
241.0
242.0
169.0
237.0
166.0
316.0
500.0
500.0
239.0
217.0
286.0
255.0
213.0
185.0
328.0
213.0
351.0
260.0
366.0
355.0
215.0
226.0
410.0
297.0
500.0
424.0
454.0
424.0
213.0
345.0
484.0
388.0
397.0
382.0
404.0
242.0
439.0
291.0
500.0
485.0
291.0
229.0
114.0
76.0
325.0
356.0
90.0
355.0
72.0
499.0
500.0
96.0
156.0
290.0
180.0
169.0
184.0
101.0
369.0
257.0
255.0
127.0
500.0
203.0
181.0
255.0
105.0
338.0
143.0
123.0
129.0
165.0
403.0
248.0
194.0
110.0
248.0
134.0
132.0
230.0
198.0
266.0
100.0
83.0
500.0
237.0
198.0
231.0
111.0
411.0
246.0
130.0
137.0
164.0
123.0
341.0
138.0
447.0
246.0
264.0
90.0
173.0
247.0
253.0
216.0
387.0
224.0
362.0
224.0
396.0
288.0
300.0
188.0
358.0
195.0
260.0
259.0
346.0
210.0
224.0
224.0
264.0
154.0
382.0
221.0
235.0
293.0
179.0
328.0
397.0
177.0
286.0
215.0
308.0
274.0
425.0
351.0
325.0
282.0
251.0
165.0
305.0
262.0
233.0
194.0
158.0
464.0
300.0
207.0
186.0
270.0
274.0
197.0
471.0
500.0
325.0
172.0
297.0
187.0
336.0
196.0
360.0
193.0
239.0
268.0
175.0
459.0
277.0
167.0
246.0
400.0
500.0
379.0
198.0
326.0
500.0
299.0
261.0
215.0
202.0
320.0
335.0
213.0
226.0
263.0
179.0
204.0
389.0
189.0
422.0
189.0
319.0
237.0
304.0
309.0
299.0
401.0
489.0
317.0
500.0
210.0
268.0
220.0
374.0
227.0
336.0
308.0
278.0
241.0
273.0
309.0
239.0
216.0
168.0
217.0
257.0
119.0
301.0
95.0
274.0
500.0
303.0
489.0
174.0
353.0
377.0
123.0
250.0
500.0
94.0
219.0
127.0
106.0
164.0
265.0
361.0
126.0
137.0
467.0
81.0
214.0
191.0
281.0
252.0
489.0
126.0
333.0
274.0
211.0
243.0
131.0
250.0
135.0
136.0
412.0
239.0
124.0
291.0
322.0
495.0
111.0
243.0
183.0
162.0
155.0
219.0
211.0
211.0
247.0
161.0
500.0
266.0
154.0
500.0
186.0
236.0
203.0
473.0
171.0
164.0
198.0
200.0
103.0
250.0
144.0
124.0
429.0
163.0
296.0
159.0
379.0
425.0
259.0
178.0
201.0
267.0
339.0
326.0
134.0
78.0
267.0
312.0
220.0
273.0
237.0
332.0
348.0
186.0
228.0
405.0
306.0
299.0
250.0
207.0
214.0
257.0
190.0
168.0
100.0
199.0
154.0
224.0
241.0
302.0
229.0
125.0
351.0
199.0
325.0
236.0
192.0
218.0
161.0
383.0
267.0
367.0
122.0
120.0
155.0
500.0
256.0
173.0
209.0
205.0
181.0
301.0
296.0
138.0
158.0
500.0
376.0
294.0
193.0
123.0
224.0
417.0
205.0
199.0
163.0
229.0
500.0
131.0
195.0
131.0
124.0
274.0
204.0
278.0
180.0
179.0
312.0
216.0
261.0
349.0
389.0
429.0
251.0
242.0
160.0
322.0
252.0
106.0
226.0
221.0
302.0
233.0
270.0
210.0
179.0
245.0
325.0
142.0
184.0
253.0
171.0
187.0
130.0
285.0
256.0
324.0
184.0
287.0
178.0
175.0
271.0
223.0
216.0
280.0
500.0
301.0
455.0
132.0
252.0
317.0
175.0
500.0
172.0
180.0
211.0
152.0
190.0
356.0
185.0
214.0
170.0
101.0
143.0
224.0
368.0
155.0
133.0
229.0
155.0
367.0
201.0
263.0
284.0
287.0
373.0
279.0
298.0
194.0
207.0
436.0
176.0
184.0
232.0
357.0
160.0
139.0
187.0
180.0
171.0
136.0
162.0
256.0
209.0
164.0
500.0
134.0
326.0
287.0
140.0
125.0
166.0
152.0
182.0
182.0
416.0
258.0
204.0
147.0
135.0
140.0
175.0
144.0
189.0
191.0
214.0
173.0
446.0
187.0
227.0
155.0
280.0
302.0
231.0
215.0
295.0
204.0
137.0
297.0
175.0
123.0
178.0
259.0
167.0
195.0
112.0
334.0
341.0
220.0
147.0
168.0
238.0
132.0
438.0
187.0
122.0
284.0
233.0
408.0
243.0
480.0
276.0
178.0
491.0
286.0
439.0
290.0
145.0
157.0
141.0
209.0
229.0
138.0
109.0
190.0
146.0
233.0
281.0
149.0
267.0
166.0
308.0
210.0
157.0
143.0
179.0
130.0
276.0
154.0
283.0
189.0
303.0
233.0
195.0
287.0
203.0
213.0
386.0
184.0
168.0
364.0
210.0
219.0
242.0
240.0
244.0
500.0
124.0
283.0
107.0
210.0
348.0
260.0
130.0
500.0
282.0
127.0
265.0
128.0
500.0
293.0
222.0
139.0
268.0
172.0
195.0
236.0
260.0
78.0
232.0
115.0
187.0
259.0
111.0
293.0
178.0
283.0
500.0
98.0
194.0
150.0
208.0
152.0
181.0
195.0
114.0
96.0
191.0
130.0
103.0
204.0
109.0
72.0
231.0
181.0
63.0
463.0
210.0
230.0
194.0
168.0
171.0
500.0
59.0
64.0
237.0
104.0
282.0
158.0
368.0
190.0
62.0
352.0
110.0
80.0
376.0
362.0
227.0
126.0
85.0
86.0
50.0
121.0
105.0
91.0
62.0
70.0
52.0
44.0
108.0
173.0
113.0
244.0
83.0
43.0
56.0
63.0
56.0
94.0
101.0
21.0
65.0
76.0
37.0
30.0
202.0
39.0
162.0
85.0
36.0
191.0
113.0
50.0
16.0
103.0
87.0
115.0
17.0
12.0
30.0
24.0
27.0
21.0
212.0
12.0
16.0
65.0
14.0
64.0
148.0
10.0
31.0
15.0
16.0
13.0
17.0
19.0
12.0
39.0
113.0
25.0
62.0
311.0
93.0
103.0
98.0
100.0
17.0
124.0
20.0
124.0
116.0
39.0
42.0
105.0
61.0
13.0
119.0
89.0
103.0
48.0
197.0
15.0
12.0
13.0
62.0
113.0
15.0
10.0
76.0
68.0
87.0
12.0
70.0
124.0
407.0
106.0
10.0
67.0
90.0
11.0
10.0
242.0
41.0
11.0
191.0
25.0
122.0
11.0
169.0
10.0
117.0
12.0
13.0
13.0
64.0
332.0
37.0
70.0
104.0
44.0
188.0
98.0
129.0
130.0
167.0
230.0
142.0
86.0
271.0
229.0
36.0
55.0
226.0
113.0
149.0
175.0
175.0
63.0
51.0
99.0
262.0
179.0
49.0
57.0
128.0
57.0
83.0
67.0
182.0
151.0
49.0
25.0
136.0
158.0
116.0
500.0
67.0
56.0
171.0
84.0
261.0
131.0
195.0
133.0
49.0
144.0
282.0
148.0
183.0
222.0
75.0
96.0
119.0
387.0
92.0
90.0
159.0
64.0
95.0
13.0
139.0
153.0
84.0
53.0
182.0
71.0
88.0
46.0
62.0
85.0
87.0
61.0
64.0
33.0
128.0
96.0
248.0
278.0
37.0
279.0
369.0
455.0
141.0
157.0
164.0
107.0
500.0
153.0
83.0
434.0
451.0
443.0
230.0
125.0
290.0
500.0
218.0
500.0
87.0
427.0
500.0
315.0
331.0
102.0
151.0
130.0
439.0
111.0
48.0
73.0
229.0
111.0
100.0
179.0
187.0
93.0
205.0
110.0
16.0
101.0
209.0
218.0
231.0
366.0
328.0
374.0
317.0
415.0
90.0
29.0
302.0
230.0
387.0
156.0
41.0
500.0
500.0
466.0
328.0
278.0
303.0
487.0
292.0
321.0
68.0
25.0
219.0
155.0
347.0
118.0
452.0
287.0
196.0
296.0
125.0
147.0
304.0
270.0
316.0
227.0
342.0
29.0
414.0
285.0
330.0
411.0
484.0
223.0
151.0
178.0
119.0
325.0
411.0
335.0
368.0
93.0
261.0
252.0
394.0
399.0
409.0
300.0
131.0
407.0
500.0
283.0
159.0
276.0
54.0
426.0
500.0
256.0
455.0
500.0
500.0
408.0
500.0
248.0
311.0
342.0
394.0
500.0
491.0
319.0
225.0
422.0
500.0
500.0
500.0
489.0
500.0
319.0
500.0
332.0
500.0
365.0
238.0
500.0
500.0
500.0
500.0
390.0
384.0
500.0
381.0
218.0
355.0
500.0
500.0
500.0
347.0
461.0
500.0
270.0
299.0
500.0
261.0
261.0
447.0
15.0
464.0
483.0
500.0
337.0
399.0
307.0
300.0
445.0
351.0
370.0
305.0
498.0
500.0
131.0
393.0
500.0
266.0
434.0
453.0
330.0
500.0
190.0
500.0
477.0
500.0
362.0
457.0
22.0
344.0
500.0
268.0
352.0
252.0
320.0
329.0
500.0
500.0
366.0
276.0
253.0
426.0
500.0
500.0
162.0
236.0
500.0
293.0
440.0
500.0
300.0
384.0
500.0
43.0
440.0
379.0
296.0
331.0
253.0
341.0
303.0
187.0
487.0
416.0
496.0
447.0
393.0
377.0
384.0
500.0
241.0
387.0
392.0
309.0
311.0
301.0
500.0
301.0
259.0
500.0
280.0
298.0
500.0
374.0
287.0
319.0
500.0
178.0
500.0
500.0
500.0
500.0
500.0
98.0
500.0
405.0
500.0
500.0
436.0
500.0
144.0
483.0
455.0
500.0
341.0
235.0
203.0
500.0
386.0
500.0
494.0
500.0
500.0
104.0
168.0
400.0
500.0
500.0
175.0
500.0
368.0
395.0
361.0
500.0
82.0
342.0
480.0
500.0
213.0
469.0
387.0
275.0
500.0
186.0
339.0
500.0
500.0
347.0
500.0
316.0
500.0
410.0
500.0
500.0
195.0
500.0
258.0
191.0
173.0
142.0
500.0
500.0
500.0
394.0
500.0
158.0
277.0
332.0
461.0
207.0
271.0
206.0
202.0
433.0
111.0
359.0
500.0
456.0
500.0
500.0
368.0
500.0
500.0
500.0
334.0
500.0
232.0
500.0
45.0
500.0
369.0
444.0
500.0
500.0
500.0
237.0
500.0
500.0
323.0
196.0
391.0
500.0
452.0
500.0
488.0
382.0
447.0
500.0
500.0
500.0
500.0
500.0
474.0
271.0
500.0
307.0
500.0
500.0
412.0
500.0
500.0
295.0
443.0
493.0
500.0
99.0
446.0
500.0
304.0
275.0
500.0
500.0
500.0
183.0
411.0
500.0
304.0
454.0
500.0
500.0
500.0
500.0
101.0
500.0
500.0
500.0
500.0
500.0
211.0
500.0
500.0
344.0
166.0
495.0
500.0
63.0
55.0
135.0
438.0
500.0
500.0
425.0
500.0
204.0
433.0
500.0
500.0
122.0
500.0
500.0
379.0
256.0
490.0
480.0
478.0
365.0
500.0
486.0
417.0
500.0
394.0
130.0
500.0
334.0
285.0
500.0
500.0
295.0
500.0
500.0
395.0
500.0
500.0
366.0
381.0
500.0
500.0
396.0
500.0
434.0
332.0
500.0
500.0
500.0
500.0
500.0
500.0
500.0
500.0
198.0
402.0
424.0
187.0
183.0
500.0
500.0
500.0
500.0
500.0
500.0
391.0
500.0
377.0
500.0
500.0
500.0
500.0
319.0
334.0
442.0
405.0
318.0
500.0
271.0
500.0
500.0
464.0
500.0
500.0
500.0
500.0
500.0
81.0
500.0
500.0
415.0
500.0
457.0
500.0
500.0
134.0
489.0
361.0
500.0
500.0
500.0
500.0
500.0
46.0
500.0
500.0
500.0
500.0
500.0
500.0
452.0
500.0
500.0
500.0
500.0
495.0
500.0
500.0
453.0
426.0
500.0
500.0
433.0
500.0
500.0
500.0
500.0
500.0
500.0
500.0
500.0
500.0
500.0
500.0
500.0
385.0
500.0
500.0
500.0
500.0
491.0
500.0
500.0
500.0
500.0
366.0
352.0
500.0
500.0
500.0
500.0
500.0
500.0
500.0
500.0
500.0
500.0
500.0
500.0
320.0
500.0
500.0
420.0
343.0
500.0
500.0
500.0
500.0
500.0
319.0
500.0
500.0
500.0
500.0
500.0
500.0
500.0
500.0
500.0
500.0
500.0
500.0
95.0
500.0
500.0
500.0
500.0
500.0
500.0
500.0
492.0
500.0
500.0
500.0
500.0
500.0
211.0
500.0
500.0
500.0
500.0
500.0
500.0
500.0
500.0
500.0
277.0
500.0
500.0
500.0
114.0
500.0
118.0
500.0
500.0
500.0
500.0
500.0
500.0
500.0
500.0
314.0
500.0
500.0
500.0
500.0
500.0
500.0
500.0
500.0
349.0
500.0
381.0
500.0
500.0
500.0
500.0
500.0
500.0
500.0
500.0
500.0
500.0
500.0
500.0
500.0
500.0
500.0
500.0
319.0
391.0
500.0
500.0
500.0
500.0
500.0
336.0
500.0
314.0
500.0
500.0
496.0
500.0
368.0
303.0
500.0
500.0
500.0
500.0
280.0
330.0
500.0
500.0
500.0
500.0
500.0
500.0
98.0
500.0
500.0
500.0
409.0
500.0
500.0
500.0
500.0
500.0
500.0
500.0
500.0
500.0
500.0
387.0
490.0
500.0
500.0
500.0
500.0
378.0
433.0
500.0
500.0
500.0
500.0
426.0
500.0
500.0
500.0
500.0
500.0
500.0
306.0
500.0
500.0
470.0
500.0
500.0
500.0
500.0
500.0
500.0
500.0
355.0
500.0
500.0
500.0
315.0
500.0
58.0
500.0
500.0
500.0
500.0
500.0
500.0
500.0
441.0
500.0
500.0
394.0
500.0
500.0
299.0
500.0
500.0
500.0
500.0
500.0
500.0
312.0
500.0
500.0
500.0
500.0
500.0
500.0
410.0
101.0
500.0
500.0
500.0
483.0
500.0
268.0
500.0
500.0
500.0
500.0
500.0
500.0
500.0
500.0
453.0
500.0
500.0
500.0
360.0
500.0
68.0
500.0
83.0
500.0
500.0
500.0
500.0
500.0
500.0
500.0
500.0
500.0
500.0
390.0
500.0
500.0
500.0
500.0
500.0
500.0
500.0
500.0
112.0
500.0
500.0
105.0
500.0
482.0
500.0
500.0
339.0
282.0
500.0
500.0
500.0
500.0
500.0
138.0
500.0
500.0
500.0
500.0
500.0
500.0
500.0
473.0
395.0
500.0
495.0
500.0
500.0
500.0
500.0
311.0
131.0
337.0
500.0
381.0
423.0
500.0
500.0
500.0
500.0
80.0
500.0
324.0
500.0
139.0
500.0
500.0
500.0
460.0
246.0
62.0
500.0
500.0
344.0
500.0
500.0
500.0
413.0
182.0
229.0
376.0
417.0
372.0
341.0
435.0
358.0
386.0
152.0
134.0
116.0
500.0
433.0
386.0
500.0
197.0
380.0
167.0
408.0
144.0
500.0
191.0
175.0
321.0
394.0
252.0
488.0
386.0
314.0
266.0
500.0
393.0
281.0
296.0
273.0
273.0
378.0
104.0
324.0
406.0
391.0
500.0
115.0
409.0
500.0
500.0
500.0
214.0
348.0
500.0
430.0
500.0
312.0
319.0
311.0
413.0
319.0
418.0
382.0
328.0
326.0
317.0
452.0
290.0
396.0
322.0
322.0
360.0
453.0
500.0
410.0
393.0
301.0
500.0
337.0
465.0
204.0
388.0
384.0
448.0
403.0
256.0
202.0
500.0
310.0
500.0
451.0
490.0
369.0
488.0
494.0
401.0
205.0
500.0
409.0
500.0
415.0
426.0
464.0
500.0
156.0
259.0
500.0
293.0
492.0
500.0
402.0
457.0
294.0
338.0
385.0
423.0
200.0
409.0
460.0
500.0
500.0
500.0
231.0
266.0
500.0
284.0
408.0
246.0
500.0
334.0
283.0
181.0
392.0
500.0
495.0
393.0
319.0
295.0
257.0
245.0
500.0
289.0
342.0
185.0
305.0
38.0
242.0
231.0
177.0
273.0
132.0
224.0
168.0
457.0
336.0
314.0
221.0
375.0
222.0
316.0
180.0
500.0
326.0
321.0
500.0
318.0
500.0
163.0
500.0
500.0
309.0
500.0
235.0
302.0
286.0
366.0
500.0
500.0
500.0
500.0
500.0
209.0
500.0
500.0
304.0
257.0
500.0
315.0
263.0
77.0
500.0
500.0
116.0
500.0
500.0
500.0
500.0
44.0
208.0
500.0
287.0
500.0
246.0
165.0
317.0
253.0
500.0
500.0
228.0
223.0
500.0
273.0
94.0
500.0
500.0
278.0
500.0
409.0
233.0
35.0
500.0
285.0
55.0
437.0
290.0
500.0
500.0
500.0
398.0
312.0
305.0
235.0
286.0
148.0
422.0
325.0
320.0
417.0
500.0
447.0
273.0
236.0
281.0
381.0
342.0
448.0
420.0
326.0
359.0
373.0
422.0
349.0
294.0
358.0
500.0
281.0
431.0
391.0
373.0
416.0
306.0
409.0
428.0
342.0
500.0
346.0
282.0
500.0
500.0
500.0
334.0
260.0
324.0
415.0
500.0
500.0
350.0
500.0
500.0
467.0
457.0
394.0
349.0
285.0
417.0
473.0
216.0
282.0
234.0
308.0
316.0
352.0
345.0
477.0
375.0
427.0
346.0
403.0
382.0
352.0
381.0
28.0
390.0
407.0
270.0
500.0
438.0
459.0
479.0
341.0
371.0
97.0
437.0
389.0
500.0
500.0
310.0
380.0
369.0
400.0
314.0
279.0
500.0
341.0
300.0
314.0
500.0
225.0
274.0
390.0
500.0
263.0
491.0
310.0
304.0
391.0
305.0
500.0
276.0
500.0
421.0
428.0
292.0
243.0
477.0
293.0
271.0
391.0
436.0
500.0
293.0
243.0
500.0
38.0
346.0
500.0
314.0
342.0
419.0
344.0
143.0
500.0
361.0
234.0
500.0
500.0
351.0
470.0
292.0
250.0
447.0
413.0
500.0
469.0
319.0
500.0
329.0
500.0
493.0
357.0
500.0
333.0
500.0
332.0
423.0
317.0
249.0
500.0
500.0
271.0
273.0
390.0
249.0
500.0
500.0
209.0
224.0
244.0
286.0
363.0
478.0
324.0
288.0
329.0
291.0
335.0
500.0
269.0
317.0
270.0
261.0
280.0
495.0
500.0
500.0
500.0
265.0
305.0
485.0
349.0
500.0
348.0
362.0
469.0
443.0
277.0
322.0
71.0
167.0
269.0
201.0
411.0
293.0
211.0
188.0
385.0
343.0
481.0
183.0
226.0
345.0
368.0
301.0
500.0
238.0
500.0
225.0
451.0
326.0
249.0
285.0
500.0
218.0
318.0
500.0
169.0
500.0
298.0
278.0
79.0
277.0
500.0
274.0
500.0
498.0
219.0
218.0
232.0
230.0
203.0
242.0
247.0
201.0
210.0
208.0
238.0
142.0
209.0
218.0
307.0
213.0
171.0
216.0
157.0
227.0
137.0
228.0
241.0
171.0
289.0
196.0
195.0
259.0
199.0
215.0
263.0
379.0
42.0
307.0
167.0
196.0
305.0
37.0
200.0
259.0
195.0
221.0
234.0
224.0
215.0
232.0
199.0
396.0
339.0
203.0
213.0
253.0
305.0
378.0
252.0
258.0
226.0
231.0
254.0
242.0
314.0
264.0
222.0
235.0
249.0
248.0
213.0
235.0
243.0
222.0
198.0
197.0
227.0
263.0
193.0
227.0
274.0
203.0
250.0
235.0
387.0
329.0
304.0
222.0
293.0
26.0
107.0
232.0
233.0
174.0
222.0
211.0
263.0
315.0
231.0
222.0
277.0
194.0
241.0
219.0
189.0
200.0
184.0
217.0
256.0
203.0
238.0
236.0
271.0
176.0
217.0
268.0
266.0
172.0
289.0
220.0
231.0
257.0
201.0
218.0
323.0
257.0
278.0
217.0
230.0
207.0
268.0
213.0
233.0
192.0
207.0
308.0
208.0
358.0
186.0
218.0
184.0
225.0
227.0
215.0
144.0
203.0
204.0
270.0
250.0
201.0
208.0
250.0
251.0
192.0
257.0
219.0
196.0
222.0
300.0
264.0
234.0
223.0
326.0
152.0
172.0
280.0
212.0
236.0
165.0
56.0
113.0
358.0
343.0
347.0
462.0
231.0
230.0
276.0
231.0
235.0
386.0
348.0
223.0
344.0
273.0
265.0
500.0
241.0
178.0
500.0
217.0
388.0
306.0
160.0
212.0
500.0
183.0
500.0
500.0
226.0
500.0
243.0
500.0
346.0
208.0
253.0
500.0
337.0
211.0
222.0
283.0
368.0
463.0
290.0
425.0
242.0
168.0
210.0
500.0
256.0
259.0
235.0
192.0
223.0
278.0
228.0
413.0
500.0
207.0
500.0
260.0
152.0
94.0
220.0
500.0
262.0
184.0
500.0
500.0
298.0
241.0
355.0
345.0
309.0
323.0
500.0
242.0
216.0
165.0
500.0
500.0
500.0
234.0
195.0
114.0
127.0
256.0
500.0
287.0
221.0
260.0
246.0
244.0
500.0
42.0
500.0
271.0
77.0
500.0
374.0
248.0
242.0
224.0
500.0
351.0
237.0
439.0
500.0
296.0
500.0
311.0
500.0
500.0
145.0
424.0
500.0
250.0
308.0
451.0
246.0
500.0
220.0
500.0
500.0
500.0
192.0
500.0
220.0
500.0
256.0
261.0
500.0
278.0
483.0
500.0
303.0
500.0
242.0
500.0
242.0
220.0
500.0
224.0
230.0
227.0
230.0
228.0
500.0
358.0
192.0
288.0
494.0
500.0
500.0
500.0
500.0
402.0
500.0
435.0
317.0
278.0
500.0
500.0
423.0
264.0
290.0
500.0
290.0
293.0
500.0
237.0
31.0
238.0
500.0
252.0
220.0
500.0
500.0
500.0
500.0
500.0
500.0
500.0
407.0
500.0
500.0
199.0
251.0
452.0
179.0
500.0
500.0
212.0
242.0
339.0
436.0
285.0
474.0
37.0
272.0
148.0
246.0
304.0
274.0
209.0
201.0
190.0
296.0
244.0
296.0
215.0
198.0
228.0
222.0
430.0
303.0
359.0
251.0
500.0
500.0
500.0
500.0
268.0
500.0
285.0
500.0
500.0
276.0
33.0
500.0
395.0
207.0
500.0
500.0
415.0
500.0
360.0
30.0
500.0
500.0
232.0
500.0
500.0
394.0
500.0
333.0
500.0
500.0
500.0
122.0
401.0
500.0
500.0
500.0
500.0
463.0
500.0
500.0
500.0
500.0
500.0
500.0
500.0
500.0
500.0
500.0
285.0
500.0
500.0
500.0
500.0
394.0
500.0
500.0
500.0
500.0
500.0
500.0
500.0
500.0
214.0
500.0
500.0
500.0
500.0
500.0
500.0
500.0
500.0
500.0
500.0
500.0
96.0
500.0
500.0
500.0
500.0
500.0
500.0
500.0
500.0
500.0
500.0
500.0
500.0
484.0
500.0
500.0
500.0
379.0
500.0
500.0
500.0
500.0
500.0
224.0
500.0
500.0
500.0
500.0
302.0
363.0
500.0
225.0
500.0
500.0
188.0
500.0
348.0
500.0
126.0
500.0
500.0
500.0
500.0
500.0
500.0
500.0
155.0
500.0
500.0
500.0
500.0
500.0
500.0
394.0
478.0
500.0
500.0
295.0
500.0
500.0
500.0
500.0
500.0
500.0
500.0
162.0
500.0
500.0
494.0
500.0
500.0
500.0
500.0
500.0
500.0
500.0
500.0
500.0
376.0
370.0
500.0
500.0
500.0
412.0
500.0
500.0
57.0
500.0
500.0
500.0
500.0
497.0
194.0
500.0
500.0
500.0
500.0
457.0
500.0
500.0
500.0
500.0
139.0
500.0
490.0
500.0
452.0
500.0
500.0
500.0
500.0
500.0
500.0
500.0
361.0
500.0
500.0
500.0
161.0
500.0
500.0
500.0
500.0
500.0
500.0
122.0
500.0
500.0
500.0
74.0
500.0
500.0
500.0
500.0
139.0
500.0
500.0
500.0
316.0
500.0
500.0
216.0
500.0
500.0
417.0
500.0
500.0
500.0
500.0
361.0
99.0
500.0
500.0
500.0
500.0
500.0
500.0
383.0
500.0
500.0
500.0
500.0
500.0
500.0
500.0
500.0
500.0
500.0
500.0
500.0
500.0
500.0
500.0
500.0
500.0
500.0
500.0
500.0
12.0
500.0
500.0
500.0
500.0
500.0
500.0
500.0
389.0
418.0
500.0
500.0
500.0
123.0
500.0
500.0
500.0
500.0
500.0
500.0
500.0
500.0
500.0
500.0
80.0
500.0
500.0
500.0
500.0
500.0
500.0
500.0
322.0
195.0
500.0
37.0
500.0
500.0
149.0
500.0
500.0
500.0
319.0
175.0
165.0
500.0
500.0
500.0
500.0
500.0
500.0
173.0
420.0
500.0
500.0
500.0
500.0
149.0
500.0
493.0
265.0
500.0
500.0
305.0
500.0
500.0
392.0
500.0
500.0
500.0
500.0
360.0
500.0
500.0
500.0
500.0
500.0
500.0
218.0
500.0
500.0
500.0
500.0
348.0
500.0
263.0
500.0
500.0
500.0
500.0
500.0
500.0
500.0
500.0
500.0
500.0
328.0
500.0
500.0
500.0
372.0
500.0
446.0
443.0
144.0
500.0
500.0
500.0
305.0
409.0
42.0
500.0
453.0
463.0
367.0
290.0
500.0
500.0
500.0
288.0
500.0
282.0
350.0
320.0
487.0
500.0
500.0
500.0
270.0
332.0
423.0
214.0
500.0
500.0
305.0
500.0
500.0
500.0
332.0
440.0
500.0
500.0
500.0
500.0
500.0
340.0
311.0
295.0
500.0
281.0
500.0
421.0
500.0
500.0
500.0
500.0
500.0
226.0
500.0
373.0
378.0
500.0
422.0
383.0
412.0
85.0
500.0
500.0
88.0
422.0
306.0
500.0
500.0
396.0
398.0
390.0
500.0
500.0
500.0
296.0
500.0
500.0
500.0
412.0
500.0
470.0
500.0
500.0
500.0
500.0
109.0
500.0
500.0
307.0
500.0
262.0
500.0
500.0
500.0
377.0
294.0
500.0
383.0
216.0
205.0
500.0
500.0
500.0
391.0
500.0
246.0
500.0
500.0
500.0
446.0
338.0
500.0
420.0
500.0
291.0
500.0
500.0
121.0
272.0
500.0
500.0
81.0
269.0
245.0
500.0
500.0
321.0
413.0
239.0
500.0
500.0
500.0
147.0
500.0
500.0
499.0
500.0
500.0
500.0
484.0
475.0
500.0
500.0
55.0
265.0
500.0
500.0
393.0
289.0
328.0
380.0
203.0
500.0
500.0
500.0
500.0
500.0
500.0
500.0
99.0
377.0
500.0
500.0
273.0
81.0
71.0
500.0
193.0
500.0
500.0
297.0
500.0
189.0
500.0
500.0
310.0
305.0
500.0
500.0
366.0
500.0
340.0
500.0
440.0
293.0
500.0
407.0
500.0
500.0
500.0
500.0
500.0
457.0
500.0
500.0
500.0
355.0
220.0
331.0
500.0
489.0
403.0
217.0
500.0
257.0
500.0
500.0
372.0
500.0
491.0
317.0
471.0
463.0
500.0
325.0
500.0
500.0
500.0
92.0
500.0
500.0
215.0
479.0
500.0
366.0
500.0
500.0
59.0
116.0
475.0
413.0
286.0
500.0
500.0
314.0
500.0
500.0
500.0
423.0
500.0
352.0
500.0
463.0
500.0
240.0
352.0
500.0
332.0
500.0
500.0
500.0
500.0
442.0
500.0
500.0
500.0
210.0
377.0
365.0
500.0
294.0
364.0
500.0
409.0
356.0
500.0
500.0
287.0
500.0
311.0
500.0
500.0
377.0
500.0
460.0
500.0
500.0
500.0
500.0
500.0
500.0
128.0
500.0
91.0
500.0
500.0
135.0
92.0
500.0
500.0
500.0
500.0
338.0
147.0
500.0
14.0
38.0
500.0
500.0
500.0
500.0
500.0
500.0
500.0
314.0
500.0
500.0
500.0
500.0
280.0
500.0
500.0
500.0
500.0
500.0
84.0
500.0
500.0
500.0
439.0
500.0
500.0
500.0
500.0
500.0
500.0
500.0
180.0
500.0
500.0
500.0
500.0
441.0
500.0
500.0
500.0
500.0
500.0
500.0
500.0
500.0
500.0
500.0
500.0
500.0
500.0
500.0
500.0
500.0
500.0
500.0
500.0
165.0
500.0
500.0
32.0
500.0
500.0
500.0
500.0
500.0
500.0
500.0
500.0
500.0
500.0
500.0
500.0
500.0
500.0
500.0
500.0
500.0
500.0
500.0
500.0
500.0
500.0
500.0
500.0
320.0
500.0
500.0
500.0
500.0
500.0
500.0
500.0
500.0
60.0
500.0
500.0
500.0
500.0
500.0
500.0
500.0
500.0
500.0
500.0
500.0
500.0
500.0
271.0
500.0
500.0
500.0
500.0
500.0
500.0
500.0
500.0
500.0
500.0
500.0
500.0
500.0
500.0
438.0
500.0
500.0
500.0
500.0
500.0
500.0
500.0
500.0
500.0
500.0
500.0
500.0
500.0
500.0
500.0
500.0
500.0
500.0
500.0
500.0
500.0
500.0
500.0
500.0
500.0
500.0
500.0
500.0
500.0
500.0
500.0
500.0
500.0
500.0
500.0
500.0
500.0
500.0
500.0
500.0
500.0
500.0
500.0
500.0
500.0
500.0
500.0
500.0
372.0
500.0
500.0
500.0
500.0
500.0
500.0
500.0
500.0
500.0
500.0
500.0
500.0
500.0
500.0
500.0
500.0
500.0
413.0
500.0
500.0
500.0
500.0
432.0
493.0
500.0
500.0
500.0
500.0
500.0
500.0
500.0
500.0
500.0
500.0
500.0
500.0
500.0
500.0
500.0
500.0
500.0
337.0
500.0
500.0
500.0
500.0
500.0
500.0
500.0
500.0
500.0
500.0
500.0
500.0
500.0
500.0
500.0
500.0
500.0
500.0
500.0
500.0
500.0
345.0
500.0
500.0
500.0
481.0
500.0
500.0
500.0
500.0
500.0
500.0
500.0
500.0
500.0
500.0
500.0
500.0
500.0
500.0
500.0
500.0
500.0
500.0
500.0
500.0
500.0
500.0
500.0
500.0
500.0
500.0
500.0
500.0
500.0
470.0
500.0
500.0
500.0
500.0
500.0
500.0
500.0
500.0
500.0
500.0
500.0
500.0
500.0
500.0
500.0
500.0
500.0
500.0
500.0
500.0
500.0
500.0
500.0
500.0
500.0
500.0
500.0
500.0
500.0
500.0
500.0
500.0
500.0
500.0
500.0
500.0
428.0
500.0
500.0
500.0
500.0
500.0
500.0
500.0
500.0
500.0
500.0
500.0
500.0
500.0
500.0
500.0
500.0
500.0
500.0
500.0
500.0
500.0
500.0
500.0
500.0
500.0
500.0
500.0
500.0
500.0
420.0
500.0
500.0
500.0
500.0
500.0
500.0
500.0
500.0
500.0
500.0
500.0
500.0
500.0
500.0
500.0
500.0
285.0
500.0
500.0
500.0
500.0
500.0
500.0
500.0
500.0
500.0
500.0
500.0
500.0
500.0
500.0
500.0
500.0
500.0
500.0
500.0
500.0
500.0
500.0
500.0
500.0
318.0
500.0
500.0
500.0
500.0
500.0
500.0
500.0
500.0
500.0
500.0
500.0
500.0
500.0
500.0
324.0
500.0
500.0
500.0
500.0
450.0
500.0
500.0
500.0
500.0
500.0
500.0
500.0
500.0
500.0
500.0
500.0
500.0
500.0
500.0
500.0
500.0
500.0
500.0
500.0
500.0
500.0
500.0
500.0
500.0
500.0
500.0
500.0
500.0
500.0
500.0
500.0
500.0
500.0
500.0
500.0
500.0
500.0
500.0
500.0
500.0
500.0
500.0
500.0
500.0
500.0
500.0
500.0
500.0
500.0
500.0
500.0
500.0
500.0
500.0
500.0
500.0
500.0
500.0
500.0
500.0
500.0
500.0
500.0
500.0
500.0
500.0
500.0
500.0
500.0
500.0
290.0
500.0
165.0
500.0
500.0
500.0
500.0
500.0
500.0
500.0
500.0
500.0
500.0
500.0
500.0
500.0
500.0
500.0
500.0
500.0
500.0
500.0
500.0
500.0
500.0
500.0
500.0
500.0
500.0
309.0
500.0
500.0
500.0
500.0
500.0
486.0
500.0
500.0
500.0
500.0
500.0
287.0
500.0
326.0
500.0
500.0
500.0
500.0
500.0
437.0
500.0
500.0
500.0
500.0
500.0
500.0
500.0
500.0
500.0
500.0
500.0
500.0
402.0
500.0
500.0
500.0
500.0
500.0
500.0
500.0
500.0
500.0
500.0
500.0
500.0
500.0
500.0
500.0
500.0
500.0
434.0
500.0
500.0
500.0
500.0
500.0
500.0
500.0
500.0
500.0
500.0
500.0
500.0
500.0
500.0
500.0
500.0
500.0
500.0
500.0
500.0
500.0
500.0
500.0
500.0
500.0
500.0
500.0
438.0
500.0
500.0
500.0
500.0
500.0
500.0
500.0
500.0
454.0
500.0
500.0
500.0
500.0
500.0
500.0
500.0
500.0
500.0
500.0
500.0
500.0
500.0
500.0
500.0
500.0
500.0
500.0
342.0
500.0
500.0
500.0
500.0
500.0
500.0
500.0
500.0
500.0
500.0
500.0
500.0
500.0
500.0
500.0
500.0
500.0
500.0
500.0
500.0
500.0
500.0
372.0
500.0
500.0
500.0
500.0
500.0
500.0
393.0
500.0
500.0
500.0
500.0
500.0
500.0
500.0
500.0
500.0
500.0
401.0
500.0
500.0
500.0
500.0
500.0
500.0
500.0
500.0
500.0
500.0
500.0
500.0
458.0
369.0
500.0
500.0
500.0
500.0
500.0
500.0
416.0
500.0
500.0
500.0
500.0
500.0
500.0
500.0
500.0
500.0
500.0
500.0
500.0
500.0
500.0
500.0
500.0
500.0
500.0
500.0
500.0
500.0
289.0
500.0
500.0
456.0
500.0
500.0
500.0
500.0
500.0
500.0
500.0
500.0
500.0
500.0
500.0
500.0
500.0
500.0
500.0
500.0
500.0
500.0
500.0
500.0
500.0
500.0
500.0
500.0
500.0
500.0
500.0
500.0
500.0
500.0
500.0
500.0
500.0
500.0
500.0
500.0
384.0
500.0
500.0
500.0
500.0
500.0
500.0
500.0
500.0
500.0
500.0
500.0
500.0
500.0
491.0
500.0
453.0
500.0
500.0
417.0
500.0
500.0
500.0
352.0
366.0
500.0
500.0
500.0
500.0
500.0
500.0
500.0
408.0
500.0
500.0
500.0
500.0
500.0
500.0
500.0
500.0
500.0
500.0
500.0
500.0
500.0
500.0
500.0
500.0
500.0
500.0
500.0
500.0
500.0
500.0
500.0
500.0
500.0
500.0
500.0
500.0
500.0
500.0
500.0
500.0
500.0
500.0
500.0
500.0
500.0
500.0
500.0
500.0
500.0
500.0
500.0
500.0
500.0
500.0
500.0
500.0
500.0
500.0
500.0
500.0
500.0
500.0
500.0
500.0
500.0
500.0
500.0
500.0
500.0
500.0
448.0
500.0
500.0
500.0
500.0
500.0
500.0
500.0
500.0
500.0
500.0
500.0
500.0
500.0
500.0
500.0
500.0
500.0
500.0
346.0
500.0
500.0
500.0
500.0
500.0
500.0
500.0
500.0
500.0
500.0
500.0
347.0
500.0
500.0
500.0
500.0
500.0
500.0
500.0
302.0
500.0
500.0
500.0
500.0
500.0
198.0
500.0
500.0
500.0
500.0
500.0
500.0
500.0
500.0
500.0
500.0
500.0
500.0
500.0
500.0
500.0
500.0
500.0
500.0
500.0
500.0
500.0
500.0
500.0
500.0
462.0
500.0
500.0
500.0
500.0
500.0
500.0
500.0
500.0
436.0
500.0
500.0
500.0
500.0
500.0
500.0
500.0
500.0
500.0
500.0
500.0
500.0
500.0
500.0
500.0
500.0
500.0
500.0
500.0
500.0
500.0
500.0
500.0
500.0
500.0
500.0
500.0
500.0
500.0
500.0
500.0
500.0
500.0
500.0
500.0
500.0
500.0
256.0
500.0
500.0
500.0
500.0
500.0
500.0
428.0
500.0
500.0
500.0
475.0
500.0
500.0
500.0
500.0
500.0
500.0
500.0
500.0
500.0
500.0
500.0
500.0
500.0
500.0
500.0
500.0
500.0
500.0
500.0
500.0
500.0
414.0
500.0
500.0
500.0
500.0
382.0
500.0
500.0
500.0
500.0
500.0
500.0
500.0
500.0
500.0
500.0
500.0
500.0
500.0
500.0
500.0
500.0
500.0
500.0
500.0
406.0
500.0
500.0
500.0
500.0
500.0
500.0
500.0
308.0
500.0
500.0
500.0
500.0
500.0
500.0
500.0
500.0
500.0
500.0
500.0
500.0
500.0
500.0
500.0
500.0
500.0
500.0
500.0
500.0
500.0
422.0
500.0
500.0
500.0
500.0
500.0
500.0
500.0
500.0
500.0
500.0
500.0
500.0
500.0
500.0
500.0
500.0
500.0
500.0
500.0
500.0
441.0
342.0
500.0
500.0
500.0
168.0
500.0
500.0
500.0
500.0
500.0
478.0
500.0
500.0
500.0
500.0
500.0
500.0
500.0
500.0
500.0
500.0
500.0
500.0
500.0
500.0
500.0
500.0
500.0
500.0
500.0
500.0
364.0
500.0
500.0
500.0
500.0
500.0
304.0
500.0
500.0
500.0
500.0
500.0
500.0
434.0
500.0
500.0
500.0
500.0
500.0
500.0
500.0
500.0
500.0
500.0
500.0
500.0
500.0
500.0
500.0
500.0
405.0
500.0
500.0
500.0
500.0
500.0
500.0
500.0
370.0
500.0
500.0
185.0
500.0
500.0
500.0
500.0
500.0
500.0
500.0
500.0
500.0
500.0
500.0
500.0
500.0
500.0
500.0
500.0
500.0
360.0
500.0
500.0
500.0
500.0
154.0
500.0
500.0
500.0
500.0
500.0
500.0
500.0
500.0
500.0
500.0
500.0
500.0
500.0
500.0
500.0
500.0
500.0
500.0
500.0
500.0
500.0
500.0
500.0
500.0
500.0
500.0
500.0
500.0
500.0
500.0
500.0
500.0
500.0
500.0
500.0
500.0
500.0
500.0
412.0
500.0
500.0
500.0
500.0
500.0
500.0
500.0
381.0
500.0
500.0
500.0
500.0
500.0
500.0
500.0
500.0
500.0
500.0
500.0
500.0
500.0
500.0
500.0
500.0
500.0
500.0
500.0
500.0
500.0
500.0
500.0
500.0
500.0
500.0
500.0
500.0
500.0
500.0
500.0
500.0
500.0
428.0
500.0
500.0
500.0
500.0
500.0
500.0
500.0
500.0
500.0
500.0
500.0
500.0
500.0
500.0
500.0
500.0
500.0
500.0
500.0
500.0
500.0
500.0
500.0
500.0
500.0
500.0
500.0
500.0
500.0
500.0
500.0
500.0
500.0
500.0
500.0
500.0
500.0
500.0
500.0
500.0
500.0
500.0
500.0
500.0
500.0
500.0
500.0
500.0
500.0
500.0
500.0
500.0
500.0
500.0
500.0
500.0
500.0
500.0
500.0
500.0
500.0
500.0
500.0
500.0
500.0
500.0
500.0
328.0
500.0
500.0
500.0
500.0
500.0
500.0
500.0
500.0
500.0
500.0
500.0
500.0
500.0
500.0
500.0
500.0
500.0
500.0
500.0
500.0
500.0
500.0
500.0
500.0
500.0
500.0
500.0
500.0
468.0
500.0
500.0
500.0
431.0
500.0
500.0
500.0
500.0
500.0
500.0
500.0
500.0
500.0
500.0
500.0
500.0
500.0
500.0
282.0
500.0
500.0
500.0
500.0
500.0
500.0
500.0
500.0
500.0
500.0
500.0
500.0
500.0
500.0
500.0
500.0
500.0
500.0
500.0
500.0
500.0
500.0
500.0
500.0
500.0
500.0
500.0
500.0
500.0
500.0
500.0
500.0
500.0
500.0
500.0
500.0
500.0
500.0
500.0
500.0
500.0
500.0
500.0
363.0
157.0
500.0
450.0
500.0
500.0
500.0
500.0
500.0
500.0
500.0
500.0
500.0
411.0
500.0
500.0
500.0
500.0
500.0
500.0
500.0
500.0
500.0
500.0
500.0
500.0
500.0
500.0
500.0
500.0
500.0
500.0
500.0
500.0
500.0
500.0
500.0
500.0
500.0
500.0
500.0
500.0
500.0
500.0
500.0
500.0
500.0
500.0
500.0
500.0
500.0
500.0
500.0
500.0
500.0
500.0
500.0
500.0
500.0
500.0
500.0
500.0
500.0
500.0
500.0
500.0
500.0
500.0
500.0
500.0
500.0
500.0
500.0
500.0
500.0
500.0
500.0
500.0
500.0
500.0
500.0
500.0
500.0
500.0
500.0
500.0
500.0
500.0
500.0
500.0
500.0
500.0
500.0
500.0
500.0
500.0
500.0
500.0
500.0
500.0
500.0
360.0
500.0
500.0
500.0
500.0
500.0
500.0
500.0
500.0
500.0
500.0
500.0
393.0
500.0
500.0
500.0
500.0
500.0
500.0
500.0
500.0
500.0
500.0
500.0
500.0
500.0
500.0
500.0
500.0
500.0
500.0
500.0
500.0
500.0
500.0
500.0
500.0
500.0
500.0
500.0
500.0
500.0
500.0
500.0
500.0
500.0
500.0
500.0
500.0
500.0
500.0
500.0
500.0
500.0
310.0
500.0
500.0
418.0
490.0
500.0
500.0
437.0
500.0
500.0
500.0
500.0
500.0
500.0
500.0
500.0
500.0
500.0
500.0
476.0
500.0
500.0
500.0
500.0
500.0
500.0
304.0
500.0
500.0
500.0
500.0
500.0
500.0
500.0
500.0
500.0
302.0
500.0
500.0
500.0
276.0
500.0
500.0
500.0
500.0
500.0
500.0
500.0
500.0
500.0
500.0
500.0
500.0
500.0
500.0
406.0
500.0
500.0
500.0
500.0
500.0
500.0
500.0
86.0
500.0
500.0
500.0
500.0
500.0
500.0
500.0
500.0
500.0
500.0
500.0
170.0
500.0
500.0
500.0
500.0
500.0
500.0
439.0
500.0
500.0
500.0
500.0
500.0
500.0
500.0
500.0
500.0
500.0
500.0
500.0
500.0
500.0
500.0
500.0
500.0
500.0
500.0
500.0
500.0
500.0
500.0
498.0
500.0
500.0
500.0
500.0
500.0
500.0
500.0
500.0
500.0
500.0
500.0
500.0
500.0
500.0
500.0
500.0
500.0
412.0
500.0
500.0
500.0
500.0
500.0
500.0
500.0
500.0
500.0
500.0
500.0
213.0
500.0
500.0
500.0
500.0
500.0
500.0
500.0
490.0
500.0
500.0
500.0
500.0
500.0
500.0
500.0
128.0
500.0
500.0
500.0
500.0
500.0
468.0
500.0
500.0
500.0
500.0
500.0
500.0
500.0
500.0
500.0
500.0
500.0
500.0
500.0
500.0
500.0
500.0
500.0
500.0
500.0
500.0
500.0
500.0
500.0
500.0
500.0
500.0
500.0
500.0
500.0
500.0
500.0
411.0
500.0
500.0
500.0
500.0
500.0
500.0
324.0
500.0
378.0
500.0
500.0
500.0
500.0
500.0
500.0
500.0
500.0
382.0
500.0
500.0
500.0
500.0
500.0
500.0
500.0
500.0
500.0
500.0
500.0
500.0
500.0
500.0
500.0
113.0
500.0
500.0
500.0
500.0
500.0
500.0
500.0
500.0
500.0
500.0
500.0
500.0
500.0
500.0
500.0
287.0
500.0
217.0
500.0
344.0
500.0
500.0
500.0
500.0
500.0
500.0
406.0
500.0
257.0
410.0
500.0
500.0
500.0
500.0
500.0
500.0
500.0
500.0
500.0
500.0
500.0
500.0
500.0
500.0
500.0
500.0
500.0
500.0
500.0
370.0
500.0
500.0
500.0
500.0
500.0
500.0
500.0
500.0
459.0
500.0
500.0
500.0
500.0
500.0
500.0
500.0
500.0
500.0
500.0
500.0
414.0
500.0
500.0
500.0
405.0
500.0
500.0
500.0
500.0
500.0
500.0
500.0
232.0
472.0
437.0
452.0
373.0
500.0
481.0
294.0
305.0
500.0
500.0
357.0
500.0
500.0
397.0
412.0
500.0
500.0
500.0
439.0
500.0
318.0
261.0
500.0
190.0
461.0
352.0
500.0
483.0
500.0
500.0
500.0
500.0
500.0
500.0
500.0
500.0
291.0
500.0
500.0
445.0
500.0
500.0
500.0
244.0
500.0
500.0
500.0
500.0
500.0
457.0
500.0
464.0
500.0
500.0
500.0
500.0
498.0
500.0
500.0
500.0
500.0
500.0
204.0
500.0
500.0
500.0
411.0
345.0
409.0
500.0
473.0
500.0
500.0
500.0
451.0
500.0
500.0
305.0
344.0
212.0
190.0
159.0
500.0
141.0
500.0
500.0
236.0
499.0
500.0
500.0
500.0
459.0
352.0
317.0
500.0
313.0
472.0
454.0
500.0
500.0
500.0
500.0
500.0
421.0
500.0
437.0
500.0
500.0
500.0
500.0
467.0
228.0
500.0
401.0
500.0
500.0
500.0
500.0
500.0
470.0
500.0
500.0
263.0
500.0
423.0
500.0
500.0
444.0
500.0
500.0
500.0
483.0
420.0
298.0
500.0
469.0
373.0
470.0
361.0
500.0
496.0
177.0
49.0
500.0
230.0
44.0
500.0
114.0
49.0
100.0
500.0
136.0
500.0
500.0
334.0
388.0
500.0
459.0
373.0
500.0
426.0
500.0
500.0
419.0
391.0
500.0
500.0
500.0
478.0
472.0
500.0
311.0
500.0
454.0
292.0
269.0
418.0
500.0
500.0
500.0
500.0
455.0
500.0
344.0
331.0
500.0
393.0
500.0
369.0
500.0
453.0
281.0
339.0
360.0
228.0
467.0
500.0
500.0
500.0
472.0
389.0
500.0
410.0
500.0
500.0
392.0
300.0
380.0
378.0
44.0
397.0
420.0
500.0
480.0
500.0
395.0
500.0
369.0
500.0
492.0
258.0
361.0
416.0
273.0
500.0
390.0
495.0
500.0
376.0
424.0
453.0
341.0
486.0
380.0
500.0
390.0
500.0
500.0
500.0
430.0
500.0
500.0
362.0
409.0
500.0
500.0
456.0
500.0
306.0
500.0
316.0
471.0
500.0
500.0
451.0
500.0
160.0
237.0
500.0
414.0
424.0
500.0
500.0
335.0
500.0
403.0
500.0
238.0
500.0
500.0
500.0
394.0
401.0
395.0
412.0
500.0
500.0
342.0
500.0
441.0
267.0
371.0
433.0
383.0
247.0
333.0
500.0
500.0
500.0
388.0
426.0
500.0
366.0
500.0
500.0
500.0
500.0
500.0
418.0
387.0
500.0
418.0
500.0
368.0
466.0
470.0
453.0
500.0
449.0
500.0
500.0
498.0
359.0
500.0
456.0
500.0
449.0
129.0
369.0
500.0
500.0
461.0
500.0
500.0
439.0
500.0
262.0
214.0
406.0
490.0
494.0
500.0
500.0
236.0
461.0
458.0
83.0
242.0
174.0
213.0
419.0
500.0
141.0
500.0
206.0
132.0
214.0
131.0
500.0
489.0
500.0
70.0
147.0
224.0
262.0
500.0
500.0
137.0
66.0
150.0
198.0
120.0
235.0
500.0
219.0
345.0
170.0
500.0
157.0
110.0
175.0
199.0
222.0
334.0
500.0
378.0
263.0
500.0
500.0
281.0
218.0
231.0
500.0
500.0
117.0
129.0
98.0
115.0
281.0
500.0
151.0
459.0
162.0
500.0
500.0
113.0
500.0
500.0
195.0
500.0
218.0
81.0
175.0
143.0
165.0
284.0
183.0
190.0
500.0
474.0
426.0
254.0
278.0
265.0
203.0
266.0
219.0
203.0
500.0
402.0
86.0
332.0
500.0
180.0
230.0
195.0
500.0
318.0
500.0
181.0
299.0
265.0
101.0
500.0
500.0
271.0
162.0
500.0
219.0
110.0
217.0
221.0
252.0
500.0
500.0
194.0
294.0
275.0
299.0
200.0
369.0
108.0
246.0
260.0
314.0
309.0
500.0
485.0
219.0
325.0
432.0
223.0
287.0
326.0
282.0
353.0
228.0
248.0
216.0
293.0
214.0
385.0
500.0
168.0
242.0
236.0
152.0
231.0
301.0
272.0
218.0
257.0
370.0
260.0
394.0
204.0
500.0
500.0
214.0
227.0
154.0
245.0
229.0
438.0
440.0
215.0
242.0
289.0
200.0
257.0
332.0
198.0
500.0
258.0
263.0
247.0
500.0
242.0
257.0
443.0
123.0
226.0
279.0
329.0
218.0
256.0
240.0
500.0
275.0
131.0
208.0
279.0
215.0
206.0
235.0
258.0
218.0
500.0
500.0
456.0
291.0
220.0
398.0
270.0
212.0
192.0
204.0
262.0
219.0
283.0
281.0
241.0
320.0
275.0
272.0
251.0
500.0
121.0
267.0
251.0
244.0
235.0
230.0
337.0
236.0
401.0
238.0
322.0
208.0
239.0
304.0
485.0
388.0
500.0
261.0
405.0
236.0
448.0
385.0
259.0
237.0
500.0
314.0
291.0
369.0
286.0
277.0
299.0
500.0
294.0
286.0
500.0
339.0
375.0
262.0
113.0
271.0
205.0
351.0
311.0
323.0
311.0
296.0
500.0
150.0
500.0
217.0
272.0
217.0
263.0
270.0
210.0
242.0
289.0
196.0
172.0
196.0
232.0
500.0
255.0
179.0
273.0
192.0
209.0
192.0
500.0
275.0
224.0
500.0
228.0
245.0
500.0
178.0
257.0
245.0
221.0
212.0
228.0
273.0
242.0
215.0
500.0
264.0
203.0
500.0
195.0
223.0
293.0
233.0
271.0
452.0
242.0
256.0
330.0
259.0
234.0
274.0
269.0
173.0
206.0
500.0
167.0
247.0
500.0
269.0
242.0
211.0
500.0
192.0
466.0
444.0
207.0
278.0
324.0
500.0
199.0
120.0
69.0
228.0
218.0
307.0
211.0
500.0
220.0
230.0
251.0
340.0
318.0
244.0
500.0
366.0
270.0
500.0
238.0
500.0
254.0
251.0
500.0
500.0
247.0
262.0
295.0
297.0
392.0
241.0
278.0
500.0
396.0
500.0
500.0
233.0
241.0
500.0
320.0
393.0
223.0
240.0
496.0
488.0
467.0
353.0
245.0
500.0
500.0
500.0
322.0
255.0
378.0
283.0
500.0
260.0
500.0
500.0
309.0
500.0
272.0
500.0
500.0
271.0
267.0
272.0
312.0
370.0
406.0
500.0
237.0
448.0
418.0
500.0
269.0
343.0
395.0
368.0
500.0
267.0
301.0
500.0
44.0
500.0
351.0
500.0
95.0
51.0
500.0
366.0
251.0
258.0
427.0
336.0
474.0
500.0
299.0
355.0
297.0
328.0
500.0
500.0
500.0
300.0
500.0
500.0
272.0
307.0
500.0
388.0
470.0
341.0
500.0
390.0
416.0
500.0
331.0
500.0
500.0
405.0
500.0
312.0
269.0
426.0
500.0
289.0
390.0
452.0
311.0
428.0
500.0
500.0
398.0
404.0
393.0
306.0
500.0
296.0
452.0
373.0
272.0
500.0
500.0
245.0
244.0
294.0
500.0
344.0
448.0
273.0
280.0
500.0
363.0
500.0
322.0
500.0
443.0
282.0
381.0
500.0
303.0
305.0
500.0
312.0
375.0
500.0
500.0
500.0
500.0
274.0
332.0
500.0
278.0
329.0
353.0
500.0
453.0
500.0
500.0
23.0
500.0
460.0
369.0
418.0
284.0
318.0
344.0
308.0
350.0
418.0
448.0
284.0
500.0
323.0
290.0
500.0
274.0
319.0
478.0
500.0
500.0
405.0
148.0
500.0
406.0
500.0
441.0
268.0
378.0
296.0
287.0
365.0
374.0
500.0
500.0
500.0
362.0
265.0
320.0
500.0
500.0
500.0
335.0
500.0
332.0
442.0
336.0
83.0
268.0
500.0
330.0
337.0
353.0
391.0
500.0
382.0
500.0
268.0
385.0
497.0
500.0
336.0
307.0
259.0
371.0
294.0
324.0
500.0
420.0
500.0
500.0
380.0
291.0
500.0
500.0
266.0
331.0
237.0
329.0
418.0
354.0
329.0
270.0
500.0
484.0
266.0
298.0
299.0
500.0
330.0
485.0
420.0
411.0
500.0
500.0
307.0
443.0
293.0
292.0
500.0
350.0
500.0
500.0
352.0
322.0
302.0
326.0
219.0
500.0
500.0
500.0
158.0
241.0
265.0
343.0
373.0
500.0
456.0
500.0
500.0
500.0
285.0
311.0
500.0
500.0
500.0
326.0
500.0
500.0
275.0
247.0
352.0
286.0
500.0
286.0
500.0
500.0
500.0
260.0
500.0
337.0
394.0
500.0
247.0
424.0
446.0
500.0
370.0
268.0
341.0
422.0
359.0
500.0
500.0
500.0
500.0
500.0
414.0
358.0
500.0
362.0
284.0
500.0
500.0
262.0
500.0
500.0
290.0
379.0
393.0
500.0
500.0
308.0
456.0
500.0
328.0
408.0
500.0
332.0
287.0
500.0
500.0
500.0
500.0
277.0
228.0
333.0
396.0
350.0
500.0
236.0
345.0
500.0
381.0
339.0
353.0
350.0
500.0
500.0
500.0
306.0
325.0
491.0
332.0
426.0
500.0
433.0
316.0
326.0
500.0
431.0
439.0
306.0
292.0
283.0
447.0
500.0
341.0
500.0
500.0
300.0
250.0
500.0
500.0
500.0
500.0
500.0
500.0
301.0
434.0
500.0
500.0
500.0
272.0
328.0
308.0
308.0
455.0
499.0
500.0
353.0
274.0
500.0
358.0
369.0
294.0
393.0
464.0
500.0
170.0
323.0
449.0
500.0
500.0
500.0
268.0
284.0
500.0
500.0
500.0
500.0
489.0
500.0
342.0
500.0
289.0
427.0
500.0
284.0
500.0
394.0
337.0
500.0
500.0
363.0
500.0
480.0
500.0
500.0
500.0
500.0
500.0
280.0
292.0
500.0
293.0
373.0
500.0
438.0
500.0
482.0
500.0
500.0
500.0
260.0
500.0
500.0
263.0
500.0
500.0
500.0
436.0
500.0
293.0
288.0
411.0
500.0
399.0
308.0
500.0
392.0
500.0
500.0
500.0
305.0
500.0
478.0
500.0
461.0
500.0
500.0
500.0
500.0
500.0
279.0
500.0
500.0
334.0
473.0
500.0
500.0
500.0
500.0
500.0
500.0
391.0
380.0
500.0
297.0
500.0
500.0
500.0
295.0
484.0
500.0
500.0
500.0
433.0
500.0
256.0
500.0
413.0
500.0
500.0
500.0
500.0
329.0
500.0
303.0
315.0
500.0
500.0
500.0
485.0
500.0
500.0
500.0
500.0
315.0
500.0
302.0
500.0
342.0
500.0
360.0
500.0
272.0
500.0
500.0
500.0
500.0
500.0
500.0
366.0
500.0
500.0
452.0
500.0
500.0
500.0
449.0
500.0
366.0
500.0
500.0
384.0
276.0
500.0
500.0
500.0
382.0
326.0
500.0
500.0
446.0
23.0
220.0
48.0
214.0
107.0
500.0
500.0
264.0
45.0
363.0
75.0
99.0
126.0
500.0
500.0
22.0
68.0
500.0
500.0
500.0
24.0
500.0
253.0
143.0
500.0
57.0
162.0
35.0
500.0
170.0
149.0
197.0
316.0
500.0
158.0
201.0
463.0
500.0
500.0
64.0
100.0
470.0
236.0
148.0
500.0
500.0
500.0
500.0
84.0
500.0
500.0
113.0
312.0
203.0
500.0
228.0
270.0
500.0
74.0
27.0
288.0
75.0
500.0
50.0
192.0
500.0
98.0
68.0
500.0
152.0
500.0
500.0
58.0
142.0
45.0
122.0
500.0
30.0
91.0
500.0
170.0
136.0
77.0
500.0
138.0
33.0
500.0
500.0
494.0
500.0
192.0
500.0
500.0
500.0
63.0
52.0
450.0
246.0
500.0
500.0
176.0
500.0
77.0
242.0
468.0
54.0
186.0
67.0
260.0
500.0
379.0
162.0
500.0
86.0
105.0
108.0
178.0
64.0
500.0
88.0
500.0
197.0
500.0
500.0
52.0
294.0
500.0
56.0
282.0
172.0
500.0
54.0
218.0
81.0
32.0
68.0
500.0
500.0
44.0
44.0
278.0
500.0
295.0
500.0
453.0
150.0
500.0
88.0
500.0
266.0
143.0
500.0
89.0
449.0
286.0
500.0
500.0
174.0
500.0
86.0
112.0
166.0
52.0
500.0
149.0
500.0
76.0
144.0
24.0
106.0
358.0
291.0
500.0
490.0
500.0
500.0
70.0
348.0
500.0
326.0
500.0
124.0
500.0
254.0
293.0
56.0
500.0
500.0
278.0
52.0
65.0
70.0
81.0
26.0
308.0
303.0
96.0
241.0
119.0
500.0
500.0
500.0
389.0
500.0
500.0
315.0
288.0
500.0
500.0
500.0
344.0
500.0
359.0
500.0
401.0
243.0
500.0
500.0
500.0
500.0
322.0
500.0
500.0
491.0
500.0
500.0
421.0
500.0
500.0
500.0
500.0
500.0
500.0
500.0
500.0
467.0
500.0
500.0
500.0
430.0
500.0
288.0
500.0
500.0
500.0
500.0
500.0
433.0
500.0
500.0
365.0
500.0
312.0
471.0
460.0
500.0
465.0
500.0
500.0
500.0
500.0
500.0
460.0
500.0
381.0
337.0
395.0
344.0
500.0
500.0
467.0
449.0
263.0
500.0
500.0
500.0
408.0
465.0
500.0
429.0
373.0
500.0
500.0
500.0
500.0
443.0
500.0
301.0
500.0
500.0
500.0
492.0
500.0
239.0
230.0
397.0
382.0
500.0
500.0
455.0
500.0
500.0
180.0
500.0
500.0
444.0
500.0
280.0
500.0
500.0
500.0
399.0
500.0
305.0
272.0
500.0
500.0
326.0
204.0
336.0
456.0
500.0
277.0
369.0
500.0
500.0
500.0
500.0
500.0
284.0
382.0
500.0
500.0
307.0
500.0
500.0
424.0
500.0
500.0
500.0
500.0
500.0
476.0
500.0
234.0
500.0
468.0
499.0
318.0
500.0
500.0
483.0
500.0
314.0
500.0
500.0
500.0
500.0
500.0
500.0
500.0
500.0
479.0
500.0
500.0
500.0
353.0
500.0
500.0
279.0
500.0
500.0
390.0
500.0
500.0
258.0
500.0
356.0
500.0
376.0
388.0
366.0
365.0
500.0
500.0
337.0
500.0
500.0
500.0
394.0
473.0
294.0
500.0
500.0
252.0
362.0
500.0
500.0
271.0
500.0
386.0
500.0
500.0
357.0
500.0
270.0
500.0
500.0
500.0
500.0
500.0
500.0
306.0
500.0
500.0
500.0
369.0
500.0
500.0
436.0
325.0
500.0
500.0
500.0
500.0
500.0
500.0
357.0
500.0
346.0
389.0
490.0
479.0
500.0
500.0
500.0
500.0
500.0
366.0
447.0
500.0
500.0
308.0
500.0
500.0
500.0
370.0
315.0
500.0
303.0
500.0
461.0
500.0
500.0
408.0
494.0
500.0
500.0
500.0
238.0
264.0
388.0
500.0
373.0
500.0
500.0
404.0
317.0
423.0
500.0
442.0
382.0
500.0
307.0
295.0
500.0
500.0
500.0
500.0
493.0
262.0
500.0
500.0
500.0
305.0
500.0
485.0
334.0
500.0
500.0
500.0
494.0
500.0
398.0
500.0
297.0
500.0
247.0
500.0
320.0
500.0
319.0
500.0
500.0
345.0
500.0
500.0
500.0
447.0
500.0
448.0
364.0
500.0
500.0
500.0
500.0
500.0
500.0
500.0
500.0
500.0
500.0
402.0
354.0
436.0
336.0
500.0
500.0
396.0
441.0
500.0
500.0
324.0
500.0
350.0
485.0
341.0
338.0
500.0
500.0
422.0
500.0
500.0
500.0
338.0
457.0
500.0
500.0
500.0
275.0
310.0
500.0
500.0
363.0
408.0
500.0
500.0
500.0
500.0
500.0
357.0
310.0
500.0
500.0
500.0
500.0
500.0
500.0
289.0
466.0
355.0
500.0
298.0
391.0
500.0
500.0
500.0
370.0
417.0
500.0
440.0
500.0
283.0
500.0
288.0
380.0
280.0
500.0
500.0
465.0
500.0
500.0
500.0
500.0
266.0
346.0
500.0
500.0
500.0
317.0
350.0
448.0
301.0
500.0
500.0
500.0
500.0
430.0
500.0
421.0
306.0
500.0
500.0
500.0
318.0
342.0
314.0
500.0
500.0
500.0
500.0
261.0
269.0
428.0
500.0
500.0
500.0
500.0
500.0
500.0
500.0
500.0
500.0
500.0
406.0
423.0
500.0
322.0
500.0
500.0
500.0
300.0
330.0
500.0
500.0
500.0
500.0
500.0
405.0
500.0
500.0
500.0
500.0
500.0
358.0
339.0
332.0
500.0
293.0
500.0
500.0
500.0
500.0
500.0
500.0
500.0
500.0
500.0
500.0
500.0
158.0
420.0
301.0
500.0
500.0
500.0
399.0
500.0
500.0
500.0
314.0
500.0
500.0
500.0
500.0
401.0
455.0
305.0
266.0
332.0
500.0
500.0
500.0
377.0
272.0
341.0
500.0
333.0
336.0
375.0
500.0
500.0
500.0
500.0
500.0
500.0
500.0
500.0
500.0
500.0
500.0
500.0
500.0
500.0
500.0
373.0
500.0
328.0
351.0
500.0
500.0
460.0
500.0
500.0
500.0
500.0
366.0
500.0
500.0
500.0
500.0
500.0
276.0
500.0
500.0
500.0
421.0
500.0
500.0
368.0
485.0
500.0
400.0
500.0
500.0
500.0
500.0
325.0
500.0
500.0
500.0
439.0
500.0
408.0
500.0
500.0
500.0
500.0
500.0
500.0
500.0
500.0
445.0
500.0
500.0
500.0
500.0
261.0
500.0
423.0
500.0
500.0
500.0
500.0
500.0
500.0
500.0
500.0
259.0
500.0
500.0
280.0
500.0
500.0
307.0
500.0
500.0
500.0
500.0
500.0
500.0
500.0
500.0
300.0
500.0
500.0
500.0
500.0
500.0
404.0
500.0
330.0
350.0
500.0
500.0
500.0
500.0
286.0
500.0
500.0
320.0
305.0
500.0
279.0
331.0
394.0
320.0
460.0
500.0
500.0
222.0
500.0
372.0
310.0
500.0
500.0
500.0
500.0
500.0
500.0
500.0
302.0
500.0
500.0
500.0
500.0
500.0
229.0
271.0
500.0
331.0
500.0
500.0
500.0
224.0
500.0
401.0
500.0
298.0
500.0
500.0
320.0
333.0
500.0
500.0
258.0
500.0
500.0
339.0
500.0
500.0
308.0
500.0
326.0
500.0
500.0
500.0
392.0
500.0
500.0
467.0
241.0
500.0
500.0
500.0
500.0
500.0
412.0
302.0
240.0
305.0
252.0
500.0
333.0
372.0
500.0
500.0
306.0
500.0
369.0
313.0
336.0
351.0
351.0
500.0
500.0
500.0
500.0
500.0
406.0
500.0
214.0
250.0
500.0
500.0
500.0
500.0
356.0
500.0
450.0
500.0
119.0
500.0
500.0
500.0
314.0
500.0
500.0
309.0
400.0
500.0
281.0
311.0
453.0
500.0
475.0
500.0
341.0
302.0
500.0
312.0
500.0
317.0
252.0
500.0
500.0
500.0
408.0
500.0
500.0
500.0
500.0
217.0
500.0
500.0
500.0
454.0
435.0
316.0
378.0
500.0
500.0
370.0
500.0
500.0
500.0
500.0
500.0
464.0
500.0
500.0
278.0
500.0
500.0
500.0
500.0
378.0
421.0
500.0
285.0
308.0
240.0
500.0
500.0
311.0
283.0
271.0
500.0
500.0
500.0
270.0
273.0
500.0
500.0
320.0
353.0
500.0
500.0
500.0
500.0
381.0
500.0
500.0
500.0
412.0
500.0
500.0
500.0
500.0
500.0
269.0
290.0
500.0
436.0
299.0
500.0
500.0
310.0
500.0
500.0
500.0
500.0
402.0
500.0
500.0
500.0
500.0
500.0
500.0
500.0
500.0
500.0
264.0
481.0
500.0
290.0
402.0
273.0
500.0
500.0
303.0
500.0
500.0
500.0
453.0
500.0
500.0
500.0
336.0
287.0
500.0
500.0
500.0
500.0
500.0
403.0
500.0
374.0
500.0
500.0
500.0
337.0
259.0
500.0
296.0
500.0
265.0
218.0
223.0
500.0
243.0
315.0
318.0
500.0
500.0
500.0
500.0
500.0
370.0
500.0
500.0
500.0
433.0
500.0
500.0
500.0
500.0
500.0
500.0
500.0
364.0
500.0
500.0
296.0
500.0
500.0
500.0
278.0
500.0
500.0
500.0
500.0
500.0
500.0
500.0
500.0
414.0
352.0
344.0
500.0
500.0
500.0
500.0
500.0
500.0
500.0
500.0
251.0
500.0
120.0
500.0
500.0
500.0
500.0
500.0
416.0
500.0
500.0
459.0
500.0
307.0
500.0
500.0
420.0
500.0
500.0
500.0
500.0
297.0
500.0
500.0
500.0
500.0
274.0
265.0
500.0
459.0
500.0
500.0
500.0
500.0
371.0
500.0
500.0
341.0
500.0
500.0
471.0
500.0
500.0
500.0
500.0
500.0
500.0
485.0
500.0
500.0
500.0
500.0
460.0
500.0
449.0
367.0
291.0
500.0
500.0
500.0
500.0
419.0
500.0
301.0
500.0
500.0
500.0
500.0
292.0
500.0
471.0
500.0
500.0
500.0
500.0
305.0
500.0
500.0
500.0
500.0
500.0
327.0
500.0
500.0
267.0
500.0
343.0
500.0
500.0
500.0
500.0
500.0
500.0
278.0
500.0
335.0
411.0
500.0
500.0
500.0
500.0
500.0
500.0
500.0
500.0
500.0
500.0
292.0
463.0
500.0
500.0
500.0
500.0
500.0
276.0
500.0
500.0
500.0
358.0
450.0
500.0
500.0
500.0
500.0
500.0
500.0
500.0
500.0
492.0
500.0
345.0
500.0
500.0
500.0
500.0
500.0
500.0
500.0
467.0
341.0
500.0
500.0
500.0
500.0
500.0
500.0
500.0
500.0
382.0
305.0
500.0
500.0
500.0
500.0
418.0
500.0
281.0
405.0
476.0
500.0
500.0
500.0
500.0
500.0
500.0
500.0
500.0
362.0
500.0
500.0
355.0
500.0
500.0
500.0
500.0
500.0
500.0
500.0
500.0
500.0
500.0
500.0
500.0
500.0
422.0
415.0
500.0
500.0
500.0
500.0
500.0
500.0
294.0
500.0
324.0
500.0
500.0
500.0
500.0
488.0
500.0
500.0
500.0
500.0
385.0
500.0
500.0
385.0
447.0
500.0
500.0
500.0
394.0
500.0
500.0
500.0
500.0
500.0
417.0
323.0
500.0
500.0
340.0
500.0
500.0
500.0
500.0
500.0
500.0
500.0
500.0
500.0
500.0
500.0
309.0
307.0
500.0
500.0
431.0
227.0
500.0
441.0
500.0
500.0
500.0
343.0
500.0
500.0
500.0
388.0
358.0
500.0
302.0
500.0
500.0
500.0
500.0
365.0
500.0
500.0
500.0
500.0
305.0
500.0
404.0
487.0
372.0
500.0
280.0
500.0
500.0
388.0
315.0
500.0
379.0
500.0
357.0
465.0
329.0
430.0
283.0
500.0
326.0
500.0
71.0
500.0
294.0
363.0
301.0
500.0
500.0
500.0
500.0
454.0
500.0
267.0
500.0
500.0
500.0
278.0
380.0
232.0
500.0
500.0
500.0
500.0
348.0
500.0
500.0
500.0
302.0
500.0
458.0
500.0
500.0
500.0
289.0
500.0
500.0
500.0
253.0
500.0
367.0
500.0
500.0
500.0
500.0
500.0
500.0
394.0
325.0
283.0
500.0
371.0
500.0
500.0
500.0
353.0
500.0
500.0
297.0
469.0
500.0
285.0
500.0
500.0
414.0
482.0
486.0
500.0
443.0
281.0
500.0
500.0
500.0
500.0
500.0
265.0
375.0
500.0
500.0
313.0
325.0
266.0
500.0
389.0
500.0
500.0
500.0
500.0
398.0
259.0
484.0
281.0
336.0
500.0
500.0
500.0
500.0
500.0
388.0
312.0
500.0
313.0
484.0
403.0
341.0
369.0
500.0
500.0
500.0
500.0
331.0
500.0
500.0
264.0
500.0
500.0
465.0
311.0
338.0
385.0
500.0
354.0
500.0
332.0
274.0
500.0
437.0
298.0
500.0
500.0
500.0
500.0
420.0
500.0
391.0
500.0
500.0
500.0
500.0
500.0
387.0
500.0
500.0
362.0
326.0
308.0
365.0
500.0
474.0
418.0
500.0
470.0
447.0
500.0
500.0
500.0
500.0
500.0
500.0
500.0
340.0
442.0
500.0
500.0
299.0
500.0
500.0
500.0
500.0
500.0
500.0
500.0
500.0
472.0
313.0
500.0
500.0
500.0
306.0
500.0
500.0
500.0
500.0
500.0
500.0
334.0
500.0
500.0
488.0
500.0
500.0
500.0
433.0
500.0
500.0
347.0
500.0
349.0
500.0
471.0
283.0
500.0
500.0
274.0
392.0
404.0
500.0
499.0
500.0
365.0
364.0
500.0
500.0
500.0
500.0
455.0
374.0
500.0
500.0
279.0
379.0
500.0
500.0
331.0
319.0
318.0
500.0
399.0
500.0
343.0
500.0
500.0
500.0
500.0
421.0
500.0
500.0
500.0
398.0
427.0
500.0
369.0
393.0
500.0
434.0
500.0
354.0
500.0
309.0
500.0
299.0
500.0
500.0
500.0
283.0
500.0
500.0
496.0
500.0
500.0
500.0
500.0
300.0
500.0
500.0
500.0
310.0
500.0
442.0
359.0
295.0
396.0
500.0
373.0
496.0
323.0
399.0
302.0
355.0
500.0
500.0
500.0
500.0
381.0
491.0
500.0
298.0
500.0
498.0
362.0
500.0
379.0
402.0
256.0
345.0
361.0
315.0
500.0
500.0
500.0
500.0
294.0
500.0
500.0
482.0
500.0
500.0
500.0
423.0
500.0
500.0
334.0
463.0
500.0
500.0
368.0
380.0
500.0
367.0
500.0
344.0
436.0
500.0
309.0
500.0
500.0
500.0
391.0
500.0
411.0
457.0
500.0
274.0
467.0
500.0
500.0
353.0
500.0
500.0
500.0
500.0
189.0
500.0
500.0
500.0
252.0
500.0
500.0
500.0
347.0
284.0
241.0
500.0
336.0
396.0
500.0
500.0
424.0
359.0
391.0
132.0
500.0
477.0
500.0
361.0
500.0
500.0
500.0
500.0
500.0
500.0
500.0
447.0
462.0
500.0
495.0
500.0
500.0
500.0
500.0
500.0
500.0
500.0
500.0
500.0
500.0
500.0
419.0
500.0
344.0
500.0
500.0
500.0
312.0
500.0
327.0
418.0
395.0
500.0
500.0
500.0
369.0
500.0
485.0
500.0
500.0
500.0
500.0
381.0
500.0
500.0
500.0
266.0
500.0
500.0
500.0
500.0
500.0
500.0
500.0
279.0
500.0
350.0
500.0
465.0
500.0
370.0
500.0
451.0
500.0
500.0
309.0
500.0
500.0
473.0
500.0
426.0
101.0
500.0
412.0
500.0
164.0
500.0
256.0
500.0
500.0
78.0
500.0
500.0
500.0
500.0
500.0
480.0
304.0
486.0
317.0
252.0
461.0
500.0
500.0
339.0
500.0
500.0
500.0
411.0
390.0
317.0
401.0
500.0
500.0
500.0
500.0
500.0
500.0
316.0
500.0
500.0
347.0
403.0
350.0
500.0
500.0
408.0
396.0
402.0
432.0
252.0
461.0
500.0
500.0
435.0
500.0
500.0
500.0
500.0
500.0
500.0
471.0
286.0
337.0
424.0
450.0
500.0
389.0
416.0
500.0
500.0
500.0
301.0
500.0
500.0
500.0
479.0
300.0
419.0
479.0
490.0
500.0
500.0
500.0
374.0
500.0
500.0
500.0
500.0
268.0
500.0
500.0
500.0
400.0
500.0
500.0
500.0
500.0
226.0
500.0
421.0
500.0
500.0
426.0
500.0
500.0
500.0
500.0
323.0
295.0
500.0
499.0
387.0
500.0
500.0
500.0
500.0
390.0
387.0
500.0
369.0
500.0
500.0
500.0
500.0
500.0
347.0
416.0
395.0
398.0
341.0
421.0
500.0
260.0
500.0
348.0
487.0
500.0
500.0
500.0
500.0
500.0
500.0
500.0
260.0
464.0
500.0
373.0
500.0
312.0
258.0
500.0
500.0
500.0
500.0
482.0
500.0
406.0
254.0
311.0
266.0
241.0
500.0
500.0
500.0
500.0
500.0
428.0
500.0
500.0
287.0
500.0
500.0
500.0
500.0
500.0
500.0
379.0
500.0
310.0
410.0
500.0
500.0
500.0
500.0
500.0
500.0
500.0
500.0
500.0
305.0
280.0
431.0
500.0
500.0
276.0
500.0
329.0
500.0
500.0
500.0
268.0
500.0
307.0
500.0
500.0
500.0
500.0
349.0
319.0
500.0
500.0
500.0
376.0
401.0
500.0
252.0
500.0
500.0
278.0
408.0
500.0
362.0
500.0
500.0
500.0
500.0
328.0
500.0
500.0
395.0
500.0
500.0
282.0
500.0
468.0
457.0
500.0
500.0
500.0
500.0
500.0
447.0
500.0
500.0
358.0
500.0
451.0
434.0
336.0
500.0
500.0
500.0
500.0
500.0
500.0
231.0
404.0
500.0
441.0
500.0
304.0
306.0
500.0
297.0
362.0
152.0
296.0
444.0
458.0
500.0
429.0
19.0
500.0
377.0
135.0
500.0
500.0
175.0
500.0
388.0
18.0
500.0
260.0
433.0
312.0
136.0
141.0
500.0
308.0
500.0
242.0
308.0
273.0
223.0
67.0
272.0
93.0
500.0
500.0
89.0
125.0
187.0
500.0
113.0
220.0
185.0
473.0
144.0
500.0
500.0
500.0
500.0
220.0
190.0
317.0
155.0
202.0
171.0
500.0
227.0
500.0
145.0
344.0
176.0
180.0
57.0
500.0
272.0
270.0
54.0
255.0
249.0
331.0
500.0
113.0
43.0
500.0
67.0
99.0
249.0
500.0
163.0
50.0
59.0
288.0
65.0
51.0
189.0
87.0
500.0
248.0
500.0
500.0
205.0
409.0
361.0
126.0
272.0
58.0
54.0
188.0
127.0
199.0
53.0
111.0
124.0
238.0
185.0
500.0
500.0
127.0
127.0
152.0
13.0
11.0
65.0
201.0
500.0
97.0
72.0
56.0
69.0
47.0
249.0
276.0
170.0
264.0
72.0
15.0
15.0
500.0
222.0
194.0
204.0
258.0
178.0
312.0
423.0
64.0
92.0
177.0
338.0
121.0
254.0
217.0
388.0
66.0
282.0
295.0
500.0
194.0
419.0
130.0
388.0
253.0
269.0
158.0
295.0
222.0
500.0
47.0
242.0
500.0
500.0
500.0
126.0
276.0
460.0
500.0
500.0
500.0
205.0
35.0
500.0
57.0
44.0
364.0
143.0
94.0
223.0
500.0
264.0
23.0
60.0
121.0
133.0
257.0
500.0
178.0
165.0
48.0
94.0
251.0
500.0
500.0
239.0
177.0
127.0
252.0
99.0
67.0
239.0
219.0
364.0
144.0
297.0
69.0
294.0
215.0
500.0
227.0
227.0
117.0
500.0
231.0
500.0
131.0
169.0
189.0
295.0
366.0
251.0
417.0
304.0
209.0
278.0
500.0
102.0
139.0
232.0
500.0
500.0
161.0
146.0
195.0
142.0
460.0
332.0
65.0
37.0
500.0
500.0
435.0
58.0
397.0
451.0
126.0
68.0
148.0
236.0
125.0
317.0
65.0
329.0
172.0
500.0
500.0
259.0
246.0
91.0
295.0
500.0
70.0
84.0
374.0
81.0
303.0
349.0
500.0
182.0
109.0
500.0
373.0
66.0
37.0
500.0
245.0
354.0
279.0
273.0
500.0
296.0
500.0
500.0
500.0
500.0
399.0
500.0
500.0
265.0
258.0
500.0
500.0
500.0
79.0
500.0
500.0
500.0
500.0
135.0
500.0
500.0
245.0
500.0
500.0
278.0
373.0
500.0
486.0
125.0
500.0
500.0
500.0
500.0
302.0
500.0
500.0
500.0
336.0
500.0
385.0
500.0
500.0
500.0
429.0
305.0
500.0
16.0
441.0
500.0
263.0
500.0
500.0
500.0
280.0
500.0
436.0
500.0
297.0
500.0
500.0
500.0
448.0
243.0
500.0
500.0
500.0
500.0
427.0
500.0
451.0
500.0
500.0
500.0
500.0
500.0
500.0
500.0
335.0
500.0
500.0
500.0
500.0
500.0
500.0
500.0
500.0
500.0
415.0
179.0
500.0
500.0
500.0
475.0
203.0
464.0
485.0
500.0
277.0
414.0
500.0
500.0
351.0
253.0
500.0
63.0
278.0
500.0
500.0
500.0
349.0
464.0
500.0
500.0
500.0
500.0
463.0
500.0
500.0
500.0
243.0
500.0
295.0
500.0
286.0
500.0
333.0
259.0
500.0
500.0
500.0
470.0
251.0
500.0
252.0
500.0
223.0
446.0
371.0
500.0
500.0
349.0
397.0
500.0
500.0
500.0
330.0
475.0
243.0
275.0
340.0
347.0
287.0
324.0
254.0
269.0
500.0
446.0
263.0
500.0
364.0
500.0
154.0
288.0
410.0
222.0
386.0
188.0
241.0
440.0
358.0
270.0
500.0
313.0
188.0
500.0
334.0
480.0
409.0
339.0
492.0
323.0
282.0
339.0
360.0
500.0
500.0
316.0
500.0
288.0
500.0
500.0
500.0
500.0
167.0
500.0
260.0
500.0
500.0
500.0
242.0
470.0
434.0
500.0
473.0
500.0
500.0
221.0
500.0
500.0
275.0
334.0
500.0
337.0
500.0
280.0
311.0
457.0
375.0
402.0
442.0
384.0
288.0
500.0
500.0
500.0
149.0
296.0
366.0
296.0
500.0
352.0
500.0
464.0
321.0
257.0
500.0
312.0
500.0
246.0
500.0
500.0
500.0
203.0
500.0
485.0
500.0
402.0
500.0
500.0
500.0
500.0
433.0
500.0
500.0
269.0
500.0
500.0
500.0
466.0
500.0
371.0
136.0
500.0
500.0
500.0
394.0
164.0
500.0
500.0
500.0
450.0
267.0
500.0
500.0
500.0
500.0
500.0
362.0
500.0
276.0
500.0
500.0
500.0
272.0
197.0
500.0
500.0
500.0
500.0
500.0
500.0
254.0
262.0
500.0
500.0
500.0
345.0
500.0
281.0
500.0
349.0
303.0
500.0
500.0
500.0
301.0
375.0
258.0
500.0
286.0
245.0
297.0
437.0
293.0
500.0
252.0
349.0
500.0
500.0
500.0
500.0
377.0
500.0
500.0
224.0
483.0
500.0
500.0
500.0
500.0
500.0
500.0
242.0
500.0
500.0
500.0
411.0
480.0
207.0
500.0
500.0
494.0
500.0
338.0
500.0
179.0
500.0
404.0
500.0
423.0
331.0
315.0
385.0
500.0
377.0
275.0
500.0
500.0
233.0
500.0
500.0
500.0
500.0
500.0
198.0
305.0
250.0
398.0
500.0
500.0
287.0
500.0
500.0
500.0
276.0
500.0
500.0
500.0
441.0
319.0
500.0
215.0
488.0
347.0
500.0
500.0
500.0
500.0
310.0
500.0
372.0
481.0
500.0
262.0
366.0
340.0
500.0
500.0
251.0
229.0
500.0
321.0
500.0
500.0
500.0
253.0
378.0
356.0
288.0
328.0
500.0
500.0
500.0
259.0
500.0
500.0
339.0
500.0
500.0
500.0
296.0
420.0
500.0
500.0
500.0
500.0
500.0
284.0
500.0
500.0
324.0
500.0
500.0
500.0
500.0
381.0
295.0
500.0
500.0
500.0
431.0
482.0
323.0
500.0
500.0
500.0
500.0
500.0
500.0
500.0
500.0
500.0
500.0
342.0
500.0
500.0
500.0
500.0
272.0
452.0
405.0
297.0
451.0
373.0
171.0
500.0
500.0
313.0
500.0
500.0
326.0
500.0
500.0
500.0
388.0
500.0
500.0
249.0
500.0
500.0
309.0
231.0
500.0
395.0
500.0
500.0
96.0
500.0
297.0
413.0
500.0
354.0
500.0
478.0
377.0
500.0
500.0
339.0
459.0
500.0
220.0
433.0
500.0
500.0
417.0
481.0
366.0
500.0
500.0
500.0
344.0
448.0
125.0
321.0
277.0
500.0
326.0
297.0
500.0
154.0
302.0
181.0
100.0
500.0
500.0
327.0
312.0
462.0
500.0
64.0
152.0
500.0
260.0
162.0
242.0
500.0
500.0
319.0
452.0
434.0
160.0
213.0
500.0
320.0
500.0
441.0
500.0
75.0
326.0
326.0
307.0
399.0
35.0
500.0
500.0
500.0
500.0
500.0
500.0
500.0
500.0
239.0
198.0
351.0
479.0
500.0
268.0
500.0
380.0
253.0
500.0
331.0
500.0
500.0
486.0
500.0
500.0
500.0
303.0
457.0
500.0
478.0
439.0
500.0
500.0
308.0
500.0
269.0
428.0
277.0
500.0
500.0
500.0
410.0
500.0
500.0
334.0
500.0
406.0
333.0
500.0
500.0
500.0
325.0
500.0
327.0
500.0
500.0
500.0
402.0
410.0
500.0
500.0
301.0
425.0
409.0
500.0
500.0
500.0
290.0
415.0
280.0
488.0
384.0
321.0
257.0
500.0
449.0
283.0
500.0
500.0
500.0
144.0
426.0
419.0
500.0
500.0
500.0
357.0
388.0
500.0
500.0
500.0
500.0
303.0
279.0
500.0
500.0
365.0
500.0
500.0
381.0
398.0
411.0
500.0
210.0
410.0
500.0
500.0
480.0
500.0
500.0
461.0
500.0
235.0
443.0
500.0
209.0
500.0
500.0
438.0
283.0
500.0
470.0
500.0
322.0
214.0
476.0
468.0
476.0
376.0
500.0
330.0
497.0
255.0
500.0
387.0
500.0
293.0
500.0
294.0
328.0
466.0
500.0
278.0
500.0
500.0
229.0
381.0
500.0
242.0
345.0
395.0
386.0
430.0
430.0
500.0
500.0
444.0
374.0
500.0
355.0
296.0
386.0
500.0
338.0
500.0
500.0
374.0
358.0
500.0
500.0
500.0
261.0
338.0
500.0
358.0
487.0
500.0
361.0
500.0
500.0
500.0
500.0
500.0
389.0
500.0
360.0
298.0
485.0
300.0
346.0
500.0
424.0
500.0
258.0
289.0
440.0
401.0
343.0
287.0
500.0
500.0
410.0
500.0
280.0
421.0
279.0
500.0
287.0
269.0
335.0
500.0
248.0
257.0
305.0
454.0
347.0
500.0
500.0
400.0
286.0
500.0
500.0
500.0
303.0
379.0
500.0
274.0
327.0
334.0
288.0
408.0
290.0
269.0
500.0
439.0
331.0
243.0
340.0
485.0
321.0
397.0
348.0
387.0
269.0
317.0
500.0
450.0
500.0
500.0
500.0
467.0
393.0
500.0
500.0
500.0
362.0
192.0
393.0
361.0
500.0
497.0
260.0
464.0
500.0
379.0
500.0
307.0
500.0
358.0
313.0
256.0
208.0
500.0
500.0
412.0
412.0
500.0
199.0
500.0
418.0
404.0
182.0
497.0
299.0
385.0
450.0
273.0
500.0
500.0
500.0
461.0
316.0
231.0
500.0
252.0
500.0
295.0
343.0
428.0
500.0
410.0
435.0
500.0
500.0
500.0
311.0
446.0
313.0
213.0
445.0
500.0
500.0
276.0
319.0
317.0
500.0
246.0
260.0
348.0
281.0
392.0
329.0
344.0
500.0
272.0
480.0
242.0
500.0
307.0
292.0
500.0
500.0
500.0
500.0
500.0
255.0
248.0
500.0
292.0
217.0
378.0
201.0
500.0
374.0
500.0
415.0
265.0
339.0
500.0
175.0
478.0
500.0
206.0
500.0
500.0
302.0
358.0
448.0
300.0
293.0
500.0
429.0
500.0
500.0
500.0
444.0
477.0
500.0
201.0
221.0
298.0
500.0
290.0
465.0
278.0
500.0
499.0
337.0
500.0
380.0
355.0
290.0
500.0
376.0
500.0
500.0
420.0
500.0
364.0
353.0
232.0
500.0
199.0
212.0
281.0
500.0
500.0
226.0
321.0
367.0
335.0
500.0
387.0
460.0
431.0
347.0
357.0
444.0
85.0
391.0
456.0
249.0
500.0
206.0
212.0