18.0
28.0
15.0
24.0
9.0
12.0
20.0
14.0
14.0
16.0
14.0
14.0
25.0
14.0
10.0
9.0
22.0
19.0
10.0
11.0
13.0
10.0
11.0
11.0
17.0
12.0
9.0
10.0
11.0
11.0
13.0
9.0
10.0
10.0
11.0
14.0
13.0
16.0
12.0
10.0
11.0
16.0
18.0
11.0
19.0
19.0
17.0
19.0
23.0
22.0
22.0
24.0
16.0
20.0
26.0
33.0
36.0
11.0
31.0
35.0
24.0
26.0
36.0
35.0
37.0
36.0
43.0
47.0
27.0
107.0
91.0
20.0
80.0
117.0
67.0
51.0
36.0
30.0
92.0
37.0
99.0
35.0
98.0
53.0
58.0
50.0
154.0
216.0
49.0
59.0
130.0
55.0
176.0
94.0
53.0
22.0
500.0
234.0
500.0
39.0
46.0
500.0
119.0
88.0
182.0
170.0
500.0
57.0
126.0
500.0
191.0
56.0
145.0
42.0
147.0
125.0
26.0
500.0
43.0
88.0
78.0
24.0
236.0
128.0
184.0
160.0
500.0
141.0
149.0
182.0
500.0
152.0
89.0
209.0
102.0
52.0
500.0
183.0
99.0
112.0
52.0
179.0
124.0
249.0
500.0
152.0
153.0
166.0
281.0
37.0
259.0
225.0
109.0
259.0
162.0
244.0
166.0
110.0
156.0
500.0
500.0
13.0
202.0
500.0
160.0
500.0
264.0
364.0
164.0
200.0
306.0
343.0
37.0
73.0
500.0
132.0
252.0
155.0
105.0
127.0
164.0
234.0
500.0
500.0
38.0
91.0
189.0
186.0
132.0
173.0
151.0
306.0
500.0
252.0
361.0
211.0
500.0
291.0
295.0
500.0
500.0
151.0
500.0
500.0
348.0
55.0
292.0
209.0
345.0
500.0
190.0
500.0
246.0
104.0
175.0
293.0
381.0
43.0
500.0
392.0
363.0
203.0
117.0
200.0
104.0
320.0
500.0
227.0
500.0
500.0
500.0
500.0
207.0
201.0
192.0
190.0
176.0
178.0
473.0
500.0
500.0
500.0
77.0
130.0
116.0
222.0
500.0
186.0
255.0
349.0
128.0
500.0
174.0
500.0
142.0
200.0
60.0
152.0
149.0
500.0
476.0
500.0
500.0
500.0
154.0
232.0
500.0
160.0
300.0
108.0
190.0
500.0
478.0
128.0
194.0
500.0
500.0
500.0
500.0
192.0
500.0
262.0
493.0
259.0
500.0
500.0
170.0
188.0
204.0
500.0
174.0
500.0
135.0
168.0
500.0
500.0
500.0
500.0
500.0
298.0
500.0
500.0
452.0
120.0
500.0
299.0
473.0
153.0
132.0
255.0
270.0
144.0
151.0
500.0
250.0
500.0
500.0
131.0
181.0
500.0
177.0
193.0
330.0
500.0
500.0
500.0
500.0
166.0
307.0
500.0
237.0
500.0
123.0
500.0
284.0
326.0
139.0
239.0
299.0
283.0
500.0
500.0
251.0
500.0
295.0
372.0
500.0
500.0
500.0
500.0
500.0
129.0
500.0
473.0
491.0
240.0
262.0
340.0
205.0
258.0
500.0
473.0
214.0
165.0
317.0
154.0
233.0
185.0
500.0
207.0
500.0
500.0
500.0
212.0
500.0
500.0
249.0
500.0
158.0
500.0
455.0
500.0
219.0
356.0
500.0
227.0
304.0
282.0
271.0
284.0
193.0
229.0
500.0
104.0
214.0
500.0
462.0
500.0
324.0
500.0
235.0
353.0
316.0
235.0
500.0
500.0
227.0
304.0
127.0
475.0
140.0
220.0
276.0
500.0
200.0
500.0
482.0
286.0
269.0
500.0
500.0
148.0
500.0
500.0
500.0
500.0
190.0
500.0
284.0
159.0
449.0
335.0
247.0
187.0
375.0
321.0
294.0
162.0
140.0
248.0
318.0
248.0
138.0
500.0
184.0
355.0
388.0
500.0
236.0
450.0
194.0
228.0
500.0
159.0
500.0
140.0
500.0
159.0
338.0
192.0
168.0
289.0
258.0
500.0
500.0
500.0
500.0
253.0
209.0
220.0
191.0
500.0
500.0
500.0
455.0
500.0
500.0
479.0
500.0
500.0
309.0
255.0
460.0
500.0
500.0
463.0
500.0
500.0
500.0
500.0
396.0
142.0
500.0
460.0
264.0
319.0
141.0
500.0
500.0
369.0
232.0
327.0
199.0
225.0
500.0
443.0
500.0
500.0
500.0
243.0
363.0
208.0
328.0
333.0
339.0
204.0
500.0
169.0
411.0
263.0
192.0
187.0
271.0
288.0
500.0
500.0
500.0
500.0
227.0
500.0
500.0
442.0
500.0
500.0
285.0
135.0
500.0
500.0
377.0
230.0
500.0
500.0
247.0
248.0
147.0
327.0
78.0
142.0
492.0
252.0
500.0
500.0
500.0
500.0
271.0
355.0
230.0
500.0
347.0
218.0
241.0
160.0
500.0
500.0
500.0
174.0
366.0
140.0
217.0
69.0
500.0
500.0
305.0
500.0
241.0
364.0
500.0
459.0
183.0
500.0
500.0
271.0
261.0
500.0
439.0
500.0
500.0
450.0
157.0
470.0
309.0
500.0
500.0
500.0
230.0
158.0
288.0
168.0
466.0
500.0
371.0
441.0
277.0
305.0
484.0
260.0
481.0
280.0
500.0
500.0
500.0
230.0
156.0
500.0
500.0
198.0
378.0
309.0
293.0
214.0
274.0
500.0
500.0
194.0
500.0
500.0
247.0
259.0
274.0
297.0
500.0
222.0
500.0
410.0
16.0
500.0
248.0
270.0
500.0
500.0
500.0
198.0
500.0
500.0
251.0
238.0
500.0
500.0
370.0
180.0
500.0
500.0
227.0
500.0
500.0
500.0
174.0
302.0
500.0
500.0
500.0
500.0
500.0
205.0
500.0
281.0
241.0
500.0
170.0
195.0
500.0
500.0
500.0
218.0
285.0
500.0
467.0
277.0
500.0
500.0
500.0
500.0
276.0
500.0
468.0
177.0
221.0
206.0
500.0
178.0
500.0
115.0
471.0
190.0
500.0
483.0
500.0
247.0
214.0
285.0
500.0
500.0
188.0
500.0
177.0
133.0
192.0
500.0
188.0
500.0
500.0
343.0
475.0
500.0
216.0
500.0
185.0
220.0
216.0
500.0
313.0
244.0
500.0
217.0
181.0
256.0
198.0
314.0
350.0
500.0
500.0
202.0
500.0
500.0
461.0
109.0
500.0
500.0
295.0
272.0
500.0
252.0
500.0
222.0
318.0
500.0
134.0
500.0
363.0
500.0
318.0
279.0
432.0
295.0
500.0
268.0
178.0
132.0
500.0
500.0
500.0
418.0
274.0
500.0
303.0
314.0
291.0
248.0
500.0
64.0
500.0
500.0
500.0
500.0
430.0
500.0
489.0
500.0
500.0
232.0
180.0
361.0
423.0
500.0
232.0
154.0
500.0
500.0
500.0
500.0
500.0
500.0
500.0
500.0
160.0
500.0
500.0
500.0
500.0
381.0
279.0
334.0
261.0
500.0
264.0
280.0
375.0
500.0
278.0
244.0
500.0
500.0
433.0
500.0
500.0
500.0
228.0
500.0
500.0
420.0
500.0
37.0
191.0
310.0
323.0
500.0
433.0
500.0
500.0
350.0
500.0
486.0
183.0
500.0
325.0
500.0
500.0
117.0
500.0
500.0
500.0
218.0
500.0
500.0
500.0
500.0
500.0
500.0
500.0
233.0
340.0
500.0
500.0
500.0
499.0
500.0
500.0
191.0
388.0
500.0
500.0
204.0
500.0
500.0
500.0
357.0
305.0
500.0
500.0
500.0
500.0
188.0
500.0
500.0
500.0
202.0
479.0
196.0
194.0
315.0
500.0
314.0
211.0
492.0
500.0
500.0
165.0
500.0
500.0
234.0
500.0
443.0
446.0
500.0
151.0
500.0
268.0
500.0
500.0
500.0
452.0
500.0
229.0
500.0
232.0
500.0
500.0
500.0
500.0
500.0
500.0
201.0
500.0
111.0
500.0
240.0
500.0
500.0
500.0
500.0
133.0
405.0
500.0
483.0
203.0
500.0
500.0
181.0
419.0
500.0
500.0
500.0
331.0
500.0
351.0
136.0
500.0
366.0
500.0
323.0
458.0
182.0
500.0
500.0
500.0
197.0
454.0
267.0
175.0
333.0
390.0
500.0
323.0
500.0
500.0
302.0
500.0
500.0
500.0
466.0
209.0
500.0
487.0
500.0
500.0
500.0
500.0
500.0
500.0
500.0
137.0
500.0
285.0
500.0
481.0
500.0
381.0
476.0
500.0
500.0
500.0
500.0
500.0
146.0
500.0
500.0
401.0
500.0
404.0
500.0
500.0
500.0
500.0
500.0
257.0
500.0
242.0
500.0
500.0
396.0
500.0
330.0
500.0
500.0
500.0
500.0
396.0
500.0
356.0
500.0
294.0
500.0
500.0
484.0
500.0
437.0
284.0
220.0
291.0
500.0
254.0
500.0
190.0
500.0
500.0
500.0
301.0
419.0
500.0
500.0
500.0
500.0
432.0
500.0
326.0
239.0
175.0
500.0
364.0
500.0
282.0
136.0
500.0
500.0
449.0
185.0
350.0
500.0
201.0
500.0
163.0
500.0
244.0
500.0
500.0
500.0
500.0
500.0
500.0
453.0
500.0
363.0
500.0
231.0
465.0
500.0
279.0
232.0
196.0
500.0
500.0
319.0
500.0
443.0
500.0
500.0
332.0
433.0
500.0
225.0
331.0
500.0
444.0
500.0
380.0
356.0
490.0
248.0
408.0
500.0
309.0
479.0
213.0
500.0
500.0
500.0
500.0
500.0
401.0
500.0
500.0
500.0
292.0
390.0
262.0
500.0
500.0
282.0
211.0
500.0
433.0
192.0
356.0
148.0
238.0
219.0
228.0
158.0
90.0
310.0
166.0
190.0
102.0
184.0
134.0
120.0
321.0
136.0
100.0
236.0
203.0
319.0
226.0
220.0
354.0
171.0
110.0
162.0
206.0
74.0
122.0
221.0
134.0
218.0
159.0
115.0
111.0
167.0
74.0
215.0
198.0
255.0
194.0
213.0
86.0
264.0
80.0
238.0
189.0
94.0
73.0
90.0
161.0
282.0
227.0
200.0
51.0
278.0
278.0
315.0
350.0
442.0
269.0
500.0
372.0
309.0
356.0
264.0
354.0
362.0
293.0
223.0
400.0
500.0
475.0
360.0
232.0
283.0
238.0
434.0
388.0
334.0
325.0
278.0
305.0
373.0
470.0
500.0
399.0
278.0
316.0
475.0
434.0
252.0
204.0
294.0
290.0
314.0
411.0
244.0
317.0
251.0
271.0
272.0
328.0
394.0
324.0
347.0
396.0
321.0
247.0
288.0
389.0
382.0
204.0
318.0
240.0
500.0
231.0
217.0
442.0
382.0
225.0
500.0
394.0
338.0
359.0
347.0
306.0
389.0
362.0
461.0
158.0
91.0
260.0
349.0
204.0
175.0
500.0
261.0
79.0
315.0
227.0
127.0
193.0
193.0
136.0
184.0
172.0
128.0
225.0
331.0
145.0
204.0
287.0
362.0
250.0
234.0
164.0
214.0
209.0
214.0
289.0
264.0
142.0
381.0
230.0
146.0
240.0
306.0
250.0
169.0
144.0
159.0
243.0
137.0
139.0
210.0
150.0
329.0
124.0
214.0
109.0
283.0
236.0
258.0
233.0
123.0
164.0
120.0
178.0
117.0
218.0
242.0
241.0
188.0
170.0
179.0
112.0
205.0
237.0
158.0
173.0
181.0
187.0
93.0
166.0
186.0
253.0
223.0
180.0
156.0
177.0
169.0
293.0
194.0
185.0
165.0
234.0
239.0
138.0
148.0
244.0
174.0
214.0
251.0
242.0
293.0
143.0
224.0
496.0
114.0
192.0
109.0
168.0
244.0
220.0
192.0
168.0
204.0
174.0
200.0
146.0
252.0
192.0
159.0
192.0
263.0
234.0
167.0
364.0
222.0
254.0
255.0
211.0
227.0
128.0
252.0
188.0
218.0
182.0
197.0
251.0
127.0
147.0
183.0
196.0
179.0
235.0
163.0
233.0
214.0
145.0
197.0
221.0
241.0
141.0
171.0
102.0
204.0
223.0
111.0
175.0
128.0
162.0
230.0
152.0
330.0
141.0
113.0
279.0
121.0
165.0
161.0
187.0
286.0
207.0
270.0
242.0
191.0
218.0
258.0
218.0
191.0
211.0
189.0
215.0
237.0
410.0
221.0
130.0
206.0
235.0
301.0
157.0
231.0
235.0
240.0
156.0
231.0
249.0
118.0
300.0
193.0
167.0
138.0
168.0
229.0
284.0
168.0
129.0
198.0
226.0
191.0
338.0
225.0
271.0
203.0
177.0
147.0
242.0
185.0
223.0
226.0
185.0
163.0
186.0
254.0
186.0
237.0
233.0
233.0
348.0
255.0
348.0
264.0
265.0
185.0
155.0
241.0
256.0
500.0
120.0
145.0
262.0
224.0
206.0
255.0
189.0
182.0
190.0
187.0
207.0
344.0
196.0
237.0
221.0
204.0
254.0
195.0
302.0
216.0
218.0
479.0
266.0
181.0
246.0
109.0
242.0
225.0
199.0
277.0
136.0
166.0
190.0
192.0
306.0
265.0
190.0
163.0
242.0
266.0
221.0
134.0
199.0
158.0
205.0
238.0
177.0
307.0
233.0
198.0
186.0
235.0
137.0
264.0
249.0
208.0
138.0
136.0
233.0
235.0
168.0
188.0
141.0
291.0
338.0
196.0
183.0
251.0
240.0
246.0
143.0
121.0
252.0
164.0
158.0
183.0
207.0
148.0
238.0
249.0
213.0
226.0
178.0
156.0
143.0
191.0
216.0
203.0
391.0
243.0
118.0
154.0
187.0
347.0
260.0
157.0
118.0
254.0
162.0
224.0
112.0
195.0
163.0
189.0
116.0
255.0
182.0
245.0
239.0
244.0
212.0
225.0
264.0
177.0
228.0
156.0
186.0
240.0
270.0
196.0
163.0
164.0
243.0
159.0
260.0
317.0
177.0
281.0
147.0
147.0
141.0
173.0
224.0
215.0
149.0
228.0
195.0
151.0
174.0
184.0
256.0
154.0
138.0
185.0
116.0
324.0
115.0
228.0
204.0
140.0
87.0
202.0
270.0
85.0
208.0
113.0
168.0
140.0
213.0
105.0
121.0
243.0
191.0
129.0
69.0
176.0
167.0
91.0
200.0
71.0
147.0
118.0
150.0
175.0
92.0
101.0
122.0
138.0
167.0
113.0
166.0
121.0
178.0
150.0
178.0
106.0
254.0
201.0
127.0
146.0
78.0
41.0
109.0
80.0
53.0
87.0
65.0
42.0
48.0
125.0
47.0
72.0
148.0
64.0
76.0
76.0
106.0
44.0
128.0
64.0
123.0
72.0
39.0
142.0
154.0
103.0
165.0
115.0
57.0
65.0
70.0
38.0
161.0
28.0
53.0
76.0
109.0
84.0
27.0
122.0
23.0
113.0
40.0
29.0
167.0
108.0
23.0
28.0
44.0
169.0
158.0
27.0
158.0
36.0
29.0
28.0
30.0
19.0
43.0
23.0
189.0
193.0
55.0
160.0
111.0
25.0
106.0
15.0
26.0
29.0
19.0
11.0
19.0
21.0
11.0
12.0
15.0
12.0
25.0
19.0
27.0
31.0
33.0
93.0
10.0
12.0
15.0
23.0
25.0
73.0
162.0
78.0
138.0
58.0
154.0
81.0
193.0
233.0
56.0
239.0
174.0
148.0
37.0
34.0
126.0
176.0
51.0
44.0
37.0
132.0
92.0
23.0
19.0
118.0
167.0
42.0
169.0
164.0
186.0
230.0
51.0
137.0
22.0
109.0
11.0
211.0
84.0
56.0
133.0
28.0
11.0
61.0
25.0
136.0
152.0
66.0
34.0
57.0
197.0
51.0
295.0
74.0
326.0
86.0
24.0
57.0
64.0
90.0
35.0
76.0
408.0
259.0
159.0
255.0
107.0
261.0
216.0
41.0
287.0
269.0
245.0
35.0
10.0
341.0
312.0
201.0
395.0
500.0
117.0
66.0
13.0
96.0
84.0
146.0
12.0
9.0
53.0
331.0
104.0
289.0
168.0
91.0
173.0
183.0
52.0
319.0
320.0
277.0
298.0
353.0
112.0
269.0
462.0
10.0
363.0
67.0
398.0
80.0
53.0
443.0
386.0
340.0
81.0
292.0
53.0
98.0
366.0
61.0
367.0
52.0
64.0
314.0
385.0
376.0
120.0
346.0
321.0
111.0
500.0
79.0
227.0
134.0
383.0
298.0
240.0
249.0
129.0
12.0
194.0
308.0
251.0
190.0
336.0
235.0
322.0
328.0
85.0
161.0
48.0
204.0
204.0
97.0
221.0
242.0
236.0
211.0
248.0
86.0
209.0
38.0
36.0
112.0
96.0
57.0
113.0
101.0
70.0
246.0
121.0
296.0
230.0
205.0
248.0
183.0
156.0
188.0
295.0
72.0
189.0
100.0
250.0
207.0
125.0
201.0
97.0
251.0
62.0
160.0
179.0
153.0
230.0
201.0
91.0
89.0
65.0
50.0
173.0
125.0
70.0
63.0
319.0
478.0
306.0
278.0
206.0
485.0
446.0
65.0
500.0
360.0
46.0
69.0
374.0
64.0
64.0
218.0
277.0
73.0
216.0
197.0
75.0
152.0
492.0
51.0
274.0
324.0
374.0
282.0
283.0
370.0
265.0
88.0
315.0
419.0
227.0
87.0
148.0
106.0
98.0
140.0
118.0
107.0
133.0
98.0
62.0
82.0
135.0
89.0
71.0
221.0
96.0
72.0
261.0
306.0
53.0
45.0
45.0
46.0
88.0
70.0
80.0
200.0
46.0
304.0
500.0
500.0
500.0
389.0
70.0
206.0
234.0
500.0
500.0
500.0
226.0
500.0
35.0
500.0
234.0
500.0
365.0
500.0
500.0
500.0
500.0
500.0
44.0
500.0
500.0
500.0
146.0
42.0
500.0
500.0
500.0
500.0
500.0
43.0
500.0
136.0
232.0
480.0
500.0
500.0
159.0
434.0
360.0
369.0
500.0
500.0
500.0
500.0
322.0
53.0
277.0
500.0
274.0
223.0
136.0
500.0
241.0
120.0
417.0
500.0
22.0
22.0
500.0
50.0
457.0
11.0
500.0
500.0
339.0
355.0
210.0
106.0
51.0
446.0
38.0
109.0
147.0
165.0
208.0
264.0
179.0
64.0
241.0
297.0
125.0
110.0
238.0
80.0
118.0
212.0
188.0
225.0
159.0
64.0
56.0
198.0
83.0
140.0
19.0
266.0
147.0
268.0
164.0
216.0
60.0
137.0
177.0
233.0
106.0
189.0
163.0
82.0
41.0
500.0
500.0
494.0
500.0
500.0
53.0
500.0
500.0
500.0
500.0
500.0
67.0
100.0
99.0
500.0
500.0
500.0
500.0
500.0
211.0
500.0
500.0
500.0
500.0
500.0
500.0
500.0
243.0
500.0
500.0
500.0
500.0
39.0
500.0
500.0
500.0
351.0
50.0
500.0
500.0
500.0
500.0
500.0
500.0
500.0
255.0
500.0
500.0
500.0
500.0
336.0
500.0
500.0
500.0
500.0
500.0
500.0
500.0
500.0
500.0
500.0
99.0
500.0
500.0
93.0
500.0
500.0
500.0
102.0
256.0
500.0
500.0
500.0
500.0
376.0
500.0
84.0
500.0
500.0
500.0
385.0
500.0
104.0
325.0
500.0
500.0
500.0
500.0
500.0
500.0
500.0
195.0
500.0
213.0
63.0
500.0
324.0
80.0
500.0
500.0
500.0
500.0
408.0
400.0
356.0
354.0
164.0
500.0
500.0
500.0
500.0
500.0
500.0
146.0
500.0
500.0
500.0
500.0
500.0
337.0
172.0
500.0
250.0
500.0
500.0
280.0
500.0
42.0
500.0
456.0
500.0
500.0
48.0
500.0
500.0
364.0
500.0
500.0
500.0
500.0
500.0
500.0
500.0
500.0
500.0
500.0
280.0
500.0
500.0
56.0
500.0
459.0
500.0
500.0
500.0
500.0
500.0
500.0
277.0
500.0
500.0
500.0
286.0
160.0
500.0
500.0
500.0
500.0
500.0
500.0
500.0
500.0
298.0
500.0
500.0
500.0
500.0
500.0
452.0
500.0
151.0
500.0
500.0
188.0
500.0
239.0
214.0
234.0
500.0
321.0
500.0
500.0
144.0
286.0
341.0
161.0
256.0
500.0
310.0
500.0
500.0
500.0
500.0
500.0
500.0
500.0
500.0
500.0
500.0
500.0
500.0
500.0
500.0
500.0
500.0
500.0
247.0
500.0
230.0
500.0
500.0
500.0
500.0
500.0
500.0
88.0
500.0
500.0
500.0
500.0
500.0
500.0
344.0
285.0
500.0
500.0
500.0
500.0
232.0
232.0
500.0
45.0
500.0
500.0
337.0
410.0
500.0
500.0
500.0
39.0
227.0
500.0
120.0
282.0
176.0
500.0
500.0
500.0
500.0
500.0
204.0
500.0
260.0
254.0
500.0
189.0
500.0
500.0
500.0
500.0
500.0
500.0
500.0
500.0
274.0
500.0
500.0
500.0
188.0
500.0
87.0
500.0
199.0
177.0
500.0
500.0
500.0
399.0
500.0
180.0
101.0
500.0
500.0
500.0
500.0
57.0
210.0
500.0
500.0
500.0
500.0
500.0
500.0
500.0
120.0
82.0
500.0
139.0
500.0
500.0
500.0
105.0
201.0
227.0
500.0
500.0
184.0
185.0
500.0
500.0
500.0
500.0
235.0
500.0
256.0
500.0
500.0
494.0
500.0
312.0
192.0
500.0
188.0
205.0
500.0
172.0
237.0
172.0
500.0
187.0
500.0
456.0
500.0
500.0
141.0
210.0
500.0
500.0
500.0
49.0
500.0
193.0
500.0
500.0
500.0
500.0
500.0
500.0
500.0
500.0
500.0
41.0
500.0
160.0
500.0
500.0
395.0
500.0
500.0
297.0
176.0
500.0
500.0
500.0
500.0
213.0
500.0
500.0
500.0
500.0
191.0
273.0
500.0
500.0
286.0
500.0
500.0
112.0
121.0
98.0
500.0
500.0
500.0
500.0
500.0
160.0
500.0
500.0
500.0
500.0
220.0
500.0
500.0
500.0
500.0
500.0
500.0
142.0
500.0
500.0
500.0
500.0
500.0
106.0
500.0
500.0
500.0
500.0
128.0
126.0
500.0
500.0
500.0
172.0
176.0
194.0
49.0
500.0
248.0
500.0
100.0
500.0
500.0
500.0
83.0
500.0
350.0
500.0
500.0
500.0
427.0
500.0
500.0
186.0
500.0
57.0
500.0
344.0
500.0
500.0
215.0
231.0
184.0
500.0
500.0
500.0
500.0
500.0
245.0
93.0
190.0
500.0
500.0
500.0
500.0
252.0
500.0
500.0
500.0
500.0
500.0
500.0
78.0
500.0
288.0
500.0
358.0
500.0
231.0
500.0
500.0
500.0
500.0
81.0
500.0
500.0
500.0
260.0
500.0
150.0
187.0
500.0
500.0
500.0
500.0
500.0
500.0
500.0
500.0
189.0
225.0
500.0
49.0
500.0
500.0
500.0
500.0
500.0
500.0
482.0
500.0
500.0
500.0
51.0
500.0
500.0
500.0
500.0
500.0
500.0
500.0
500.0
500.0
500.0
500.0
207.0
500.0
500.0
500.0
238.0
500.0
500.0
265.0
500.0
500.0
292.0
500.0
500.0
500.0
194.0
500.0
296.0
500.0
261.0
500.0
500.0
47.0
500.0
500.0
500.0
500.0
500.0
111.0
500.0
500.0
500.0
62.0
500.0
500.0
500.0
500.0
500.0
317.0
500.0
500.0
500.0
90.0
500.0
500.0
500.0
97.0
500.0
230.0
109.0
51.0
500.0
500.0
500.0
500.0
500.0
500.0
500.0
500.0
500.0
500.0
500.0
109.0
500.0
461.0
500.0
500.0
315.0
283.0
500.0
500.0
500.0
500.0
500.0
500.0
500.0
131.0
500.0
181.0
288.0
500.0
500.0
500.0
500.0
500.0
500.0
500.0
500.0
500.0
500.0
409.0
261.0
500.0
500.0
500.0
500.0
500.0
500.0
500.0
500.0
284.0
500.0
362.0
467.0
500.0
175.0
426.0
193.0
184.0
202.0
500.0
500.0
500.0
217.0
475.0
500.0
193.0
500.0
143.0
303.0
143.0
340.0
121.0
127.0
290.0
418.0
354.0
155.0
154.0
126.0
107.0
500.0
108.0
296.0
495.0
500.0
500.0
261.0
269.0
192.0
444.0
500.0
41.0
110.0
246.0
204.0
500.0
173.0
230.0
309.0
96.0
266.0
500.0
500.0
500.0
500.0
323.0
78.0
35.0
203.0
500.0
462.0
421.0
333.0
254.0
500.0
473.0
500.0
500.0
244.0
464.0
264.0
89.0
80.0
89.0
431.0
500.0
201.0
270.0
99.0
160.0
156.0
137.0
95.0
188.0
165.0
229.0
183.0
132.0
122.0
126.0
125.0
129.0
126.0
133.0
201.0
160.0
181.0
181.0
229.0
283.0
178.0
196.0
119.0
243.0
159.0
201.0
258.0
204.0
94.0
80.0
84.0
288.0
302.0
279.0
262.0
189.0
120.0
80.0
97.0
349.0
468.0
203.0
277.0
281.0
195.0
292.0
279.0
369.0
207.0
124.0
259.0
299.0
145.0
280.0
258.0
223.0
254.0
323.0
139.0
144.0
274.0
196.0
230.0
176.0
215.0
265.0
251.0
152.0
220.0
228.0
190.0
438.0
236.0
355.0
214.0
326.0
308.0
257.0
274.0
333.0
102.0
329.0
259.0
65.0
143.0
414.0
110.0
159.0
305.0
162.0
270.0
284.0
389.0
283.0
219.0
360.0
131.0
161.0
190.0
161.0
402.0
230.0
52.0
224.0
208.0
91.0
85.0
75.0
136.0
163.0
240.0
195.0
60.0
15.0
253.0
197.0
182.0
408.0
265.0
126.0
98.0
171.0
108.0
230.0
170.0
175.0
120.0
89.0
34.0
241.0
337.0
219.0
379.0
274.0
281.0
246.0
220.0
190.0
247.0
137.0
313.0
125.0
237.0
126.0
45.0
47.0
238.0
220.0
73.0
251.0
228.0
58.0
256.0
43.0
190.0
153.0
297.0
173.0
177.0
161.0
178.0
243.0
307.0
282.0
145.0
63.0
227.0
183.0
248.0
52.0
144.0
254.0
237.0
73.0
277.0
297.0
200.0
356.0
409.0
291.0
149.0
168.0
69.0
148.0
225.0
146.0
352.0
172.0
56.0
157.0
196.0
266.0
353.0
10.0
228.0
150.0
220.0
70.0
50.0
55.0
165.0
244.0
192.0
238.0
76.0
148.0
66.0
296.0
212.0
72.0
236.0
183.0
167.0
234.0
228.0
206.0
84.0
195.0
308.0
171.0
354.0
500.0
301.0
319.0
207.0
231.0
179.0
285.0
308.0
381.0
214.0
181.0
219.0
201.0
226.0
109.0
176.0
379.0
306.0
221.0
242.0
433.0
215.0
267.0
173.0
213.0
300.0
153.0
193.0
500.0
234.0
500.0
226.0
53.0
284.0
264.0
263.0
86.0
246.0
224.0
144.0
168.0
267.0
169.0
478.0
294.0
270.0
295.0
254.0
248.0
147.0
492.0
295.0
317.0
310.0
301.0
175.0
212.0
200.0
162.0
206.0
235.0
35.0
307.0
99.0
157.0
175.0
375.0
206.0
239.0
204.0
246.0
185.0
328.0
245.0
146.0
202.0
246.0
234.0
247.0
166.0
235.0
248.0
201.0
28.0
317.0
186.0
251.0
289.0
174.0
171.0
384.0
281.0
419.0
242.0
298.0
267.0
145.0
266.0
94.0
353.0
80.0
256.0
294.0
326.0
167.0
343.0
357.0
183.0
201.0
157.0
282.0
268.0
181.0
199.0
197.0
83.0
194.0
81.0
167.0
232.0
178.0
11.0
221.0
344.0
227.0
182.0
142.0
96.0
215.0
232.0
42.0
222.0
231.0
160.0
323.0
116.0
162.0
219.0
226.0
264.0
184.0
193.0
193.0
300.0
160.0
252.0
243.0
278.0
333.0
310.0
250.0
320.0
280.0
295.0
284.0
235.0
207.0
238.0
137.0
265.0
237.0
129.0
253.0
272.0
214.0
187.0
176.0
291.0
221.0
183.0
260.0
236.0
17.0
276.0
274.0
218.0
169.0
397.0
149.0
183.0
187.0
316.0
249.0
323.0
330.0
216.0
242.0
30.0
362.0
277.0
254.0
338.0
87.0
247.0
284.0
176.0
317.0
99.0
121.0
95.0
442.0
232.0
134.0
181.0
181.0
354.0
206.0
476.0
186.0
204.0
200.0
301.0
295.0
313.0
230.0
144.0
418.0
409.0
500.0
213.0
248.0
308.0
386.0
419.0
386.0
165.0
500.0
197.0
343.0
343.0
98.0
227.0
321.0
269.0
357.0
370.0
212.0
277.0
248.0
121.0
500.0
255.0
237.0
304.0
324.0
222.0
301.0
299.0
225.0
313.0
354.0
289.0
190.0
363.0
413.0
269.0
362.0
278.0
229.0
186.0
368.0
419.0
352.0
280.0
332.0
279.0
308.0
186.0
193.0
369.0
173.0
376.0
471.0
333.0
387.0
278.0
490.0
250.0
251.0
258.0
146.0
168.0
195.0
500.0
178.0
382.0
325.0
257.0
217.0
241.0
303.0
173.0
263.0
360.0
392.0
231.0
190.0
177.0
271.0
93.0
457.0
474.0
227.0
301.0
18.0
285.0
206.0
297.0
382.0
256.0
295.0
227.0
281.0
292.0
309.0
266.0
233.0
191.0
144.0
309.0
359.0
41.0
284.0
256.0
257.0
298.0
260.0
249.0
483.0
307.0
368.0
365.0
239.0
152.0
363.0
289.0
339.0
272.0
186.0
218.0
108.0
263.0
110.0
333.0
201.0
54.0
210.0
386.0
296.0
215.0
54.0
173.0
225.0
185.0
244.0
74.0
171.0
343.0
377.0
178.0
289.0
86.0
322.0
223.0
190.0
250.0
227.0
247.0
76.0
194.0
176.0
373.0
239.0
242.0
126.0
231.0
211.0
280.0
24.0
165.0
308.0
466.0
229.0
211.0
184.0
333.0
172.0
299.0
294.0
221.0
146.0
241.0
16.0
467.0
132.0
83.0
300.0
370.0
17.0
248.0
266.0
184.0
246.0
387.0
10.0
142.0
191.0
479.0
365.0
249.0
190.0
380.0
220.0
268.0
189.0
371.0
199.0
221.0
315.0
273.0
344.0
362.0
391.0
206.0
297.0
180.0
201.0
356.0
385.0
461.0
187.0
185.0
200.0
310.0
127.0
288.0
183.0
357.0
412.0
274.0
471.0
268.0
227.0
221.0
423.0
176.0
197.0
292.0
299.0
347.0
248.0
169.0
215.0
400.0
235.0
252.0
350.0
180.0
185.0
238.0
311.0
346.0
272.0
183.0
237.0
267.0
402.0
295.0
142.0
199.0
185.0
238.0
221.0
223.0
293.0
37.0
300.0
285.0
282.0
160.0
204.0
421.0
353.0
294.0
193.0
315.0
213.0
407.0
183.0
189.0
269.0
190.0
239.0
500.0
235.0
374.0
220.0
219.0
173.0
187.0
345.0
278.0
224.0
200.0
255.0
287.0
183.0
219.0
184.0
276.0
317.0
221.0
379.0
252.0
210.0
250.0
53.0
188.0
289.0
203.0
162.0
205.0
348.0
269.0
332.0
150.0
215.0
205.0
211.0
194.0
305.0
55.0
26.0
307.0
171.0
18.0
315.0
316.0
247.0
315.0
183.0
192.0
271.0
172.0
259.0
285.0
239.0
275.0
288.0
276.0
206.0
194.0
200.0
192.0
228.0
180.0
10.0
277.0
81.0
266.0
192.0
145.0
295.0
270.0
294.0
90.0
30.0
366.0
229.0
401.0
176.0
38.0
191.0
220.0
168.0
195.0
264.0
361.0
207.0
273.0
312.0
246.0
216.0
86.0
280.0
171.0
195.0
205.0
174.0
194.0
393.0
192.0
435.0
223.0
249.0
90.0
222.0
265.0
220.0
247.0
197.0
20.0
301.0
237.0
294.0
116.0
218.0
210.0
334.0
205.0
256.0
299.0
370.0
320.0
302.0
297.0
213.0
184.0
450.0
254.0
435.0
219.0
155.0
250.0
50.0
58.0
297.0
241.0
284.0
325.0
116.0
110.0
208.0
208.0
194.0
188.0
279.0
378.0
388.0
195.0
86.0
351.0
37.0
322.0
221.0
176.0
233.0
222.0
102.0
130.0
179.0
234.0
279.0
294.0
170.0
150.0
89.0
178.0
327.0
326.0
500.0
337.0
94.0
261.0
335.0
188.0
381.0
323.0
289.0
139.0
314.0
242.0
257.0
236.0
313.0
254.0
200.0
366.0
266.0
329.0
380.0
362.0
218.0
291.0
321.0
266.0
220.0
371.0
365.0
194.0
162.0
36.0
156.0
303.0
300.0
152.0
410.0
313.0
272.0
126.0
485.0
170.0
384.0
315.0
346.0
388.0
107.0
305.0
221.0
16.0
20.0
81.0
233.0
295.0
105.0
146.0
259.0
342.0
232.0
245.0
209.0
292.0
215.0
312.0
325.0
334.0
375.0
12.0
277.0
17.0
292.0
187.0
364.0
127.0
393.0
320.0
218.0
308.0
256.0
318.0
441.0
420.0
467.0
249.0
101.0
189.0
280.0
267.0
132.0
14.0
225.0
191.0
318.0
12.0
229.0
131.0
225.0
177.0
41.0
242.0
316.0
375.0
299.0
15.0
324.0
406.0
330.0
329.0
309.0
315.0
258.0
311.0
500.0
361.0
291.0
304.0
500.0
170.0
26.0
384.0
294.0
201.0
181.0
325.0
358.0
341.0
391.0
344.0
148.0
401.0
175.0
459.0
384.0
260.0
394.0
401.0
273.0
420.0
236.0
375.0
190.0
18.0
500.0
173.0
17.0
268.0
385.0
500.0
243.0
337.0
62.0
468.0
443.0
432.0
445.0
371.0
375.0
489.0
475.0
386.0
349.0
269.0
147.0
263.0
85.0
424.0
405.0
262.0
221.0
401.0
422.0
448.0
457.0
307.0
264.0
320.0
14.0
73.0
255.0
500.0
465.0
330.0
169.0
350.0
89.0
65.0
434.0
251.0
308.0
307.0
446.0
356.0
216.0
271.0
292.0
374.0
231.0
337.0
218.0
193.0
261.0
424.0
210.0
322.0
207.0
188.0
500.0
172.0
362.0
202.0
343.0
332.0
264.0
113.0
216.0
348.0
218.0
109.0
233.0
465.0
379.0
500.0
291.0
223.0
400.0
241.0
266.0
260.0
493.0
487.0
383.0
307.0
303.0
366.0
263.0
233.0
187.0
320.0
318.0
402.0
316.0
295.0
239.0
371.0
376.0
286.0
404.0
279.0
366.0
381.0
288.0
346.0
229.0
420.0
308.0
264.0
347.0
247.0
406.0
247.0
291.0
303.0
48.0
362.0
431.0
182.0
422.0
302.0
203.0
253.0
364.0
307.0
216.0
308.0
467.0
238.0
469.0
112.0
440.0
344.0
237.0
500.0
232.0
418.0
236.0
161.0
438.0
365.0
256.0
288.0
297.0
295.0
21.0
204.0
440.0
421.0
500.0
416.0
338.0
342.0
409.0
253.0
212.0
429.0
19.0
196.0
368.0
274.0
208.0
485.0
337.0
214.0
253.0
198.0
209.0
264.0
266.0
295.0
319.0
371.0
334.0
324.0
243.0
395.0
436.0
277.0
324.0
225.0
343.0
316.0
404.0
370.0
500.0
436.0
446.0
373.0
289.0
259.0
408.0
302.0
245.0
305.0
299.0
328.0
220.0
412.0
177.0
492.0
416.0
193.0
437.0
301.0
357.0
192.0
272.0
187.0
23.0
460.0
362.0
185.0
331.0
227.0
473.0
463.0
189.0
335.0
183.0
216.0
323.0
96.0
202.0
253.0
351.0
199.0
328.0
352.0
293.0
241.0
347.0
204.0
182.0
299.0
255.0
233.0
311.0
229.0
285.0
180.0
228.0
329.0
226.0
351.0
174.0
291.0
258.0
312.0
212.0
332.0
194.0
156.0
147.0
184.0
433.0
261.0
18.0
355.0
296.0
224.0
475.0
303.0
253.0
177.0
283.0
314.0
259.0
247.0
185.0
201.0
484.0
215.0
243.0
189.0
362.0
252.0
201.0
243.0
406.0
308.0
166.0
360.0
175.0
254.0
161.0
431.0
206.0
273.0
200.0
326.0
366.0
240.0
215.0
254.0
273.0
370.0
333.0
269.0
240.0
65.0
418.0
209.0
197.0
220.0
263.0
315.0
256.0
288.0
316.0
163.0
248.0
157.0
428.0
184.0
420.0
253.0
340.0
171.0
260.0
370.0
165.0
266.0
66.0
16.0
227.0
257.0
145.0
181.0
137.0
313.0
236.0
263.0
253.0
216.0
246.0
241.0
233.0
254.0
183.0
187.0
328.0
179.0
191.0
267.0
336.0
240.0
240.0
292.0
396.0
302.0
196.0
208.0
142.0
206.0
187.0
347.0
281.0
158.0
329.0
323.0
286.0
153.0
234.0
213.0
253.0
177.0
323.0
269.0
272.0
294.0
142.0
307.0
251.0
354.0
369.0
214.0
158.0
256.0
195.0
309.0
165.0
108.0
200.0
243.0
112.0
382.0
108.0
327.0
191.0
262.0
145.0
142.0
163.0
234.0
251.0
213.0
189.0
340.0
165.0
257.0
354.0
194.0
376.0
342.0
247.0
265.0
219.0
165.0
239.0
203.0
222.0
412.0
267.0
392.0
343.0
143.0
257.0
137.0
32.0
165.0
381.0
217.0
402.0
157.0
297.0
199.0
183.0
172.0
276.0
262.0
310.0
268.0
238.0
407.0
182.0
331.0
214.0
184.0
259.0
303.0
239.0
201.0
165.0
229.0
235.0
268.0
225.0
357.0
266.0
268.0
217.0
209.0
369.0
412.0
281.0
313.0
177.0
354.0
406.0
250.0
394.0
414.0
324.0
158.0
340.0
178.0
219.0
258.0
255.0
185.0
325.0
301.0
243.0
371.0
422.0
193.0
286.0
294.0
160.0
187.0
310.0
266.0
192.0
259.0
157.0
162.0
202.0
271.0
214.0
362.0
223.0
169.0
293.0
221.0
294.0
243.0
300.0
206.0
194.0
277.0
47.0
343.0
270.0
344.0
203.0
156.0
249.0
334.0
338.0
429.0
339.0
253.0
372.0
149.0
197.0
318.0
133.0
264.0
206.0
249.0
178.0
265.0
320.0
269.0
208.0
73.0
99.0
308.0
189.0
274.0
192.0
167.0
199.0
182.0
140.0
243.0
168.0
253.0
154.0
426.0
135.0
154.0
175.0
163.0
396.0
191.0
188.0
82.0
301.0
251.0
211.0
126.0
154.0
185.0
274.0
241.0
233.0
31.0
274.0
254.0
121.0
233.0
280.0
282.0
195.0
313.0
206.0
210.0
203.0
213.0
222.0
356.0
247.0
185.0
274.0
280.0
216.0
322.0
215.0
326.0
254.0
367.0
205.0
331.0
275.0
249.0
201.0
306.0
341.0
259.0
269.0
365.0
274.0
273.0
251.0
321.0
396.0
355.0
288.0
412.0
210.0
192.0
253.0
359.0
217.0
355.0
23.0
402.0
287.0
215.0
151.0
209.0
161.0
387.0
254.0
224.0
336.0
179.0
281.0
342.0
242.0
287.0
174.0
219.0
199.0
244.0
399.0
249.0
232.0
246.0
349.0
113.0
262.0
267.0
325.0
304.0
260.0
333.0
217.0
122.0
206.0
221.0
293.0
298.0
258.0
298.0
288.0
328.0
168.0
255.0
321.0
204.0
234.0
197.0
284.0
22.0
262.0
369.0
183.0
312.0
180.0
136.0
324.0
233.0
171.0
330.0
287.0
226.0
88.0
247.0
111.0
259.0
205.0
125.0
257.0
206.0
304.0
259.0
103.0
152.0
191.0
193.0
366.0
181.0
320.0
279.0
110.0
202.0
330.0
211.0
221.0
181.0
237.0
274.0
279.0
362.0
187.0
215.0
314.0
283.0
227.0
306.0
282.0
322.0
290.0
202.0
275.0
236.0
170.0
257.0
207.0
180.0
304.0
164.0
221.0
321.0
240.0
181.0
169.0
279.0
113.0
212.0
254.0
323.0
278.0
240.0
89.0
391.0
274.0
206.0
188.0
310.0
244.0
298.0
287.0
333.0
250.0
256.0
234.0
284.0
152.0
270.0
254.0
115.0
273.0
231.0
318.0
316.0
253.0
108.0
330.0
102.0
186.0
116.0
125.0
274.0
361.0
317.0
263.0
238.0
258.0
251.0
45.0
326.0
42.0
220.0
216.0
315.0
166.0
289.0
215.0
103.0
238.0
219.0
363.0
294.0
264.0
199.0
261.0
280.0
278.0
173.0
392.0
227.0
264.0
348.0
212.0
291.0
205.0
282.0
262.0
343.0
228.0
252.0
250.0
400.0
208.0
304.0
226.0
284.0
243.0
243.0
224.0
284.0
393.0
239.0
247.0
220.0
277.0
253.0
239.0
309.0
247.0
232.0
242.0
60.0
90.0
253.0
170.0
268.0
154.0
387.0
219.0
339.0
293.0
37.0
196.0
156.0
214.0
170.0
443.0
209.0
166.0
199.0
260.0
310.0
290.0
172.0
327.0
269.0
348.0
330.0
250.0
241.0
306.0
318.0
284.0
250.0
201.0
351.0
285.0
255.0
346.0
254.0
164.0
262.0
500.0
174.0
117.0
270.0
193.0
166.0
145.0
151.0
272.0
262.0
329.0
474.0
469.0
282.0
290.0
247.0
227.0
237.0
265.0
81.0
284.0
229.0
141.0
337.0
176.0
275.0
165.0
138.0
498.0
260.0
92.0
325.0
232.0
192.0
146.0
183.0
184.0
257.0
376.0
195.0
267.0
252.0
45.0
313.0
403.0
11.0
280.0
70.0
238.0
86.0
288.0
389.0
166.0
173.0
172.0
73.0
195.0
209.0
198.0
441.0
98.0
283.0
336.0
254.0
234.0
150.0
384.0
306.0
336.0
102.0
358.0
178.0
171.0
461.0
299.0
156.0
232.0
89.0
91.0
152.0
296.0
288.0
87.0
86.0
331.0
448.0
276.0
238.0
367.0
210.0
171.0
88.0
205.0
104.0
277.0
117.0
216.0
400.0
103.0
173.0
116.0
248.0
471.0
399.0
388.0
180.0
208.0
114.0
403.0
196.0
418.0
265.0
337.0
148.0
235.0
103.0
134.0
169.0
499.0
111.0
58.0
386.0
296.0
465.0
247.0
378.0
188.0
191.0
500.0
285.0
348.0
416.0
158.0
162.0
198.0
311.0
380.0
441.0
294.0
78.0
252.0
260.0
98.0
444.0
345.0
375.0
398.0
250.0
239.0
344.0
144.0
233.0
258.0
219.0
95.0
399.0
33.0
152.0
365.0
273.0
199.0
287.0
82.0
270.0
230.0
211.0
500.0
243.0
305.0
243.0
254.0
115.0
405.0
255.0
271.0
388.0
373.0
271.0
176.0
181.0
426.0
256.0
298.0
330.0
220.0
261.0
147.0
330.0
328.0
195.0
158.0
129.0
227.0
202.0
186.0
227.0
232.0
15.0
500.0
262.0
354.0
149.0
163.0
500.0
500.0
500.0
156.0
177.0
480.0
500.0
169.0
500.0
500.0
500.0
91.0
500.0
91.0
387.0
135.0
364.0
129.0
500.0
500.0
180.0
297.0
185.0
189.0
466.0
411.0
228.0
416.0
230.0
207.0
188.0
459.0
204.0
246.0
439.0
257.0
44.0
453.0
215.0
84.0
451.0
295.0
197.0
178.0
214.0
319.0
154.0
283.0
383.0
251.0
192.0
279.0
220.0
361.0
279.0
414.0
235.0
190.0
212.0
268.0
133.0
250.0
194.0
278.0
249.0
187.0
343.0
308.0
241.0
210.0
189.0
270.0
239.0
161.0
221.0
203.0
313.0
244.0
152.0
191.0
374.0
253.0
147.0
43.0
224.0
117.0
247.0
231.0
166.0
211.0
137.0
215.0
343.0
122.0
187.0
144.0
142.0
147.0
210.0
148.0
206.0
272.0
293.0
265.0
246.0
198.0
242.0
110.0
186.0
204.0
144.0
92.0
431.0
91.0
194.0
436.0
126.0
117.0
223.0
236.0
231.0
444.0
368.0
261.0
219.0
136.0
307.0
276.0
265.0
203.0
261.0
206.0
256.0
314.0
207.0
166.0
189.0
269.0
197.0
15.0
311.0
183.0
386.0
359.0
228.0
264.0
192.0
147.0
179.0
14.0
227.0
274.0
212.0
267.0
264.0
322.0
311.0
9.0
238.0
202.0
266.0
207.0
206.0
261.0
327.0
175.0
285.0
260.0
216.0
130.0
315.0
467.0
410.0
183.0
194.0
281.0
218.0
254.0
271.0
239.0
211.0
259.0
322.0
312.0
149.0
163.0
264.0
446.0
237.0
320.0
297.0
188.0
332.0
284.0
261.0
145.0
283.0
201.0
339.0
316.0
317.0
244.0
188.0
279.0
199.0
324.0
245.0
278.0
343.0
217.0
127.0
311.0
226.0
111.0
271.0
134.0
179.0
363.0
446.0
298.0
329.0
382.0
180.0
280.0
174.0
394.0
143.0
312.0
199.0
215.0
316.0
217.0
228.0
300.0
181.0
90.0
326.0
127.0
277.0
206.0
287.0
153.0
166.0
115.0
411.0
148.0
500.0
131.0
151.0
199.0
104.0
99.0
131.0
188.0
151.0
149.0
264.0
174.0
278.0
61.0
115.0
379.0
238.0
291.0
348.0
407.0
124.0
290.0
375.0
260.0
316.0
321.0
160.0
218.0
328.0
198.0
193.0
302.0
345.0
342.0
175.0
246.0
100.0
299.0
207.0
293.0
361.0
148.0
98.0
384.0
353.0
189.0
238.0
221.0
183.0
172.0
248.0
85.0
153.0
344.0
75.0
330.0
236.0
349.0
270.0
236.0
308.0
324.0
271.0
403.0
75.0
383.0
123.0
258.0
87.0
407.0
339.0
180.0
238.0
167.0
182.0
95.0
266.0
97.0
210.0
408.0
226.0
66.0
50.0
86.0
174.0
224.0
401.0
168.0
157.0
364.0
340.0
227.0
66.0
295.0
156.0
87.0
154.0
78.0
298.0
181.0
336.0
296.0
296.0
293.0
249.0
314.0
169.0
357.0
276.0
206.0
279.0
220.0
225.0
277.0
401.0
198.0
264.0
213.0
199.0
275.0
352.0
395.0
264.0
226.0
170.0
266.0
93.0
178.0
173.0
256.0
256.0
384.0
212.0
404.0
261.0
341.0
260.0
169.0
203.0
198.0
131.0
247.0
302.0
94.0
397.0
177.0
325.0
251.0
267.0
339.0
329.0
98.0
123.0
226.0
218.0
122.0
312.0
305.0
338.0
102.0
139.0
208.0
442.0
209.0
350.0
326.0
250.0
419.0
405.0
288.0
265.0
194.0
241.0
206.0
162.0
379.0
392.0
208.0
272.0
268.0
155.0
278.0
239.0
313.0
304.0
289.0
312.0
12.0
220.0
121.0
104.0
277.0
217.0
101.0
144.0
263.0
216.0
215.0
136.0
273.0
345.0
119.0
246.0
341.0
334.0
243.0
154.0
331.0
192.0
317.0
169.0
180.0
224.0
289.0
156.0
455.0
314.0
236.0
180.0
376.0
247.0
361.0
129.0
223.0
99.0
217.0
300.0
407.0
377.0
326.0
259.0
132.0
297.0
270.0
356.0
164.0
263.0
227.0
301.0
309.0
201.0
235.0
336.0
261.0
500.0
252.0
496.0
232.0
160.0
84.0
445.0
261.0
146.0
403.0
104.0
385.0
312.0
349.0
197.0
243.0
315.0
351.0
331.0
133.0
302.0
183.0
404.0
301.0
221.0
250.0
259.0
179.0
244.0
298.0
318.0
132.0
320.0
179.0
278.0
426.0
247.0
106.0
268.0
320.0
323.0
201.0
207.0
362.0
164.0
207.0
355.0
289.0
368.0
272.0
353.0
281.0
384.0
318.0
500.0
325.0
130.0
287.0
287.0
381.0
342.0
229.0
231.0
230.0
251.0
209.0
241.0
334.0
327.0
279.0
43.0
349.0
114.0
422.0
312.0
202.0
301.0
380.0
389.0
275.0
285.0
271.0
274.0
283.0
319.0
276.0
273.0
276.0
217.0
161.0
229.0
246.0
131.0
305.0
320.0
189.0
214.0
270.0
156.0
185.0
420.0
319.0
127.0
326.0
298.0
248.0
359.0
122.0
256.0
152.0
375.0
158.0
260.0
334.0
197.0
243.0
159.0
297.0
321.0
131.0
139.0
317.0
263.0
132.0
385.0
491.0
155.0
243.0
248.0
210.0
15.0
124.0
261.0
162.0
141.0
299.0
245.0
262.0
225.0
86.0
300.0
188.0
359.0
336.0
343.0
291.0
271.0
335.0
284.0
232.0
98.0
496.0
409.0
283.0
352.0
84.0
500.0
235.0
500.0
271.0
166.0
182.0
367.0
466.0
338.0
500.0
449.0
153.0
200.0
77.0
452.0
312.0
293.0
64.0
182.0
179.0
421.0
472.0
165.0
274.0
264.0
204.0
100.0
285.0
89.0
89.0
215.0
304.0
35.0
151.0
180.0
239.0
258.0
297.0
213.0
183.0
412.0
163.0
391.0
242.0
241.0
328.0
190.0
293.0
201.0
245.0
226.0
337.0
280.0
289.0
204.0
237.0
320.0
395.0
106.0
247.0
228.0
423.0
325.0
157.0
387.0
378.0
266.0
80.0
311.0
134.0
237.0
279.0
130.0
235.0
294.0
352.0
164.0
122.0
384.0
489.0
256.0
233.0
272.0
291.0
298.0
363.0
274.0
255.0
270.0
425.0
227.0
231.0
299.0
339.0
280.0
284.0
489.0
135.0
89.0
357.0
131.0
346.0
352.0
492.0
407.0
344.0
246.0
500.0
303.0
232.0
259.0
204.0
38.0
197.0
181.0
164.0
454.0
498.0
160.0
220.0
386.0
252.0
109.0
333.0
195.0
330.0
187.0
175.0
249.0
328.0
226.0
183.0
374.0
457.0
320.0
171.0
499.0
275.0
343.0
375.0
303.0
163.0
167.0
305.0
284.0
262.0
223.0
204.0
150.0
209.0
254.0
240.0
278.0
380.0
500.0
134.0
248.0
151.0
150.0
267.0
303.0
179.0
126.0
199.0
179.0
99.0
320.0
269.0
221.0
95.0
152.0
443.0
303.0
378.0
409.0
179.0
282.0
96.0
238.0
212.0
500.0
275.0
146.0
425.0
257.0
500.0
346.0
448.0
137.0
241.0
366.0
500.0
403.0
386.0
201.0
193.0
495.0
150.0
253.0
9.0
500.0
397.0
267.0
281.0
413.0
198.0
280.0
353.0
299.0
398.0
500.0
122.0
331.0
86.0
500.0
249.0
274.0
500.0
211.0
275.0
164.0
155.0
262.0
204.0
187.0
174.0
159.0
333.0
139.0
152.0
197.0
500.0
305.0
245.0
312.0
312.0
409.0
198.0
117.0
176.0
359.0
288.0
303.0
173.0
206.0
208.0
361.0
394.0
243.0
399.0
325.0
435.0
172.0
215.0
240.0
422.0
299.0
307.0
102.0
202.0
203.0
285.0
388.0
298.0
173.0
321.0
350.0
290.0
150.0
278.0
183.0
196.0
165.0
255.0
287.0
185.0
189.0
411.0
229.0
245.0
128.0
228.0
271.0
323.0
191.0
142.0
191.0
260.0
337.0
175.0
152.0
286.0
102.0
367.0
213.0
338.0
283.0
221.0
111.0
426.0
347.0
110.0
319.0
213.0
294.0
152.0
184.0
196.0
168.0
211.0
271.0
122.0
350.0
286.0
136.0
223.0
259.0
297.0
172.0
206.0
276.0
124.0
188.0
343.0
136.0
228.0
235.0
329.0
212.0
233.0
145.0
141.0
275.0
131.0
289.0
238.0
185.0
212.0
221.0
341.0
59.0
275.0
316.0
222.0
112.0
290.0
122.0
222.0
348.0
184.0
136.0
179.0
179.0
197.0
246.0
343.0
182.0
241.0
222.0
332.0
193.0
426.0
309.0
417.0
233.0
106.0
181.0
202.0
425.0
185.0
133.0
292.0
184.0
277.0
356.0
109.0
279.0
212.0
185.0
226.0
285.0
312.0
267.0
113.0
335.0
394.0
393.0
301.0
124.0
289.0
307.0
242.0
322.0
301.0
103.0
255.0
118.0
376.0
276.0
329.0
336.0
366.0
200.0
442.0
243.0
109.0
392.0
317.0
182.0
385.0
130.0
327.0
327.0
251.0
111.0
488.0
449.0
244.0
401.0
200.0
209.0
174.0
337.0
280.0
295.0
325.0
219.0
384.0
372.0
309.0
100.0
335.0
156.0
160.0
173.0
315.0
347.0
136.0
269.0
116.0
205.0
256.0
128.0
489.0
441.0
267.0
381.0
181.0
333.0
174.0
298.0
311.0
247.0
289.0
500.0
187.0
299.0
375.0
195.0
212.0
419.0
375.0
183.0
106.0
132.0
253.0
139.0
342.0
146.0
153.0
297.0
341.0
137.0
321.0
291.0
309.0
264.0
193.0
246.0
194.0
142.0
394.0
367.0
350.0
394.0
261.0
212.0
317.0
402.0
500.0
407.0
123.0
21.0
440.0
289.0
289.0
282.0
30.0
173.0
390.0
172.0
214.0
208.0
16.0
217.0
86.0
310.0
339.0
185.0
214.0
244.0
186.0
225.0
200.0
232.0
202.0
251.0
227.0
377.0
189.0
466.0
184.0
165.0
329.0
224.0
125.0
256.0
341.0
342.0
294.0
400.0
199.0
433.0
232.0
345.0
206.0
391.0
148.0
267.0
149.0
161.0
352.0
321.0
89.0
130.0
120.0
86.0
199.0
369.0
356.0
473.0
333.0
179.0
287.0
142.0
215.0
118.0
229.0
429.0
199.0
282.0
107.0
159.0
94.0
133.0
324.0
317.0
259.0
129.0
331.0
249.0
193.0
129.0
313.0
324.0
500.0
413.0
200.0
122.0
379.0
120.0
360.0
188.0
284.0
201.0
159.0
343.0
397.0
199.0
144.0
168.0
136.0
273.0
178.0
191.0
251.0
145.0
323.0
222.0
231.0
262.0
147.0
271.0
377.0
369.0
228.0
231.0
142.0
307.0
217.0
243.0
182.0
283.0
318.0
223.0
245.0
347.0
161.0
260.0
270.0
298.0
321.0
236.0
15.0
153.0
229.0
138.0
219.0
412.0
399.0
302.0
242.0
123.0
250.0
284.0
134.0
347.0
154.0
112.0
190.0
139.0
89.0
188.0
152.0
176.0
91.0
196.0
189.0
229.0
182.0
208.0
182.0
206.0
204.0
244.0
146.0
152.0
15.0
172.0
276.0
181.0
286.0
116.0
174.0
106.0
109.0
206.0
244.0
191.0
142.0
261.0
271.0
192.0
173.0
235.0
222.0
98.0
202.0
189.0
193.0
183.0
128.0
132.0
107.0
95.0
127.0
155.0
153.0
208.0
200.0
119.0
118.0
207.0
191.0
206.0
266.0
305.0
259.0
253.0
226.0
190.0
187.0
122.0
182.0
245.0
114.0
186.0
235.0
81.0
188.0
325.0
125.0
143.0
181.0
159.0
210.0
321.0
197.0
89.0
66.0
500.0
129.0
500.0
214.0
147.0
292.0
208.0
240.0
182.0
160.0
173.0
167.0
105.0
189.0
130.0
116.0
115.0
200.0
110.0
145.0
139.0
113.0
89.0
209.0
67.0
69.0
146.0
126.0
122.0
53.0
156.0
139.0
235.0
47.0
148.0
180.0
125.0
155.0
132.0
145.0
357.0
275.0
244.0
175.0
167.0
140.0
150.0
146.0
43.0
39.0
153.0
225.0
294.0
323.0
326.0
133.0
195.0
288.0
141.0
24.0
122.0
93.0
63.0
171.0
259.0
79.0
74.0
95.0
93.0
177.0
102.0
188.0
238.0
59.0
24.0
26.0
25.0
245.0
110.0
52.0
46.0
89.0
151.0
173.0
170.0
125.0
196.0
221.0
97.0
207.0
34.0
191.0
197.0
188.0
167.0
115.0
100.0
283.0
212.0
222.0
39.0
255.0
192.0
111.0
204.0
193.0
240.0
45.0
181.0
97.0
116.0
229.0
136.0
27.0
111.0
41.0
118.0
401.0
37.0
172.0
298.0
48.0
120.0
171.0
56.0
106.0
220.0
58.0
257.0
196.0
149.0
176.0
197.0
172.0
175.0
199.0
162.0
245.0
210.0
209.0
109.0
176.0
139.0
253.0
43.0
101.0
205.0
250.0
147.0
195.0
118.0
107.0
127.0
224.0
58.0
500.0
13.0
359.0
403.0
155.0
176.0
19.0
134.0
184.0
73.0
91.0
352.0
262.0
376.0
197.0
317.0
80.0
241.0
204.0
128.0
134.0
203.0
75.0
25.0
162.0
269.0
380.0
70.0
11.0
236.0
14.0
170.0
55.0
212.0
112.0
227.0
92.0
327.0
55.0
11.0
391.0
140.0
26.0
19.0
394.0
385.0
11.0
19.0
363.0
243.0
191.0
101.0
123.0
19.0
60.0
428.0
76.0
109.0
187.0
111.0
41.0
110.0
135.0
180.0
158.0
58.0
83.0
500.0
27.0
213.0
30.0
154.0
185.0
179.0
225.0
94.0
138.0
319.0
286.0
51.0
122.0
52.0
56.0
11.0
218.0
193.0
243.0
127.0
175.0
48.0
19.0
420.0
68.0
354.0
162.0
222.0
43.0
245.0
264.0
133.0
500.0
264.0
286.0
452.0
18.0
314.0
26.0
65.0
81.0
385.0
25.0
273.0
145.0
276.0
500.0
392.0
133.0
145.0
200.0
35.0
111.0
39.0
241.0
188.0
212.0
194.0
324.0
51.0
223.0
215.0
17.0
268.0
253.0
126.0
23.0
223.0
148.0
57.0
163.0
258.0
221.0
103.0
126.0
28.0
150.0
229.0
228.0
153.0
365.0
250.0
500.0
34.0
135.0
45.0
251.0
26.0
275.0
358.0
50.0
87.0
147.0
261.0
147.0
219.0
239.0
41.0
279.0
197.0
317.0
221.0
39.0
250.0
500.0
22.0
130.0
191.0
120.0
43.0
330.0
141.0
92.0
48.0
20.0
133.0
211.0
276.0
342.0
59.0
28.0
156.0
54.0
500.0
112.0
290.0
240.0
115.0
63.0
434.0
58.0
314.0
146.0
13.0
119.0
193.0
36.0
345.0
198.0
231.0
181.0
9.0
37.0
340.0
162.0
400.0
240.0
224.0
173.0
207.0
256.0
227.0
64.0
196.0
139.0
244.0
52.0
32.0
48.0
277.0
418.0
18.0
170.0
291.0
117.0
47.0
70.0
201.0
300.0
235.0
387.0
124.0
437.0
28.0
25.0
320.0
380.0
307.0
85.0
144.0
123.0
173.0
186.0
75.0
77.0
91.0
229.0
309.0
466.0
137.0
102.0
39.0
96.0
59.0
202.0
103.0
167.0
105.0
103.0
166.0
314.0
132.0
118.0
140.0
129.0
11.0
400.0
168.0
256.0
37.0
196.0
43.0
198.0
28.0
196.0
211.0
222.0
223.0
41.0
163.0
184.0
120.0
257.0
500.0
136.0
206.0
331.0
223.0
500.0
128.0
155.0
127.0
256.0
194.0
12.0
46.0
315.0
343.0
35.0
128.0
337.0
136.0
334.0
85.0
96.0
260.0
37.0
290.0
216.0
123.0
146.0
18.0
352.0
58.0
222.0
261.0
64.0
500.0
225.0
215.0
83.0
319.0
228.0
271.0
188.0
279.0
181.0
156.0
62.0
245.0
17.0
294.0
312.0
218.0
212.0
121.0
288.0
82.0
90.0
46.0
500.0
294.0
93.0
316.0
358.0
254.0
323.0
183.0
132.0
261.0
135.0
321.0
39.0
221.0
122.0
198.0
151.0
480.0
186.0
10.0
118.0
150.0
150.0
124.0
52.0
424.0
251.0
229.0
500.0
54.0
159.0
218.0
265.0
104.0
23.0
219.0
268.0
396.0
179.0
229.0
227.0
177.0
89.0
321.0
225.0
169.0
35.0
103.0
113.0
105.0
256.0
80.0
238.0
133.0
225.0
263.0
477.0
20.0
114.0
34.0
170.0
159.0
156.0
21.0
178.0
66.0
131.0
70.0
81.0
66.0
310.0
260.0
48.0
283.0
275.0
152.0
149.0
500.0
177.0
313.0
112.0
19.0
197.0
100.0
49.0
173.0
267.0
310.0
123.0
164.0
32.0
276.0
128.0
500.0
185.0
206.0
23.0
345.0
123.0
198.0
172.0
41.0
88.0
165.0
82.0
224.0
188.0
183.0
112.0
430.0
160.0
162.0
306.0
70.0
189.0
222.0
72.0
216.0
251.0
255.0
147.0
238.0
500.0
263.0
206.0
190.0
32.0
277.0
31.0
30.0
335.0
55.0
194.0
417.0
152.0
24.0
169.0
30.0
205.0
297.0
170.0
273.0
164.0
132.0
118.0
101.0
201.0
44.0
500.0
316.0
108.0
161.0
305.0
325.0
113.0
114.0
417.0
103.0
246.0
363.0
434.0
233.0
193.0
269.0
267.0
101.0
344.0
472.0
58.0
142.0
221.0
211.0
133.0
175.0
199.0
201.0
339.0
220.0
210.0
154.0
373.0
237.0
208.0
53.0
125.0
350.0
250.0
17.0
199.0
488.0
123.0
169.0
189.0
223.0
357.0
203.0
100.0
500.0
175.0
125.0
272.0
237.0
478.0
34.0
191.0
125.0
100.0
259.0
35.0
114.0
69.0
248.0
500.0
9.0
196.0
79.0
45.0
150.0
446.0
115.0
53.0
147.0
274.0
226.0
167.0
293.0
222.0
192.0
192.0
344.0
48.0
98.0
130.0
36.0
213.0
197.0
98.0
164.0
185.0
327.0
258.0
45.0
241.0
72.0
500.0
450.0
148.0
36.0
500.0
123.0
126.0
100.0
301.0
168.0
101.0
48.0
239.0
190.0
160.0
135.0
59.0
197.0
124.0
192.0
76.0
227.0
239.0
241.0
115.0
221.0
45.0
109.0
167.0
246.0
184.0
226.0
82.0
206.0
126.0
177.0
99.0
110.0
93.0
168.0
81.0
500.0
221.0
173.0
333.0
249.0
282.0
204.0
264.0
30.0
150.0
144.0
224.0
199.0
141.0
45.0
63.0
351.0
96.0
220.0
86.0
185.0
160.0
87.0
259.0
287.0
64.0
179.0
241.0
286.0
135.0
307.0
500.0
72.0
267.0
104.0
234.0
130.0
224.0
235.0
274.0
74.0
413.0
178.0
165.0
48.0
270.0
500.0
156.0
349.0
26.0
265.0
175.0
191.0
180.0
188.0
36.0
37.0
119.0
123.0
152.0
184.0
128.0
134.0
282.0
373.0
30.0
165.0
211.0
247.0
76.0
223.0
318.0
41.0
209.0
267.0
53.0
201.0
171.0
263.0
124.0
151.0
111.0
94.0
259.0
279.0
149.0
373.0
229.0
229.0
305.0
123.0
353.0
177.0
156.0
218.0
153.0
200.0
149.0
430.0
189.0
18.0
500.0
221.0
177.0
182.0
225.0
56.0
418.0
500.0
220.0
297.0
316.0
155.0
298.0
241.0
385.0
223.0
249.0
266.0
215.0
497.0
161.0
500.0
113.0
244.0
297.0
82.0
500.0
202.0
263.0
92.0
354.0
349.0
82.0
307.0
316.0
207.0
153.0
148.0
38.0
318.0
226.0
500.0
187.0
258.0
174.0
190.0
347.0
194.0
244.0
66.0
403.0
153.0
169.0
237.0
111.0
177.0
51.0
341.0
278.0
47.0
161.0
275.0
274.0
291.0
396.0
59.0
200.0
262.0
242.0
35.0
242.0
55.0
300.0
211.0
345.0
374.0
206.0
188.0
154.0
259.0
160.0
101.0
189.0
496.0
328.0
321.0
341.0
33.0
224.0
382.0
188.0
30.0
324.0
249.0
134.0
359.0
424.0
62.0
221.0
347.0
330.0
215.0
89.0
148.0
271.0
384.0
227.0
64.0
178.0
191.0
383.0
128.0
69.0
251.0
24.0
254.0
267.0
209.0
247.0
212.0
248.0
217.0
352.0
185.0
37.0
180.0
149.0
155.0
265.0
161.0
500.0
223.0
136.0
291.0
155.0
166.0
220.0
500.0
326.0
58.0
500.0
222.0
105.0
342.0
407.0
421.0
176.0
247.0
26.0
237.0
275.0
24.0
54.0
239.0
500.0
54.0
253.0
129.0
432.0
500.0
301.0
191.0
235.0
54.0
500.0
225.0
29.0
454.0
74.0
374.0
370.0
317.0
313.0
120.0
29.0
500.0
366.0
65.0
107.0
353.0
32.0
163.0
304.0
500.0
500.0
31.0
263.0
106.0
170.0
269.0
302.0
253.0
318.0
204.0
203.0
229.0
159.0
39.0
120.0
91.0
283.0
263.0
381.0
375.0
303.0
324.0
394.0
55.0
500.0
256.0
309.0
71.0
90.0
142.0
204.0
101.0
153.0
27.0
293.0
256.0
64.0
174.0
97.0
224.0
255.0
310.0
26.0
156.0
383.0
489.0
255.0
394.0
451.0
422.0
162.0
257.0
209.0
223.0
67.0
500.0
203.0
152.0
257.0
254.0
217.0
500.0
321.0
181.0
396.0
249.0
196.0
264.0
355.0
88.0
147.0
251.0
162.0
52.0
337.0
261.0
230.0
472.0
37.0
314.0
234.0
317.0
500.0
265.0
298.0
115.0
471.0
232.0
92.0
259.0
278.0
223.0
195.0
268.0
339.0
281.0
287.0
250.0
138.0
208.0
226.0
135.0
101.0
269.0
288.0
285.0
330.0
162.0
500.0
391.0
315.0
167.0
74.0
251.0
171.0
156.0
279.0
105.0
281.0
18.0
209.0
264.0
260.0
267.0
203.0
288.0
150.0
217.0
345.0
141.0
264.0
129.0
399.0
403.0
303.0
490.0
460.0
179.0
207.0
185.0
264.0
500.0
317.0
76.0
154.0
209.0
197.0
221.0
120.0
224.0
138.0
289.0
308.0
179.0
178.0
68.0
66.0
95.0
263.0
90.0
33.0
204.0
204.0
161.0
295.0
92.0
295.0
143.0
14.0
178.0
274.0
421.0
49.0
267.0
196.0
442.0
251.0
229.0
210.0
40.0
155.0
24.0
165.0
240.0
51.0
180.0
337.0
190.0
109.0
16.0
267.0
370.0
250.0
282.0
387.0
295.0
36.0
268.0
241.0
500.0
153.0
217.0
370.0
500.0
285.0
203.0
203.0
54.0
245.0
285.0
73.0
123.0
283.0
231.0
500.0
191.0
230.0
288.0
185.0
247.0
106.0
304.0
213.0
140.0
85.0
219.0
361.0
78.0
264.0
326.0
157.0
184.0
30.0
163.0
152.0
267.0
66.0
234.0
170.0
264.0
194.0
36.0
35.0
31.0
181.0
148.0
279.0
370.0
163.0
276.0
164.0
46.0
146.0
167.0
174.0
253.0
140.0
279.0
268.0
296.0
182.0
294.0
314.0
208.0
94.0
179.0
288.0
144.0
48.0
101.0
171.0
325.0
76.0
330.0
225.0
222.0
313.0
94.0
188.0
363.0
222.0
165.0
260.0
247.0
147.0
188.0
380.0
402.0
66.0
127.0
180.0
153.0
266.0
41.0
294.0
179.0
119.0
253.0
168.0
136.0
341.0
247.0
59.0
367.0
183.0
500.0
270.0
248.0
299.0
352.0
248.0
154.0
306.0
286.0
183.0
253.0
286.0
58.0
192.0
192.0
217.0
275.0
230.0
172.0
195.0
202.0
196.0
277.0
186.0
358.0
234.0
260.0
401.0
52.0
184.0
395.0
181.0
199.0
126.0
236.0
224.0
82.0
401.0
316.0
274.0
278.0
425.0
109.0
359.0
306.0
117.0
204.0
81.0
451.0
362.0
194.0
434.0
396.0
33.0
324.0
172.0
289.0
125.0
368.0
170.0
314.0
150.0
238.0
143.0
184.0
309.0
296.0
287.0
178.0
263.0
267.0
153.0
258.0
117.0
101.0
239.0
56.0
116.0
302.0
237.0
211.0
180.0
244.0
206.0
171.0
227.0
360.0
132.0
270.0
185.0
326.0
35.0
317.0
300.0
29.0
36.0
269.0
236.0
238.0
208.0
301.0
359.0
155.0
247.0
261.0
175.0
245.0
162.0
50.0
229.0
219.0
173.0
261.0
413.0
174.0
296.0
151.0
269.0
218.0
222.0
269.0
218.0
308.0
256.0
257.0
87.0
43.0
250.0
202.0
159.0
278.0
380.0
315.0
205.0
290.0
156.0
268.0
223.0
59.0
279.0
39.0
295.0
206.0
208.0
221.0
165.0
218.0
362.0
263.0
237.0
227.0
207.0
320.0
155.0
110.0
325.0
124.0
215.0
281.0
239.0
346.0
322.0
230.0
205.0
255.0
283.0
64.0
298.0
205.0
193.0
183.0
212.0
241.0
384.0
137.0
167.0
329.0
172.0
365.0
31.0
203.0
175.0
314.0
255.0
286.0
464.0
38.0
40.0
333.0
297.0
33.0
17.0
60.0
304.0
124.0
115.0
154.0
168.0
275.0
230.0
391.0
273.0
219.0
165.0
287.0
178.0
269.0
219.0
188.0
391.0
86.0
272.0
343.0
328.0
229.0
27.0
336.0
245.0
10.0
179.0
293.0
272.0
240.0
287.0
181.0
234.0
187.0
32.0
184.0
210.0
258.0
278.0
249.0
26.0
183.0
209.0
303.0
247.0
102.0
265.0
149.0
119.0
301.0
215.0
171.0
181.0
186.0
243.0
337.0
341.0
193.0
435.0
485.0
343.0
394.0
464.0
233.0
182.0
43.0
217.0
97.0
241.0
17.0
260.0
142.0
85.0
412.0
134.0
130.0
252.0
139.0
211.0
153.0
307.0
301.0
279.0
303.0
189.0
337.0
199.0
231.0
239.0
162.0
364.0
121.0
326.0
54.0
335.0
256.0
371.0
22.0
217.0
316.0
169.0
317.0
252.0
329.0
147.0
58.0
236.0
101.0
254.0
130.0
276.0
140.0
31.0
83.0
203.0
160.0
272.0
40.0
220.0
45.0
325.0
205.0
248.0
237.0
91.0
265.0
346.0
331.0
102.0
128.0
177.0
86.0
94.0
114.0
34.0
361.0
283.0
141.0
195.0
256.0
189.0
32.0
196.0
356.0
311.0
309.0
237.0
334.0
321.0
178.0
163.0
129.0
247.0
269.0
282.0
227.0
149.0
310.0
97.0
177.0
238.0
98.0
32.0
204.0
359.0
176.0
241.0
221.0
257.0
129.0
147.0
183.0
151.0
212.0
216.0
207.0
238.0
157.0
223.0
318.0
220.0
158.0
163.0
285.0
149.0
154.0
229.0
195.0
177.0
326.0
306.0
228.0
246.0
338.0
220.0
347.0
142.0
39.0
142.0
348.0
275.0
135.0
171.0
98.0
78.0
34.0
183.0
173.0
207.0
220.0
236.0
332.0
296.0
148.0
157.0
92.0
152.0
27.0
156.0
257.0
191.0
276.0
181.0
203.0
121.0
250.0
359.0
246.0
192.0
149.0
252.0
498.0
251.0
97.0
275.0
152.0
339.0
302.0
79.0
220.0
171.0
29.0
41.0
184.0
337.0
426.0
329.0
164.0
390.0
88.0
182.0
334.0
357.0
453.0
398.0
435.0
279.0
271.0
259.0
179.0
94.0
189.0
29.0
327.0
84.0
234.0
263.0
242.0
151.0
237.0
296.0
219.0
116.0
62.0
168.0
177.0
309.0
301.0
373.0
382.0
325.0
112.0
199.0
292.0
280.0
34.0
42.0
161.0
147.0
265.0
52.0
198.0
183.0
199.0
143.0
336.0
308.0
33.0
307.0
31.0
198.0
146.0
41.0
38.0
107.0
259.0
25.0
280.0
51.0
40.0
267.0
28.0
173.0
271.0
264.0
358.0
283.0
138.0
279.0
226.0
309.0
20.0
162.0
173.0
14.0
183.0
21.0
58.0
300.0
137.0
364.0
312.0
347.0
254.0
221.0
13.0
308.0
289.0
185.0
58.0
118.0
228.0
34.0
144.0
227.0
241.0
194.0
153.0
97.0
20.0
314.0
249.0
98.0
158.0
416.0
191.0
175.0
219.0
342.0
328.0
382.0
106.0
269.0
357.0
142.0
171.0
114.0
296.0
251.0
175.0
222.0
308.0
150.0
107.0
38.0
235.0
30.0
69.0
40.0
44.0
374.0
267.0
28.0
15.0
265.0
220.0
256.0
414.0
365.0
169.0
251.0
141.0
37.0
214.0
312.0
300.0
173.0
128.0
216.0
373.0
132.0
411.0
174.0
242.0
336.0
108.0
316.0
143.0
345.0
269.0
289.0
307.0
285.0
109.0
178.0
319.0
74.0
232.0
380.0
145.0
261.0
156.0
446.0
151.0
128.0
15.0
98.0
275.0
157.0
132.0
281.0
232.0
124.0
213.0
175.0
188.0
32.0
357.0
183.0
144.0
334.0
116.0
166.0
79.0
115.0
244.0
172.0
131.0
122.0
278.0
32.0
284.0
132.0
182.0
223.0
110.0
397.0
271.0
255.0
226.0
203.0
325.0
201.0
265.0
224.0
391.0
201.0
109.0
133.0
281.0
261.0
282.0
198.0
237.0
159.0
164.0
107.0
287.0
291.0
324.0
119.0
81.0
248.0
30.0
202.0
34.0
149.0
28.0
248.0
174.0
182.0
271.0
228.0
186.0
124.0
251.0
154.0
52.0
191.0
292.0
138.0
333.0
156.0
109.0
33.0
64.0
178.0
131.0
188.0
234.0
322.0
327.0
276.0
437.0
293.0
220.0
99.0
125.0
319.0
180.0
157.0
267.0
110.0
283.0
233.0
227.0
207.0
114.0
318.0
267.0
241.0
344.0
166.0
31.0
451.0
257.0
93.0
186.0
206.0
15.0
236.0
140.0
43.0
335.0
318.0
86.0
156.0
301.0
392.0
251.0
193.0
112.0
291.0
60.0
136.0
275.0
31.0
226.0
177.0
184.0
342.0
28.0
214.0
292.0
245.0
27.0
176.0
250.0
229.0
309.0
233.0
9.0
36.0
169.0
39.0
239.0
260.0
213.0
344.0
31.0
84.0
317.0
174.0
208.0
278.0
362.0
344.0
142.0
128.0
193.0
256.0
192.0
202.0
175.0
385.0
307.0
151.0
22.0
191.0
265.0
173.0
155.0
216.0
133.0
166.0
458.0
42.0
252.0
381.0
169.0
344.0
151.0
386.0
205.0
270.0
224.0
266.0
155.0
165.0
174.0
336.0
341.0
144.0
244.0
330.0
172.0
56.0
201.0
192.0
195.0
218.0
59.0
19.0
329.0
9.0
239.0
246.0
108.0
366.0
157.0
125.0
380.0
380.0
41.0
248.0
386.0
170.0
175.0
246.0
84.0
270.0
96.0
249.0
244.0
174.0
29.0
263.0
10.0
255.0
299.0
281.0
324.0
63.0
366.0
190.0
211.0
385.0
216.0
10.0
303.0
78.0
242.0
248.0
241.0
289.0
173.0
49.0
320.0
131.0
72.0
147.0
195.0
96.0
106.0
177.0
297.0
172.0
143.0
36.0
17.0
73.0
243.0
334.0
220.0
116.0
96.0
323.0
279.0
181.0
237.0
273.0
13.0
311.0
28.0
241.0
198.0
53.0
285.0
25.0
105.0
274.0
373.0
245.0
193.0
216.0
222.0
42.0
211.0
108.0
47.0
329.0
148.0
386.0
352.0
277.0
248.0
134.0
148.0
235.0
124.0
332.0
116.0
63.0
169.0
270.0
246.0
384.0
215.0
282.0
214.0
110.0
290.0
31.0
270.0
328.0
75.0
238.0
98.0
157.0
40.0
242.0
204.0
248.0
251.0
89.0
84.0
328.0
270.0
356.0
125.0
30.0
250.0
159.0
370.0
63.0
287.0
35.0
66.0
141.0
305.0
82.0
231.0
15.0
98.0
203.0
85.0
11.0
209.0
44.0
182.0
36.0
88.0
236.0
316.0
237.0
123.0
128.0
207.0
297.0
20.0
134.0
276.0
35.0
212.0
29.0
292.0
134.0
172.0
41.0
155.0
187.0
23.0
391.0
182.0
215.0
80.0
96.0
271.0
256.0
307.0
152.0
267.0
218.0
225.0
144.0
90.0
205.0
29.0
70.0
334.0
58.0
30.0
326.0
213.0
60.0
229.0
144.0
270.0
238.0
16.0
313.0
147.0
87.0
278.0
230.0
21.0
170.0
154.0
88.0
156.0
119.0
221.0
176.0
269.0
8.0
23.0
256.0
320.0
276.0
38.0
312.0
367.0
398.0
167.0
17.0
408.0
19.0
154.0
260.0
206.0
275.0
120.0
30.0
202.0
243.0
333.0
32.0
250.0
213.0
340.0
25.0
340.0
112.0
98.0
286.0
190.0
45.0
230.0
38.0
38.0
251.0
179.0
36.0
227.0
401.0
172.0
133.0
500.0
25.0
61.0
228.0
293.0
62.0
105.0
175.0
250.0
92.0
167.0
154.0
31.0
255.0
124.0
308.0
170.0
259.0
17.0
33.0
297.0
124.0
11.0
54.0
446.0
302.0
383.0
105.0
28.0
143.0
165.0
166.0
304.0
28.0
229.0
354.0
235.0
57.0
150.0
91.0
134.0
173.0
184.0
346.0
130.0
239.0
219.0
142.0
373.0
322.0
359.0
36.0
221.0
249.0
174.0
373.0
247.0
382.0
266.0
62.0
259.0
222.0
111.0
257.0
369.0
199.0
18.0
45.0
311.0
339.0
213.0
241.0
157.0
182.0
251.0
221.0
291.0
245.0
192.0
309.0
61.0
310.0
466.0
235.0
191.0
271.0
219.0
360.0
40.0
222.0
246.0
182.0
318.0
254.0
175.0
263.0
40.0
265.0
278.0
156.0
218.0
106.0
33.0
277.0
233.0
233.0
49.0
177.0
28.0
12.0
296.0
180.0
227.0
180.0
154.0
228.0
187.0
317.0
188.0
272.0
325.0
247.0
136.0
234.0
317.0
168.0
317.0
269.0
207.0
193.0
175.0
285.0
79.0
343.0
181.0
322.0
244.0
125.0
128.0
158.0
116.0
203.0
318.0
165.0
82.0
226.0
192.0
59.0
203.0
60.0
54.0
145.0
201.0
71.0
243.0
182.0
237.0
391.0
141.0
134.0
398.0
215.0
337.0
241.0
104.0
210.0
163.0
333.0
268.0
177.0
500.0
334.0
225.0
208.0
500.0
397.0
222.0
374.0
500.0
314.0
226.0
234.0
260.0
216.0
252.0
207.0
352.0
260.0
158.0
287.0
213.0
323.0
180.0
477.0
165.0
381.0
218.0
265.0
228.0
312.0
73.0
306.0
174.0
56.0
191.0
257.0
219.0
181.0
300.0
242.0
178.0
500.0
244.0
223.0
235.0
292.0
308.0
187.0
216.0
273.0
205.0
203.0
230.0
168.0
244.0
292.0
231.0
188.0
169.0
194.0
208.0
283.0
215.0
177.0
85.0
237.0
235.0
348.0
180.0
186.0
191.0
221.0
310.0
196.0
245.0
229.0
172.0
315.0
240.0
276.0
338.0
284.0
209.0
253.0
293.0
220.0
191.0
381.0
177.0
296.0
428.0
269.0
195.0
166.0
265.0
332.0
183.0
257.0
346.0
270.0
237.0
208.0
200.0
211.0
301.0
159.0
270.0
302.0
264.0
196.0
285.0
253.0
237.0
175.0
272.0
201.0
219.0
249.0
331.0
278.0
217.0
194.0
301.0
220.0
263.0
243.0
257.0
211.0
367.0
277.0
410.0
184.0
242.0
265.0
346.0
226.0
167.0
177.0
487.0
188.0
240.0
221.0
230.0
185.0
279.0
214.0
258.0
242.0
199.0
179.0
237.0
256.0
216.0
331.0
255.0
299.0
186.0
304.0
290.0
186.0
358.0
268.0
158.0
500.0
248.0
267.0
209.0
320.0
400.0
291.0
239.0
229.0
343.0
266.0
115.0
280.0
215.0
228.0
195.0
277.0
209.0
235.0
263.0
197.0
297.0
336.0
275.0
229.0
159.0
322.0
361.0
322.0
193.0
500.0
407.0
277.0
231.0
371.0
212.0
225.0
347.0
212.0
222.0
193.0
248.0
229.0
273.0
310.0
233.0
326.0
221.0
179.0
185.0
219.0
179.0
321.0
191.0
182.0
204.0
184.0
336.0
275.0
327.0
257.0
106.0
363.0
139.0
207.0
218.0
236.0
304.0
206.0
280.0
209.0
280.0
262.0
153.0
220.0
189.0
269.0
218.0
245.0
313.0
236.0
223.0
256.0
196.0
223.0
257.0
237.0
331.0
192.0
271.0
194.0
256.0
204.0
319.0
172.0
268.0
169.0
204.0
184.0
186.0
267.0
308.0
115.0
281.0
204.0
291.0
178.0
204.0
322.0
185.0
227.0
217.0
289.0
242.0
233.0
263.0
319.0
222.0
257.0
275.0
227.0
208.0
245.0
205.0
373.0
179.0
187.0
245.0
150.0
281.0
480.0
275.0
227.0
351.0
233.0
203.0
199.0
177.0
204.0
234.0
211.0
210.0
188.0
277.0
362.0
227.0
167.0
172.0
297.0
242.0
245.0
253.0
261.0
216.0
194.0
188.0
206.0
170.0
294.0
327.0
135.0
210.0
276.0
244.0
163.0
264.0
163.0
269.0
250.0
105.0
286.0
164.0
210.0
248.0
463.0
164.0
220.0
319.0
326.0
253.0
217.0
183.0
152.0
232.0
217.0
500.0
269.0
229.0
97.0
223.0
305.0
208.0
189.0
219.0
294.0
185.0
243.0
414.0
264.0
237.0
231.0
232.0
313.0
228.0
224.0
348.0
254.0
237.0
286.0
189.0
260.0
325.0
398.0
360.0
297.0
168.0
363.0
424.0
223.0
180.0
274.0
327.0
241.0
319.0
254.0
433.0
251.0
182.0
196.0
166.0
260.0
253.0
302.0
399.0
321.0
141.0
460.0
257.0
202.0
174.0
270.0
349.0
253.0
202.0
287.0
297.0
161.0
180.0
326.0
249.0
232.0
289.0
276.0
282.0
175.0
247.0
170.0
55.0
195.0
251.0
179.0
270.0
261.0
429.0
189.0
353.0
500.0
232.0
248.0
382.0
160.0
191.0
255.0
453.0
469.0
458.0
249.0
302.0
413.0
254.0
500.0
243.0
264.0
178.0
231.0
267.0
289.0
289.0
155.0
267.0
308.0
339.0
186.0
305.0
244.0
224.0
500.0
206.0
157.0
500.0
299.0
178.0
201.0
284.0
214.0
320.0
249.0
232.0
292.0
223.0
28.0
290.0
449.0
252.0
297.0
247.0
255.0
205.0
301.0
267.0
257.0
500.0
173.0
303.0
261.0
194.0
232.0
207.0
269.0
406.0
250.0
230.0
300.0
286.0
340.0
266.0
449.0
180.0
199.0
174.0
311.0
288.0
231.0
224.0
264.0
288.0
358.0
197.0
237.0
282.0
191.0
282.0
267.0
149.0
238.0
225.0
236.0
254.0
225.0
167.0
259.0
272.0
190.0
285.0
206.0
180.0
199.0
159.0
416.0
367.0
326.0
250.0
302.0
187.0
293.0
231.0
349.0
257.0
241.0
364.0
251.0
146.0
308.0
206.0
369.0
284.0
227.0
185.0
245.0
352.0
233.0
331.0
316.0
308.0
244.0
251.0
292.0
380.0
238.0
162.0
217.0
233.0
202.0
207.0
285.0
232.0
248.0
285.0
247.0
233.0
184.0
261.0
149.0
261.0
236.0
251.0
238.0
273.0
387.0
313.0
350.0
289.0
196.0
263.0
249.0
191.0
258.0
179.0
251.0
231.0
420.0
266.0
184.0
182.0
241.0
323.0
219.0
263.0
243.0
270.0
235.0
269.0
260.0
174.0
236.0
263.0
304.0
187.0
243.0
153.0
229.0
279.0
308.0
234.0
217.0
234.0
185.0
219.0
240.0
219.0
177.0
297.0
211.0
285.0
455.0
363.0
288.0
222.0
242.0
247.0
256.0
183.0
231.0
232.0
200.0
227.0
259.0
267.0
165.0
258.0
251.0
245.0
209.0
235.0
225.0
163.0
315.0
220.0
154.0
279.0
500.0
329.0
234.0
256.0
234.0
219.0
239.0
235.0
311.0
188.0
293.0
256.0
221.0
363.0
171.0
240.0
224.0
279.0
340.0
121.0
372.0
231.0
154.0
221.0
190.0
176.0
500.0
228.0
351.0
241.0
254.0
328.0
270.0
253.0
212.0
219.0
327.0
179.0
244.0
202.0
278.0
281.0
281.0
274.0
243.0
259.0
202.0
238.0
283.0
307.0
198.0
231.0
244.0
272.0
284.0
500.0
237.0
210.0
173.0
245.0
257.0
323.0
196.0
500.0
238.0
240.0
282.0
308.0
301.0
267.0
421.0
319.0
177.0
262.0
260.0
165.0
271.0
341.0
310.0
323.0
298.0
247.0
251.0
234.0
283.0
231.0
264.0
242.0
173.0
353.0
274.0
294.0
230.0
197.0
186.0
257.0
243.0
329.0
278.0
262.0
152.0
239.0
152.0
223.0
303.0
500.0
239.0
251.0
267.0
198.0
397.0
138.0
500.0
297.0
252.0
202.0
404.0
440.0
364.0
167.0
255.0
281.0
150.0
231.0
327.0
152.0
245.0
278.0
163.0
244.0
259.0
293.0
189.0
171.0
226.0
167.0
287.0
287.0
249.0
249.0
262.0
322.0
156.0
282.0
219.0
243.0
192.0
336.0
248.0
340.0
315.0
500.0
281.0
275.0
200.0
344.0
175.0
230.0
358.0
286.0
309.0
379.0
263.0
174.0
289.0
277.0
313.0
276.0
193.0
220.0
171.0
255.0
256.0
249.0
221.0
238.0
189.0
217.0
150.0
185.0
319.0
251.0
263.0
397.0
317.0
333.0
189.0
329.0
281.0
245.0
337.0
234.0
218.0
233.0
239.0
254.0
184.0
281.0
371.0
269.0
315.0
242.0
297.0
234.0
206.0
263.0
181.0
241.0
185.0
233.0
212.0
500.0
500.0
368.0
165.0
389.0
500.0
299.0
301.0
211.0
325.0
313.0
244.0
239.0
250.0
204.0
195.0
244.0
165.0
244.0
310.0
163.0
274.0
418.0
323.0
263.0
302.0
326.0
257.0
254.0
321.0
239.0
381.0
337.0
208.0
155.0
249.0
270.0
287.0
268.0
313.0
121.0
228.0
229.0
238.0
193.0
210.0
279.0
238.0
167.0
148.0
215.0
218.0
156.0
141.0
367.0
182.0
246.0
232.0
336.0
237.0
241.0
257.0
293.0
320.0
209.0
237.0
279.0
161.0
163.0
232.0
395.0
257.0
183.0
189.0
226.0
219.0
389.0
254.0
307.0
211.0
213.0
265.0
263.0
305.0
250.0
243.0
378.0
199.0
241.0
275.0
255.0
330.0
220.0
386.0
223.0
229.0
500.0
247.0
244.0
234.0
306.0
152.0
260.0
194.0
224.0
406.0
206.0
204.0
390.0
232.0
237.0
261.0
274.0
246.0
227.0
451.0
139.0
274.0
461.0
232.0
215.0
281.0
265.0
212.0
236.0
160.0
221.0
271.0
280.0
246.0
423.0
195.0
251.0
171.0
204.0
339.0
225.0
293.0
134.0
198.0
192.0
282.0
345.0
241.0
207.0
249.0
228.0
335.0
280.0
248.0
190.0
254.0
426.0
235.0
170.0
187.0
342.0
213.0
345.0
359.0
221.0
173.0
339.0
213.0
304.0
177.0
263.0
311.0
250.0
174.0
167.0
229.0
350.0
247.0
315.0
269.0
292.0
171.0
235.0
262.0
207.0
220.0
230.0
247.0
234.0
182.0
259.0
238.0
296.0
227.0
232.0
238.0
233.0
205.0
204.0
139.0
228.0
249.0
353.0
273.0
284.0
197.0
227.0
298.0
144.0
225.0
253.0
305.0
337.0
265.0
231.0
292.0
222.0
225.0
220.0
308.0
311.0
257.0
263.0
250.0