17.0
13.0
29.0
38.0
24.0
25.0
13.0
12.0
13.0
10.0
16.0
14.0
18.0
35.0
9.0
12.0
17.0
17.0
13.0
11.0
14.0
12.0
10.0
9.0
15.0
13.0
14.0
13.0
10.0
11.0
11.0
11.0
15.0
9.0
15.0
13.0
11.0
11.0
12.0
13.0
12.0
11.0
15.0
13.0
15.0
15.0
12.0
11.0
9.0
15.0
18.0
12.0
14.0
22.0
17.0
21.0
23.0
25.0
26.0
16.0
23.0
23.0
32.0
20.0
30.0
33.0
23.0
21.0
33.0
31.0
26.0
30.0
41.0
22.0
18.0
30.0
40.0
17.0
12.0
32.0
14.0
43.0
18.0
45.0
44.0
49.0
11.0
16.0
33.0
47.0
53.0
46.0
27.0
51.0
28.0
57.0
35.0
59.0
52.0
56.0
45.0
29.0
39.0
30.0
39.0
25.0
52.0
45.0
63.0
20.0
52.0
30.0
60.0
32.0
59.0
69.0
62.0
48.0
70.0
23.0
32.0
51.0
35.0
69.0
435.0
73.0
12.0
88.0
130.0
61.0
79.0
98.0
30.0
79.0
90.0
126.0
92.0
291.0
173.0
77.0
223.0
83.0
185.0
65.0
293.0
226.0
78.0
289.0
167.0
169.0
175.0
84.0
109.0
35.0
255.0
130.0
61.0
500.0
174.0
96.0
113.0
500.0
129.0
141.0
141.0
111.0
227.0
204.0
86.0
141.0
63.0
106.0
71.0
182.0
204.0
190.0
283.0
270.0
200.0
65.0
159.0
150.0
67.0
61.0
161.0
113.0
227.0
101.0
353.0
53.0
189.0
126.0
218.0
243.0
73.0
206.0
81.0
66.0
314.0
206.0
214.0
144.0
365.0
238.0
500.0
417.0
52.0
154.0
140.0
178.0
104.0
62.0
497.0
261.0
500.0
39.0
92.0
242.0
500.0
279.0
500.0
500.0
164.0
276.0
500.0
92.0
146.0
72.0
176.0
136.0
146.0
198.0
167.0
161.0
264.0
138.0
227.0
85.0
215.0
257.0
151.0
157.0
143.0
444.0
199.0
121.0
153.0
252.0
88.0
124.0
206.0
109.0
106.0
148.0
176.0
84.0
101.0
133.0
178.0
232.0
101.0
267.0
133.0
321.0
144.0
181.0
197.0
212.0
100.0
266.0
155.0
69.0
104.0
159.0
212.0
286.0
132.0
248.0
225.0
263.0
157.0
237.0
206.0
247.0
342.0
118.0
58.0
166.0
266.0
266.0
244.0
282.0
156.0
203.0
162.0
322.0
234.0
215.0
184.0
275.0
233.0
291.0
207.0
292.0
220.0
161.0
235.0
241.0
228.0
186.0
263.0
246.0
147.0
185.0
161.0
195.0
225.0
231.0
174.0
212.0
155.0
243.0
168.0
152.0
143.0
242.0
169.0
121.0
231.0
214.0
273.0
202.0
365.0
314.0
238.0
131.0
269.0
228.0
175.0
261.0
203.0
289.0
175.0
373.0
231.0
179.0
194.0
313.0
288.0
265.0
190.0
203.0
176.0
237.0
474.0
324.0
237.0
182.0
203.0
300.0
190.0
192.0
198.0
193.0
289.0
279.0
259.0
215.0
251.0
247.0
340.0
302.0
275.0
322.0
201.0
353.0
405.0
188.0
305.0
267.0
366.0
348.0
415.0
264.0
262.0
402.0
253.0
315.0
320.0
311.0
331.0
196.0
317.0
301.0
307.0
273.0
385.0
355.0
239.0
216.0
263.0
314.0
340.0
413.0
293.0
229.0
326.0
398.0
267.0
483.0
245.0
262.0
375.0
377.0
330.0
273.0
324.0
274.0
366.0
352.0
366.0
328.0
263.0
334.0
274.0
283.0
332.0
353.0
327.0
250.0
236.0
380.0
421.0
338.0
298.0
365.0
413.0
269.0
173.0
272.0
279.0
194.0
207.0
232.0
363.0
144.0
179.0
472.0
100.0
180.0
303.0
241.0
163.0
283.0
133.0
209.0
154.0
102.0
100.0
254.0
116.0
260.0
173.0
155.0
119.0
147.0
163.0
225.0
271.0
175.0
267.0
108.0
207.0
103.0
269.0
201.0
185.0
281.0
371.0
206.0
154.0
176.0
172.0
244.0
243.0
219.0
291.0
98.0
413.0
157.0
302.0
119.0
254.0
253.0
211.0
164.0
264.0
118.0
112.0
106.0
100.0
138.0
197.0
397.0
197.0
219.0
184.0
157.0
186.0
252.0
171.0
204.0
192.0
126.0
210.0
321.0
257.0
246.0
365.0
197.0
118.0
240.0
282.0
399.0
205.0
99.0
181.0
122.0
261.0
117.0
358.0
211.0
142.0
377.0
213.0
292.0
236.0
166.0
156.0
243.0
137.0
114.0
317.0
125.0
190.0
209.0
238.0
161.0
280.0
294.0
170.0
134.0
124.0
252.0
187.0
296.0
234.0
285.0
142.0
500.0
205.0
197.0
229.0
160.0
133.0
143.0
151.0
137.0
132.0
239.0
291.0
212.0
185.0
192.0
206.0
238.0
153.0
238.0
307.0
170.0
249.0
222.0
135.0
416.0
149.0
133.0
209.0
215.0
120.0
272.0
179.0
463.0
204.0
143.0
259.0
289.0
97.0
349.0
382.0
265.0
184.0
228.0
197.0
346.0
329.0
265.0
208.0
114.0
225.0
168.0
167.0
248.0
271.0
307.0
172.0
282.0
109.0
116.0
215.0
235.0
451.0
190.0
170.0
227.0
381.0
280.0
143.0
144.0
207.0
195.0
194.0
204.0
339.0
134.0
188.0
222.0
257.0
246.0
275.0
208.0
210.0
388.0
248.0
206.0
300.0
249.0
221.0
295.0
220.0
287.0
146.0
281.0
285.0
273.0
154.0
197.0
354.0
204.0
164.0
301.0
222.0
209.0
277.0
264.0
166.0
209.0
274.0
134.0
117.0
305.0
247.0
193.0
255.0
500.0
197.0
343.0
125.0
243.0
221.0
108.0
232.0
339.0
166.0
292.0
109.0
215.0
241.0
215.0
227.0
203.0
163.0
125.0
180.0
183.0
280.0
215.0
199.0
189.0
201.0
147.0
193.0
167.0
154.0
216.0
246.0
242.0
168.0
303.0
253.0
175.0
154.0
227.0
167.0
119.0
251.0
218.0
339.0
232.0
207.0
269.0
222.0
206.0
261.0
166.0
107.0
252.0
188.0
229.0
186.0
215.0
169.0
142.0
239.0
232.0
244.0
188.0
182.0
245.0
174.0
210.0
353.0
271.0
285.0
132.0
171.0
311.0
244.0
262.0
309.0
217.0
210.0
219.0
185.0
234.0
306.0
173.0
125.0
125.0
274.0
170.0
386.0
261.0
156.0
207.0
297.0
216.0
254.0
142.0
254.0
365.0
202.0
226.0
247.0
196.0
157.0
207.0
265.0
291.0
217.0
159.0
163.0
180.0
334.0
183.0
215.0
276.0
255.0
134.0
134.0
160.0
200.0
123.0
170.0
110.0
185.0
126.0
160.0
195.0
147.0
400.0
224.0
319.0
134.0
197.0
209.0
118.0
368.0
153.0
223.0
211.0
188.0
120.0
266.0
197.0
250.0
150.0
156.0
170.0
199.0
161.0
139.0
142.0
103.0
174.0
118.0
144.0
207.0
135.0
252.0
205.0
191.0
134.0
108.0
186.0
73.0
100.0
116.0
48.0
109.0
359.0
167.0
141.0
124.0
93.0
141.0
306.0
229.0
41.0
36.0
78.0
157.0
122.0
229.0
195.0
52.0
93.0
41.0
59.0
248.0
77.0
104.0
86.0
46.0
51.0
219.0
94.0
75.0
88.0
51.0
172.0
136.0
83.0
105.0
92.0
87.0
147.0
150.0
69.0
90.0
37.0
211.0
58.0
25.0
52.0
48.0
97.0
50.0
37.0
32.0
26.0
49.0
148.0
22.0
31.0
19.0
32.0
27.0
51.0
28.0
20.0
30.0
57.0
24.0
32.0
82.0
38.0
12.0
78.0
25.0
11.0
12.0
34.0
20.0
17.0
9.0
15.0
13.0
13.0
17.0
18.0
11.0
24.0
9.0
16.0
13.0
12.0
17.0
20.0
11.0
27.0
30.0
25.0
32.0
13.0
65.0
62.0
51.0
98.0
14.0
113.0
75.0
13.0
14.0
36.0
97.0
77.0
10.0
78.0
55.0
64.0
12.0
63.0
12.0
44.0
11.0
50.0
42.0
28.0
90.0
25.0
10.0
14.0
11.0
16.0
33.0
12.0
16.0
11.0
85.0
66.0
51.0
13.0
284.0
254.0
44.0
71.0
497.0
14.0
328.0
290.0
127.0
11.0
252.0
135.0
290.0
283.0
273.0
193.0
290.0
279.0
310.0
234.0
178.0
375.0
214.0
500.0
500.0
361.0
315.0
436.0
500.0
500.0
79.0
241.0
228.0
415.0
484.0
11.0
41.0
500.0
500.0
500.0
83.0
187.0
391.0
186.0
349.0
427.0
116.0
132.0
126.0
24.0
144.0
128.0
90.0
136.0
176.0
114.0
500.0
174.0
500.0
348.0
125.0
71.0
408.0
55.0
342.0
403.0
307.0
325.0
138.0
202.0
96.0
490.0
232.0
500.0
176.0
500.0
60.0
500.0
351.0
500.0
30.0
361.0
436.0
359.0
496.0
145.0
214.0
297.0
31.0
125.0
120.0
150.0
500.0
127.0
233.0
500.0
286.0
500.0
500.0
500.0
500.0
500.0
377.0
500.0
370.0
500.0
500.0
500.0
500.0
186.0
500.0
500.0
500.0
500.0
500.0
500.0
500.0
500.0
500.0
500.0
16.0
351.0
168.0
500.0
500.0
288.0
206.0
271.0
324.0
500.0
104.0
226.0
468.0
50.0
256.0
500.0
500.0
500.0
419.0
500.0
500.0
467.0
500.0
500.0
493.0
500.0
360.0
500.0
500.0
500.0
500.0
500.0
500.0
500.0
500.0
500.0
500.0
396.0
500.0
500.0
94.0
499.0
305.0
500.0
318.0
114.0
229.0
307.0
500.0
500.0
310.0
500.0
298.0
500.0
144.0
394.0
500.0
500.0
500.0
115.0
474.0
494.0
101.0
500.0
282.0
99.0
32.0
353.0
295.0
500.0
500.0
335.0
103.0
500.0
454.0
500.0
352.0
454.0
500.0
261.0
477.0
500.0
180.0
500.0
404.0
500.0
412.0
371.0
408.0
387.0
304.0
363.0
500.0
469.0
353.0
327.0
198.0
257.0
482.0
250.0
394.0
249.0
341.0
370.0
304.0
283.0
500.0
316.0
500.0
239.0
500.0
356.0
394.0
447.0
352.0
500.0
363.0
372.0
380.0
299.0
282.0
297.0
336.0
342.0
226.0
307.0
278.0
267.0
482.0
355.0
366.0
152.0
219.0
337.0
150.0
370.0
481.0
330.0
311.0
500.0
306.0
500.0
293.0
282.0
433.0
295.0
307.0
345.0
500.0
294.0
366.0
227.0
470.0
290.0
260.0
410.0
295.0
266.0
259.0
237.0
229.0
258.0
262.0
242.0
338.0
358.0
356.0
259.0
291.0
164.0
484.0
293.0
386.0
333.0
269.0
372.0
247.0
327.0
236.0
116.0
245.0
301.0
292.0
343.0
265.0
53.0
267.0
271.0
396.0
306.0
279.0
240.0
305.0
246.0
248.0
263.0
193.0
308.0
129.0
274.0
246.0
365.0
327.0
177.0
286.0
380.0
297.0
371.0
269.0
289.0
216.0
300.0
500.0
254.0
298.0
258.0
160.0
315.0
225.0
364.0
138.0
398.0
289.0
276.0
285.0
422.0
275.0
61.0
161.0
361.0
500.0
448.0
500.0
289.0
418.0
422.0
440.0
427.0
452.0
500.0
500.0
344.0
500.0
370.0
398.0
286.0
435.0
388.0
168.0
364.0
254.0
391.0
275.0
392.0
372.0
196.0
354.0
179.0
453.0
377.0
303.0
336.0
140.0
411.0
429.0
390.0
354.0
306.0
316.0
395.0
500.0
328.0
373.0
277.0
419.0
459.0
461.0
500.0
500.0
343.0
270.0
298.0
345.0
293.0
303.0
339.0
357.0
423.0
259.0
386.0
158.0
142.0
206.0
155.0
388.0
184.0
133.0
112.0
111.0
198.0
408.0
283.0
306.0
366.0
328.0
354.0
356.0
500.0
326.0
271.0
275.0
460.0
313.0
256.0
271.0
322.0
474.0
422.0
500.0
288.0
250.0
310.0
329.0
170.0
265.0
346.0
323.0
249.0
500.0
150.0
500.0
348.0
398.0
158.0
130.0
383.0
392.0
357.0
410.0
312.0
500.0
338.0
365.0
341.0
304.0
219.0
353.0
296.0
368.0
487.0
500.0
500.0
311.0
500.0
480.0
423.0
158.0
99.0
424.0
500.0
246.0
117.0
192.0
257.0
155.0
369.0
64.0
500.0
430.0
238.0
312.0
357.0
120.0
373.0
298.0
500.0
484.0
500.0
500.0
500.0
439.0
429.0
472.0
500.0
447.0
500.0
500.0
115.0
399.0
402.0
500.0
424.0
134.0
416.0
343.0
357.0
366.0
407.0
374.0
500.0
473.0
475.0
433.0
417.0
500.0
500.0
398.0
294.0
444.0
500.0
232.0
455.0
498.0
500.0
66.0
429.0
500.0
440.0
160.0
66.0
218.0
177.0
164.0
180.0
500.0
447.0
500.0
376.0
317.0
208.0
500.0
56.0
204.0
27.0
500.0
111.0
136.0
109.0
109.0
210.0
500.0
95.0
500.0
500.0
332.0
114.0
148.0
167.0
140.0
281.0
287.0
303.0
101.0
280.0
105.0
500.0
313.0
442.0
276.0
355.0
346.0
385.0
500.0
500.0
327.0
500.0
368.0
27.0
445.0
338.0
363.0
82.0
470.0
401.0
500.0
500.0
457.0
500.0
500.0
500.0
432.0
300.0
469.0
500.0
500.0
428.0
354.0
500.0
500.0
204.0
411.0
403.0
399.0
254.0
441.0
469.0
430.0
462.0
500.0
406.0
430.0
500.0
440.0
446.0
430.0
346.0
356.0
439.0
473.0
377.0
439.0
12.0
16.0
306.0
11.0
344.0
413.0
391.0
500.0
421.0
13.0
375.0
495.0
442.0
415.0
407.0
286.0
362.0
409.0
500.0
468.0
489.0
500.0
499.0
437.0
475.0
17.0
370.0
422.0
309.0
318.0
280.0
473.0
453.0
487.0
473.0
336.0
500.0
336.0
393.0
398.0
362.0
421.0
500.0
500.0
500.0
500.0
424.0
422.0
348.0
343.0
500.0
384.0
343.0
475.0
335.0
462.0
434.0
348.0
363.0
446.0
194.0
500.0
467.0
350.0
364.0
500.0
424.0
407.0
374.0
408.0
421.0
332.0
500.0
344.0
401.0
368.0
467.0
500.0
257.0
500.0
369.0
483.0
125.0
462.0
330.0
493.0
420.0
500.0
473.0
355.0
374.0
352.0
368.0
405.0
443.0
376.0
342.0
393.0
346.0
405.0
500.0
396.0
340.0
456.0
468.0
359.0
374.0
362.0
136.0
401.0
484.0
500.0
392.0
331.0
479.0
356.0
418.0
473.0
393.0
311.0
308.0
395.0
500.0
172.0
257.0
500.0
269.0
384.0
500.0
434.0
474.0
458.0
336.0
458.0
410.0
137.0
322.0
411.0
420.0
500.0
289.0
353.0
364.0
500.0
444.0
490.0
392.0
61.0
367.0
315.0
500.0
371.0
459.0
424.0
391.0
351.0
312.0
396.0
408.0
78.0
429.0
359.0
168.0
465.0
105.0
500.0
500.0
175.0
184.0
172.0
473.0
488.0
74.0
500.0
466.0
287.0
438.0
500.0
466.0
87.0
477.0
357.0
364.0
161.0
226.0
223.0
500.0
239.0
75.0
297.0
392.0
394.0
78.0
500.0
305.0
244.0
271.0
500.0
301.0
284.0
252.0
390.0
302.0
406.0
500.0
421.0
331.0
500.0
334.0
419.0
285.0
337.0
316.0
362.0
306.0
445.0
457.0
404.0
221.0
376.0
417.0
342.0
401.0
98.0
213.0
473.0
317.0
360.0
328.0
419.0
101.0
445.0
334.0
343.0
341.0
276.0
306.0
304.0
424.0
377.0
250.0
277.0
200.0
199.0
351.0
359.0
336.0
250.0
237.0
232.0
345.0
273.0
292.0
500.0
236.0
439.0
297.0
289.0
312.0
210.0
219.0
230.0
332.0
281.0
278.0
324.0
60.0
255.0
250.0
117.0
125.0
313.0
225.0
236.0
419.0
350.0
312.0
296.0
293.0
290.0
449.0
393.0
268.0
363.0
368.0
334.0
404.0
311.0
315.0
353.0
390.0
298.0
342.0
366.0
313.0
343.0
288.0
428.0
365.0
400.0
275.0
370.0
351.0
311.0
356.0
358.0
346.0
311.0
300.0
344.0
388.0
307.0
360.0
260.0
334.0
329.0
349.0
420.0
203.0
161.0
284.0
126.0
411.0
388.0
336.0
322.0
264.0
455.0
202.0
355.0
306.0
310.0
188.0
311.0
332.0
300.0
339.0
264.0
373.0
354.0
422.0
273.0
354.0
374.0
388.0
392.0
350.0
490.0
241.0
286.0
391.0
252.0
290.0
413.0
193.0
284.0
318.0
111.0
274.0
388.0
306.0
312.0
224.0
396.0
363.0
267.0
369.0
320.0
278.0
142.0
350.0
393.0
98.0
333.0
500.0
121.0
458.0
372.0
241.0
259.0
400.0
432.0
298.0
329.0
185.0
500.0
394.0
419.0
136.0
376.0
400.0
247.0
190.0
291.0
299.0
161.0
335.0
471.0
379.0
280.0
306.0
302.0
337.0
122.0
415.0
357.0
327.0
394.0
202.0
280.0
434.0
369.0
380.0
500.0
327.0
454.0
349.0
252.0
290.0
121.0
291.0
223.0
392.0
291.0
465.0
341.0
256.0
305.0
418.0
220.0
292.0
327.0
306.0
282.0
279.0
293.0
293.0
351.0
216.0
305.0
293.0
395.0
328.0
264.0
500.0
258.0
312.0
248.0
287.0
278.0
234.0
326.0
451.0
343.0
294.0
285.0
255.0
369.0
369.0
230.0
175.0
303.0
464.0
303.0
260.0
304.0
451.0
500.0
500.0
252.0
487.0
123.0
289.0
188.0
305.0
466.0
380.0
459.0
500.0
425.0
500.0
177.0
498.0
500.0
332.0
482.0
302.0
305.0
234.0
341.0
352.0
348.0
273.0
367.0
289.0
410.0
355.0
321.0
340.0
425.0
346.0
476.0
310.0
318.0
225.0
365.0
373.0
242.0
244.0
355.0
342.0
330.0
262.0
282.0
279.0
295.0
273.0
500.0
235.0
295.0
291.0
258.0
398.0
306.0
310.0
202.0
284.0
241.0
257.0
98.0
352.0
404.0
376.0
258.0
334.0
411.0
267.0
348.0
329.0
365.0
293.0
399.0
233.0
319.0
230.0
346.0
303.0
364.0
363.0
277.0
261.0
133.0
478.0
177.0
267.0
111.0
319.0
283.0
286.0
261.0
318.0
345.0
324.0
253.0
264.0
358.0
369.0
207.0
132.0
235.0
421.0
298.0
373.0
296.0
255.0
333.0
264.0
307.0
338.0
348.0
375.0
288.0
320.0
267.0
463.0
285.0
500.0
324.0
376.0
408.0
398.0
345.0
254.0
257.0
471.0
347.0
106.0
257.0
201.0
319.0
312.0
433.0
131.0
433.0
242.0
339.0
409.0
235.0
410.0
399.0
409.0
304.0
282.0
133.0
253.0
348.0
277.0
327.0
309.0
326.0
333.0
221.0
407.0
313.0
334.0
357.0
287.0
254.0
282.0
403.0
316.0
295.0
423.0
389.0
320.0
338.0
376.0
286.0
241.0
274.0
408.0
424.0
273.0
396.0
388.0
401.0
285.0
241.0
423.0
416.0
310.0
273.0
269.0
353.0
323.0
313.0
197.0
452.0
250.0
382.0
332.0
487.0
340.0
365.0
404.0
281.0
270.0
315.0
415.0
323.0
484.0
254.0
257.0
374.0
329.0
420.0
287.0
348.0
312.0
269.0
318.0
343.0
318.0
350.0
390.0
400.0
295.0
464.0
327.0
360.0
357.0
333.0
286.0
268.0
341.0
353.0
347.0
403.0
368.0
209.0
291.0
340.0
275.0
291.0
258.0
402.0
267.0
135.0
242.0
286.0
331.0
314.0
263.0
252.0
331.0
314.0
315.0
327.0
292.0
442.0
281.0
309.0
228.0
363.0
334.0
224.0
233.0
277.0
439.0
266.0
338.0
181.0
365.0
255.0
304.0
318.0
362.0
300.0
289.0
313.0
305.0
344.0
210.0
219.0
194.0
184.0
290.0
336.0
331.0
339.0
306.0
297.0
301.0
219.0
291.0
279.0
461.0
319.0
377.0
253.0
396.0
326.0
244.0
210.0
280.0
377.0
244.0
379.0
308.0
322.0
248.0
101.0
249.0
343.0
404.0
315.0
300.0
343.0
323.0
375.0
227.0
318.0
178.0
307.0
271.0
359.0
416.0
312.0
259.0
340.0
245.0
284.0
271.0
366.0
336.0
231.0
225.0
393.0
268.0
217.0
282.0
308.0
266.0
490.0
338.0
255.0
297.0
356.0
316.0
388.0
322.0
320.0
303.0
394.0
302.0
295.0
189.0
240.0
258.0
235.0
333.0
303.0
301.0
301.0
411.0
251.0
366.0
296.0
270.0
290.0
385.0
347.0
296.0
332.0
132.0
233.0
326.0
276.0
377.0
276.0
370.0
355.0
224.0
331.0
229.0
271.0
494.0
254.0
401.0
296.0
328.0
500.0
305.0
427.0
376.0
382.0
373.0
237.0
221.0
389.0
51.0
194.0
342.0
415.0
230.0
258.0
305.0
311.0
304.0
423.0
392.0
341.0
334.0
389.0
357.0
316.0
266.0
352.0
471.0
293.0
277.0
282.0
85.0
279.0
232.0
403.0
322.0
208.0
318.0
304.0
434.0
263.0
409.0
268.0
293.0
290.0
308.0
258.0
245.0
330.0
256.0
299.0
263.0
281.0
316.0
251.0
362.0
244.0
270.0
234.0
343.0
266.0
345.0
389.0
310.0
443.0
308.0
394.0
243.0
332.0
320.0
336.0
258.0
136.0
338.0
275.0
447.0
361.0
242.0
215.0
306.0
397.0
189.0
292.0
261.0
299.0
309.0
264.0
340.0
472.0
335.0
258.0
410.0
500.0
464.0
277.0
393.0
304.0
309.0
238.0
307.0
387.0
280.0
332.0
336.0
227.0
324.0
426.0
350.0
366.0
303.0
309.0
342.0
306.0
293.0
346.0
254.0
352.0
405.0
311.0
357.0
422.0
374.0
390.0
281.0
260.0
374.0
346.0
336.0
218.0
261.0
266.0
331.0
433.0
237.0
193.0
340.0
208.0
346.0
319.0
338.0
276.0
397.0
348.0
348.0
315.0
201.0
282.0
304.0
418.0
388.0
346.0
311.0
240.0
476.0
268.0
274.0
339.0
313.0
293.0
286.0
309.0
333.0
314.0
212.0
282.0
347.0
476.0
308.0
272.0
199.0
304.0
383.0
287.0
288.0
248.0
343.0
314.0
277.0
338.0
453.0
370.0
284.0
38.0
284.0
320.0
396.0
366.0
318.0
369.0
346.0
299.0
248.0
363.0
213.0
322.0
265.0
356.0
316.0
225.0
254.0
261.0
392.0
426.0
306.0
386.0
301.0
256.0
294.0
312.0
299.0
336.0
255.0
304.0
296.0
268.0
336.0
298.0
217.0
314.0
332.0
242.0
265.0
406.0
226.0
391.0
200.0
369.0
298.0
272.0
322.0
331.0
337.0
392.0
406.0
211.0
312.0
285.0
214.0
336.0
388.0
237.0
323.0
295.0
361.0
406.0
278.0
347.0
326.0
246.0
352.0
250.0
459.0
307.0
299.0
357.0
304.0
392.0
338.0
99.0
334.0
374.0
384.0
261.0
298.0
218.0
460.0
216.0
336.0
367.0
168.0
280.0
224.0
317.0
328.0
254.0
221.0
335.0
316.0
244.0
336.0
415.0
260.0
414.0
255.0
412.0
238.0
269.0
312.0
288.0
276.0
251.0
294.0
342.0
266.0
364.0
280.0
290.0
367.0
366.0
325.0
396.0
258.0
272.0
242.0
241.0
419.0
383.0
440.0
304.0
205.0
260.0
264.0
301.0
286.0
262.0
365.0
358.0
270.0
490.0
292.0
348.0
350.0
241.0
192.0
308.0
280.0
302.0
353.0
350.0
367.0
348.0
382.0
323.0
253.0
396.0
374.0
334.0
329.0
277.0
320.0
311.0
495.0
208.0
290.0
444.0
312.0
248.0
268.0
492.0
273.0
374.0
273.0
250.0
349.0
299.0
279.0
268.0
385.0
292.0
270.0
408.0
304.0
254.0
319.0
212.0
264.0
383.0
407.0
424.0
327.0
369.0
281.0
350.0
261.0
360.0
411.0
272.0
369.0
228.0
313.0
274.0
215.0
317.0
317.0
232.0
264.0
296.0
217.0
291.0
362.0
297.0
260.0
221.0
313.0
237.0
327.0
232.0
326.0
206.0
368.0
249.0
345.0
346.0
268.0
298.0
293.0
419.0
408.0
293.0
319.0
243.0
211.0
225.0
371.0
317.0
376.0
276.0
304.0
312.0
206.0
224.0
389.0
297.0
335.0
241.0
260.0
348.0
474.0
469.0
251.0
251.0
298.0
306.0
432.0
342.0
318.0
221.0
360.0
364.0
285.0
303.0
307.0
286.0
448.0
282.0
328.0
433.0
231.0
330.0
323.0
202.0
289.0
420.0
429.0
268.0
281.0
325.0
222.0
293.0
277.0
426.0
308.0
328.0
387.0
376.0
237.0
351.0
347.0
325.0
276.0
358.0
428.0
459.0
408.0
333.0
274.0
231.0
264.0
363.0
327.0
276.0
206.0
352.0
291.0
331.0
241.0
216.0
298.0
361.0
382.0
325.0
342.0
236.0
398.0
375.0
378.0
345.0
220.0
326.0
333.0
473.0
392.0
417.0
230.0
370.0
249.0
399.0
500.0
225.0
283.0
220.0
326.0
368.0
327.0
266.0
267.0
232.0
355.0
299.0
204.0
309.0
342.0
310.0
359.0
311.0
466.0
283.0
301.0
214.0
316.0
297.0
205.0
315.0
315.0
296.0
245.0
290.0
233.0
387.0
464.0
233.0
258.0
300.0
300.0
351.0
347.0
333.0
298.0
500.0
398.0
386.0
347.0
335.0
320.0
263.0
273.0
281.0
304.0
301.0
364.0
268.0
373.0
335.0
326.0
349.0
229.0
312.0
378.0
269.0
191.0
293.0
302.0
305.0
395.0
280.0
359.0
341.0
283.0
278.0
161.0
297.0
251.0
371.0
431.0
196.0
329.0
288.0
273.0
413.0
259.0
439.0
282.0
274.0
245.0
317.0
312.0
395.0
186.0
360.0
186.0
283.0
224.0
242.0
238.0
278.0
290.0
288.0
404.0
285.0
257.0
271.0
237.0
453.0
346.0
500.0
324.0
294.0
315.0
382.0
350.0
345.0
362.0
255.0
231.0
407.0
216.0
269.0
375.0
259.0
345.0
275.0
499.0
388.0
406.0
341.0
261.0
382.0
230.0
331.0
183.0
260.0
360.0
278.0
257.0
306.0
308.0
264.0
200.0
272.0
401.0
330.0
232.0
399.0
318.0
227.0
280.0
276.0
215.0
288.0
325.0
411.0
224.0
317.0
231.0
364.0
320.0
267.0
268.0
308.0
283.0
239.0
281.0
420.0
324.0
423.0
458.0
318.0
420.0
430.0
453.0
337.0
368.0
284.0
320.0
335.0
28.0
300.0
312.0
115.0
399.0
413.0
235.0
290.0
279.0
500.0
406.0
497.0
242.0
276.0
221.0
292.0
347.0
266.0
375.0
212.0
288.0
76.0
229.0
271.0
347.0
292.0
258.0
207.0
275.0
254.0
381.0
296.0
305.0
332.0
396.0
475.0
500.0
377.0
378.0
288.0
362.0
320.0
408.0
311.0
349.0
397.0
277.0
215.0
378.0
378.0
319.0
205.0
349.0
309.0
245.0
274.0
297.0
268.0
266.0
249.0
376.0
232.0
112.0
307.0
325.0
318.0
284.0
277.0
257.0
336.0
255.0
310.0
233.0
372.0
353.0
280.0
279.0
338.0
404.0
347.0
338.0
398.0
344.0
463.0
340.0
269.0
263.0
332.0
301.0
229.0
284.0
281.0
379.0
285.0
268.0
455.0
270.0
500.0
296.0
451.0
308.0
238.0
500.0
253.0
295.0
276.0
296.0
254.0
282.0
384.0
280.0
216.0
379.0
303.0
382.0
245.0
340.0
240.0
361.0
251.0
341.0
304.0
407.0
313.0
500.0
299.0
369.0
308.0
253.0
309.0
247.0
241.0
330.0
462.0
493.0
325.0
317.0
388.0
299.0
252.0
279.0
292.0
286.0
344.0
348.0
339.0
343.0
286.0
365.0
191.0
216.0
352.0
311.0
278.0
288.0
319.0
326.0
205.0
289.0
500.0
435.0
352.0
237.0
335.0
360.0
252.0
374.0
454.0
250.0
409.0
306.0
420.0
245.0
240.0
285.0
296.0
273.0
455.0
233.0
438.0
97.0
379.0
311.0
316.0
218.0
314.0
245.0
449.0
500.0
374.0
338.0
240.0
204.0
404.0
280.0
39.0
319.0
436.0
327.0
354.0
283.0
297.0
358.0
276.0
377.0
282.0
290.0
392.0
295.0
355.0
372.0
220.0
236.0
392.0
472.0
317.0
292.0
441.0
213.0
198.0
306.0
388.0
372.0
288.0
322.0
290.0
241.0
500.0
329.0
326.0
310.0
323.0
294.0
500.0
338.0
490.0
301.0
340.0
289.0
500.0
282.0
396.0
334.0
484.0
249.0
378.0
292.0
382.0
280.0
212.0
236.0
305.0
368.0
315.0
189.0
251.0
432.0
304.0
406.0
290.0
305.0
360.0
465.0
402.0
442.0
310.0
335.0
348.0
384.0
309.0
204.0
371.0
400.0
372.0
311.0
212.0
466.0
53.0
406.0
277.0
356.0
214.0
263.0
308.0
282.0
459.0
248.0
246.0
349.0
416.0
281.0
297.0
500.0
348.0
392.0
413.0
310.0
324.0
292.0
269.0
329.0
406.0
278.0
426.0
230.0
500.0
314.0
339.0
368.0
335.0
291.0
241.0
245.0
360.0
249.0
308.0
414.0
318.0
258.0
405.0
500.0
369.0
356.0
420.0
250.0
303.0
296.0
232.0
279.0
467.0
285.0
500.0
342.0
429.0
271.0
302.0
224.0
340.0
246.0
106.0
500.0
326.0
500.0
279.0
304.0
202.0
274.0
495.0
286.0
300.0
362.0
292.0
268.0
346.0
251.0
316.0
303.0
279.0
368.0
277.0
407.0
281.0
432.0
426.0
227.0
259.0
351.0
100.0
349.0
424.0
500.0
342.0
302.0
359.0
199.0
325.0
330.0
393.0
382.0
500.0
153.0
314.0
315.0
260.0
299.0
447.0
445.0
261.0
327.0
357.0
303.0
468.0
341.0
500.0
266.0
299.0
389.0
186.0
158.0
267.0
281.0
226.0
336.0
380.0
341.0
256.0
166.0
307.0
376.0
377.0
285.0
128.0
251.0
264.0
324.0
223.0
104.0
178.0
347.0
233.0
222.0
306.0
417.0
165.0
236.0
224.0
162.0
204.0
150.0
330.0
204.0
187.0
256.0
321.0
102.0
91.0
156.0
152.0
173.0
79.0
162.0
101.0
318.0
218.0
174.0
400.0
277.0
246.0
146.0
266.0
130.0
189.0
205.0
180.0
104.0
232.0
214.0
288.0
446.0
230.0
217.0
228.0
248.0
234.0
284.0
288.0
348.0
273.0
251.0
196.0
275.0
155.0
297.0
287.0
241.0
194.0
231.0
205.0
339.0
246.0
275.0
327.0
269.0
212.0
227.0
140.0
226.0
434.0
218.0
196.0
228.0
259.0
132.0
291.0
199.0
278.0
203.0
182.0
214.0
339.0
245.0
291.0
248.0
278.0
277.0
236.0
308.0
215.0
269.0
238.0
216.0
316.0
376.0
238.0
302.0
249.0
196.0
172.0
275.0
193.0
253.0
200.0
295.0
228.0
231.0
357.0
257.0
500.0
89.0
282.0
276.0
403.0
296.0
312.0
344.0
302.0
195.0
477.0
207.0
287.0
338.0
268.0
310.0
500.0
417.0
434.0
362.0
348.0
246.0
326.0
298.0
500.0
297.0
160.0
474.0
301.0
236.0
232.0
269.0
340.0
311.0
309.0
230.0
458.0
259.0
319.0
250.0
272.0
385.0
219.0
259.0
248.0
228.0
221.0
295.0
418.0
154.0
336.0
117.0
221.0
200.0
176.0
140.0
212.0
408.0
186.0
204.0
263.0
330.0
298.0
123.0
304.0
206.0
188.0
232.0
212.0
338.0
178.0
318.0
190.0
311.0
191.0
232.0
222.0
169.0
243.0
235.0
240.0
139.0
284.0
156.0
300.0
142.0
136.0
266.0
285.0
202.0
110.0
222.0
255.0
264.0
198.0
299.0
213.0
270.0
267.0
62.0
176.0
262.0
266.0
438.0
286.0
275.0
240.0
223.0
160.0
138.0
289.0
246.0
319.0
394.0
214.0
250.0
485.0
256.0
198.0
221.0
162.0
296.0
184.0
266.0
165.0
179.0
164.0
195.0
244.0
188.0
383.0
250.0
199.0
318.0
154.0
176.0
105.0
142.0
136.0
184.0
322.0
157.0
139.0
290.0
239.0
196.0
369.0
497.0
373.0
171.0
269.0
257.0
275.0
191.0
213.0
171.0
132.0
353.0
166.0
268.0
229.0
269.0
158.0
263.0
268.0
281.0
319.0
301.0
267.0
346.0
221.0
219.0
345.0
295.0
299.0
235.0
216.0
246.0
231.0
281.0
249.0
230.0
386.0
197.0
291.0
418.0
302.0
254.0
288.0
333.0
196.0
227.0
259.0
194.0
243.0
236.0
315.0
271.0
238.0
209.0
288.0
307.0
209.0
339.0
436.0
255.0
345.0
280.0
194.0
192.0
273.0
314.0
217.0
221.0
260.0
276.0
263.0
241.0
250.0
205.0
237.0
247.0
240.0
245.0
187.0
278.0
321.0
232.0
173.0
266.0
151.0
495.0
331.0
199.0
301.0
289.0
342.0
245.0
271.0
189.0
313.0
259.0
390.0
318.0
301.0
296.0
282.0
257.0
417.0
334.0
271.0
156.0
285.0
283.0
229.0
286.0
257.0
219.0
296.0
225.0
183.0
321.0
240.0
221.0
362.0
284.0
182.0
192.0
278.0
364.0
149.0
280.0
271.0
290.0
231.0
165.0
185.0
234.0
298.0
247.0
237.0
52.0
159.0
429.0
239.0
319.0
219.0
215.0
340.0
272.0
302.0
148.0
216.0
281.0
301.0
178.0
327.0
147.0
138.0
131.0
112.0
203.0
219.0
252.0
192.0
148.0
118.0
171.0
221.0
245.0
179.0
212.0
241.0
133.0
125.0
223.0
215.0
278.0
195.0
192.0
88.0
150.0
176.0
157.0
121.0
199.0
220.0
219.0
150.0
262.0
278.0
170.0
277.0
108.0
224.0
185.0
239.0
245.0
238.0
210.0
121.0
93.0
225.0
235.0
191.0
216.0
188.0
191.0
114.0
175.0
339.0
194.0
88.0
232.0
292.0
172.0
289.0
146.0
198.0
168.0
249.0
106.0
258.0
149.0
364.0
90.0
142.0
208.0
172.0
196.0
321.0
165.0
343.0
198.0
192.0
317.0
277.0
158.0
188.0
218.0
309.0
161.0
142.0
299.0
153.0
194.0
196.0
182.0
187.0
244.0
207.0
117.0
86.0
241.0
200.0
410.0
186.0
243.0
116.0
149.0
235.0
75.0
130.0
236.0
158.0
56.0
182.0
168.0
134.0
152.0
108.0
153.0
148.0
201.0
198.0
99.0
164.0
156.0
239.0
102.0
150.0
212.0
129.0
155.0
214.0
159.0
254.0
136.0
466.0
277.0
210.0
130.0
242.0
183.0
176.0
182.0
73.0
212.0
156.0
247.0
241.0
298.0
167.0
149.0
254.0
100.0
136.0
164.0
248.0
380.0
186.0
198.0
187.0
214.0
305.0
163.0
120.0
299.0
428.0
176.0
299.0
163.0
234.0
240.0
199.0
138.0
238.0
45.0
354.0
164.0
213.0
284.0
107.0
110.0
292.0
151.0
200.0
233.0
131.0
134.0
126.0
209.0
210.0
304.0
239.0
156.0
283.0
278.0
224.0
169.0
166.0
112.0
216.0
244.0
216.0
430.0
122.0
122.0
306.0
188.0
236.0
219.0
243.0
271.0
335.0
284.0
159.0
206.0
130.0
289.0
154.0
387.0
199.0
183.0
110.0
264.0
219.0
181.0
202.0
107.0
106.0
257.0
432.0
123.0
240.0
309.0
356.0
154.0
209.0
120.0
200.0
366.0
158.0
207.0
107.0
177.0
159.0
219.0
184.0
500.0
208.0
216.0
241.0
146.0
250.0
98.0
136.0
286.0
205.0
108.0
161.0
218.0
231.0
318.0
211.0
235.0
103.0
229.0
124.0
240.0
216.0
248.0
216.0
320.0
333.0
290.0
214.0
180.0
243.0
141.0
164.0
248.0
200.0
282.0
142.0
222.0
194.0
356.0
165.0
213.0
290.0
222.0
211.0
233.0
110.0
430.0
422.0
186.0
246.0
193.0
228.0
240.0
113.0
158.0
113.0
134.0
262.0
108.0
252.0
212.0
210.0
243.0
149.0
486.0
284.0
192.0
172.0
413.0
238.0
118.0
185.0
131.0
232.0
111.0
242.0
126.0
196.0
277.0
297.0
350.0
233.0
115.0
263.0
196.0
295.0
169.0
306.0
296.0
126.0
226.0
125.0
187.0
296.0
139.0
113.0
423.0
196.0
410.0
138.0
317.0
132.0
198.0
164.0
125.0
365.0
208.0
132.0
249.0
139.0
210.0
295.0
125.0
103.0
132.0
165.0
283.0
232.0
227.0
220.0
244.0
105.0
159.0
115.0
324.0
233.0
152.0
162.0
207.0
318.0
154.0
142.0
265.0
315.0
181.0
297.0
321.0
254.0
247.0
173.0
228.0
230.0
166.0
228.0
245.0
264.0
303.0
255.0
184.0
189.0
186.0
360.0
286.0
200.0
213.0
182.0
293.0
240.0
162.0
146.0
288.0
199.0
213.0
226.0
144.0
160.0
195.0
291.0
217.0
165.0
114.0
186.0
170.0
308.0
125.0
244.0
191.0
206.0
159.0
148.0
247.0
245.0
185.0
183.0
223.0
317.0
241.0
132.0
153.0
169.0
114.0
94.0
100.0
211.0
220.0
237.0
130.0
113.0
172.0
165.0
217.0
108.0
219.0
167.0
276.0
171.0
222.0
194.0
232.0
285.0
189.0
129.0
185.0
249.0
193.0
259.0
255.0
205.0
114.0
251.0
339.0
220.0
218.0
267.0
105.0
174.0
201.0
248.0
220.0
219.0
359.0
171.0
123.0
189.0
223.0
107.0
232.0
168.0
256.0
140.0
183.0
156.0
109.0
266.0
115.0
127.0
500.0
213.0
233.0
243.0
233.0
205.0
210.0
190.0
259.0
201.0
222.0
212.0
146.0
233.0
252.0
210.0
170.0
194.0
115.0
181.0
185.0
500.0
226.0
149.0
248.0
203.0
152.0
246.0
222.0
168.0
246.0
295.0
219.0
134.0
196.0
242.0
119.0
116.0
171.0
158.0
257.0
139.0
196.0
255.0
228.0
249.0
343.0
210.0
238.0
147.0
274.0
204.0
169.0
221.0
119.0
163.0
165.0
150.0
190.0
193.0
142.0
142.0
128.0
305.0
171.0
217.0
188.0
174.0
144.0
138.0
242.0
186.0
221.0
164.0
216.0
137.0
164.0
229.0
187.0
189.0
184.0
224.0
266.0
201.0
190.0
176.0
201.0
98.0
256.0
176.0
116.0
137.0
288.0
200.0
176.0
192.0
210.0
237.0
117.0
145.0
140.0
122.0
228.0
164.0
174.0
170.0
123.0
182.0
79.0
121.0
237.0
224.0
209.0
229.0
434.0
228.0
282.0
25.0
220.0
299.0
187.0
105.0
352.0
205.0
201.0
181.0
173.0
231.0
237.0
270.0
189.0
240.0
181.0
151.0
218.0
198.0
236.0
199.0
212.0
220.0
185.0
242.0
121.0
181.0
256.0
237.0
171.0
240.0
316.0
343.0
136.0
202.0
197.0
71.0
266.0
257.0
146.0
185.0
135.0
172.0
189.0
144.0
256.0
323.0
301.0
201.0
179.0
195.0
214.0
106.0
247.0
166.0
137.0
325.0
106.0
289.0
198.0
339.0
173.0
128.0
169.0
210.0
45.0
179.0
225.0
154.0
96.0
148.0
134.0
500.0
117.0
259.0
111.0
131.0
119.0
361.0
307.0
208.0
258.0
343.0
106.0
130.0
202.0
163.0
262.0
209.0
153.0
180.0
113.0
211.0
95.0
117.0
195.0
247.0
177.0
119.0
201.0
159.0
132.0
229.0
225.0
208.0
322.0
128.0
177.0
102.0
230.0
302.0
216.0
259.0
179.0
230.0
298.0
222.0
339.0
453.0
348.0
165.0
156.0
190.0
263.0
213.0
195.0
139.0
136.0
301.0
193.0
132.0
303.0
215.0
121.0
261.0
127.0
169.0
214.0
208.0
223.0
154.0
278.0
131.0
133.0
237.0
155.0
150.0
190.0
205.0
137.0
128.0
258.0
345.0
129.0
146.0
326.0
261.0
137.0
233.0
212.0
201.0
263.0
141.0
143.0
278.0
60.0
177.0
227.0
210.0
363.0
184.0
219.0
136.0
175.0
201.0
95.0
170.0
304.0
326.0
172.0
305.0
165.0
164.0
154.0
266.0
424.0
188.0
244.0
128.0
158.0
207.0
252.0
190.0
213.0
185.0
229.0
214.0
129.0
109.0
165.0
136.0
153.0
241.0
283.0
252.0
189.0
333.0
201.0
248.0
110.0
231.0
288.0
205.0
215.0
143.0
222.0
219.0
188.0
213.0
264.0
162.0
223.0
250.0
141.0
177.0
187.0
301.0
348.0
171.0
116.0
156.0
206.0
214.0
261.0
231.0
114.0
226.0
238.0
220.0
267.0
279.0
228.0
152.0
272.0
186.0
233.0
319.0
251.0
239.0
185.0
206.0
239.0
231.0
215.0
186.0
181.0
201.0
226.0
131.0
216.0
283.0
267.0
122.0
260.0
219.0
140.0
437.0
209.0
115.0
319.0
188.0
123.0
166.0
289.0
226.0
198.0
268.0
110.0
298.0
251.0
145.0
209.0
236.0
279.0
162.0
164.0
108.0
179.0
180.0
188.0
209.0
254.0
224.0
246.0
124.0
268.0
203.0
177.0
227.0
272.0
208.0
256.0
228.0
273.0
99.0
249.0
184.0
315.0
243.0
380.0
100.0
101.0
279.0
122.0
359.0
218.0
171.0
76.0
153.0
147.0
247.0
223.0
210.0
329.0
261.0
187.0
272.0
251.0
205.0
125.0
188.0
181.0
209.0
93.0
205.0
180.0
203.0
113.0
188.0
171.0
293.0
220.0
230.0
359.0
138.0
188.0
362.0
193.0
150.0
167.0
278.0
232.0
167.0
215.0
219.0
396.0
182.0
233.0
255.0
201.0
306.0
157.0
184.0
245.0
236.0
309.0
239.0
358.0
81.0
113.0
216.0
188.0
345.0
214.0
239.0
273.0
397.0
241.0
216.0
115.0
189.0
242.0
203.0
203.0
137.0
102.0
189.0
224.0
264.0
271.0
138.0
236.0
219.0
274.0
127.0
189.0
206.0
114.0
261.0
219.0
295.0
213.0
417.0
234.0
91.0
213.0
395.0
293.0
257.0
247.0
222.0
263.0
159.0
248.0
203.0
238.0
113.0
312.0
123.0
201.0
81.0
231.0
178.0
199.0
148.0
301.0
209.0
155.0
193.0
116.0
336.0
209.0
154.0
320.0
175.0
108.0
238.0
245.0
313.0
201.0
192.0
178.0
291.0
159.0
192.0
164.0
225.0
226.0
161.0
280.0
137.0
203.0
216.0
275.0
161.0
175.0
215.0
183.0
110.0
304.0
182.0
159.0
171.0
111.0
284.0
244.0
103.0
140.0
213.0
237.0
192.0
172.0
124.0
241.0
180.0
119.0
382.0
277.0
195.0
189.0
187.0
88.0
357.0
198.0
196.0
182.0
230.0
242.0
132.0
327.0
266.0
262.0
201.0
230.0
141.0
161.0
198.0
331.0
208.0
108.0
248.0
149.0
185.0
253.0
117.0
206.0
227.0
337.0
197.0
191.0
168.0
128.0
334.0
271.0
129.0
191.0
146.0
262.0
208.0
281.0
126.0
259.0
349.0
223.0
231.0
211.0
166.0
211.0
277.0
141.0
182.0
186.0
222.0
171.0
227.0
214.0
218.0
138.0
92.0
185.0
144.0
140.0
201.0
374.0
140.0
217.0
272.0
228.0
235.0
325.0
209.0
71.0
278.0
202.0
342.0
199.0
189.0
184.0
221.0
260.0
349.0
245.0
205.0
162.0
217.0
207.0
250.0
148.0
269.0
304.0
238.0
198.0
194.0
290.0
215.0
240.0
252.0
216.0
153.0
211.0
202.0
119.0
304.0
141.0
232.0
147.0
181.0
269.0
196.0
183.0
277.0
251.0
282.0
201.0
241.0
251.0
211.0
114.0
99.0
187.0
252.0
221.0
237.0
194.0
194.0
208.0
256.0
202.0
154.0
154.0
289.0
206.0
132.0
293.0
102.0
245.0
211.0
207.0
195.0
144.0
268.0
180.0
201.0
178.0
192.0
255.0
151.0
96.0
173.0
335.0
312.0
208.0
123.0
206.0
247.0
291.0
211.0
188.0
120.0
331.0
131.0
152.0
238.0
252.0
248.0
167.0
130.0
312.0
259.0
218.0
231.0
130.0
168.0
132.0
226.0
210.0
119.0
138.0
364.0
214.0
229.0
277.0
265.0
219.0
303.0
213.0
148.0
298.0
210.0
184.0
150.0
136.0
223.0
247.0
134.0
170.0
262.0
172.0
190.0
142.0
238.0
157.0
231.0
223.0
184.0
500.0
104.0
170.0
148.0
191.0
202.0
133.0
74.0
151.0
196.0
194.0
231.0
233.0
212.0
118.0
101.0
169.0
226.0
246.0
146.0
237.0
166.0
244.0
173.0
191.0
224.0
169.0
199.0
151.0
201.0
267.0
248.0
229.0
233.0
100.0
253.0
142.0
248.0
262.0
172.0
116.0
210.0
116.0
108.0
197.0
267.0
158.0
230.0
286.0
321.0
203.0
238.0
207.0
258.0
203.0
136.0
257.0
240.0
184.0
152.0
242.0
216.0
168.0
98.0
96.0
111.0
188.0
142.0
220.0
122.0
259.0
138.0
231.0
96.0
151.0
332.0
182.0
239.0
148.0
189.0
321.0
109.0
152.0
212.0
225.0
121.0
281.0
246.0
141.0
118.0
140.0
163.0
224.0
185.0
231.0
203.0
327.0
240.0
325.0
104.0
297.0
269.0
208.0
206.0
301.0
165.0
247.0
244.0
242.0
236.0
228.0
181.0
271.0
183.0
245.0
113.0
216.0
255.0
125.0
284.0
183.0
231.0
204.0
250.0
218.0
288.0
148.0
124.0
232.0
211.0
191.0
297.0
173.0
256.0
277.0
333.0
182.0
151.0
222.0
238.0
211.0
169.0
177.0
231.0
160.0
141.0
261.0
222.0
213.0
231.0
100.0
500.0
219.0
344.0
158.0
205.0
248.0
246.0
157.0
145.0
220.0
160.0
263.0
155.0
185.0
334.0
226.0
272.0
187.0
211.0
266.0
246.0
207.0
263.0
63.0
172.0
386.0
148.0
155.0
350.0
240.0
181.0
257.0
239.0
201.0
177.0
165.0
243.0
232.0
223.0
193.0
228.0
252.0
500.0
298.0
163.0
202.0
245.0
195.0
163.0
210.0
243.0
196.0
131.0
250.0
240.0
396.0
216.0
154.0
179.0
219.0
304.0
133.0
196.0
215.0
225.0
199.0
256.0
301.0
178.0
98.0
142.0
175.0
319.0
206.0
237.0
143.0
282.0
108.0
164.0
226.0
146.0
173.0
211.0
271.0
202.0
227.0
222.0
166.0
218.0
223.0
94.0
221.0
193.0
229.0
145.0
194.0
260.0
114.0
174.0
280.0
173.0
163.0
69.0
153.0
270.0
188.0
148.0
179.0
245.0
187.0
198.0
118.0
192.0
188.0
197.0
192.0
118.0
188.0
295.0
288.0
154.0
174.0
226.0
192.0
155.0
195.0
258.0
96.0
230.0
270.0
245.0
329.0
179.0
244.0
237.0
150.0
184.0
208.0
195.0
142.0
124.0
144.0
206.0
172.0
127.0
154.0
311.0
101.0
224.0
242.0
206.0
214.0
159.0
293.0
237.0
69.0
232.0
225.0
155.0
246.0
192.0
146.0
163.0
186.0
147.0
153.0
220.0
212.0
194.0
168.0
205.0
168.0
192.0
154.0
199.0
241.0
184.0
238.0
186.0
181.0
177.0
281.0
141.0
228.0
125.0
378.0
188.0
112.0
261.0
306.0
196.0
215.0
226.0
212.0
218.0
184.0
315.0
183.0
186.0
178.0
252.0
279.0
205.0
195.0
196.0
254.0
158.0
163.0
224.0
125.0
338.0
126.0
196.0
237.0
249.0
104.0
274.0
275.0
221.0
272.0
269.0
196.0
172.0
212.0
202.0
147.0
221.0
199.0
194.0
223.0
171.0
220.0
154.0
295.0
152.0
207.0
249.0
194.0
401.0
145.0
153.0
315.0
142.0
354.0
222.0
177.0
237.0
123.0
203.0
230.0
250.0
109.0
226.0
207.0
154.0
217.0
144.0
95.0
250.0
211.0
232.0
168.0
227.0
181.0
142.0
249.0
188.0
227.0
194.0
295.0
204.0
163.0
131.0
258.0
222.0
181.0
204.0
249.0
282.0
213.0
144.0
144.0
200.0
181.0
129.0
107.0
213.0
212.0
218.0
116.0
126.0
251.0
222.0
216.0
124.0
249.0
231.0
167.0
129.0
321.0
211.0
218.0
185.0
215.0
180.0
139.0
197.0
209.0
282.0
333.0
233.0
141.0
203.0
114.0
180.0
198.0
103.0
122.0
326.0
211.0
204.0
103.0
118.0
147.0
230.0
182.0
140.0
138.0
197.0
227.0
207.0
179.0
186.0
248.0
172.0
232.0
183.0
213.0
242.0
251.0
248.0
194.0
185.0
233.0
168.0
308.0
169.0
237.0
206.0
276.0
245.0
379.0
178.0
140.0
320.0
151.0
263.0
137.0
141.0
224.0
304.0
304.0
236.0
143.0
154.0
196.0
160.0
324.0
207.0
249.0
380.0
283.0
239.0
91.0
224.0
231.0
500.0
184.0
313.0
315.0
121.0
137.0
164.0
167.0
187.0
230.0
261.0
403.0
151.0
219.0
194.0
205.0
304.0
316.0
266.0
202.0
377.0
228.0
247.0
194.0
228.0
207.0
118.0
258.0
237.0
140.0
184.0
220.0
182.0
185.0
206.0
140.0
249.0
292.0
230.0
123.0
188.0
191.0
106.0
119.0
200.0
224.0
102.0
178.0
362.0
138.0
186.0
237.0
206.0
212.0
208.0
159.0
222.0
135.0
234.0
155.0
117.0
155.0
198.0
214.0
166.0
129.0
188.0
105.0
144.0
181.0
286.0
181.0
162.0
177.0
140.0
254.0
219.0
242.0
305.0
162.0
179.0
248.0
214.0
140.0
121.0
189.0
216.0
195.0
201.0
162.0
177.0
309.0
241.0
215.0
117.0
244.0
265.0
308.0
290.0
202.0
182.0
145.0
182.0
279.0
129.0
132.0
109.0
203.0
241.0
182.0
126.0
266.0
181.0
201.0
172.0
216.0
192.0
248.0
188.0
249.0
224.0
196.0
243.0
166.0
187.0
127.0
119.0
295.0
265.0
288.0
230.0
198.0
203.0
207.0
203.0
163.0
238.0
103.0
225.0
133.0
346.0
160.0
151.0
234.0
227.0
200.0
149.0
285.0
195.0
205.0
256.0
193.0
127.0
324.0
189.0
205.0
302.0
100.0
260.0
233.0
112.0
100.0
222.0
241.0
214.0
153.0
254.0
382.0
84.0
102.0
126.0
193.0
212.0
172.0
231.0
108.0
169.0
242.0
174.0
180.0
329.0
202.0
171.0
150.0
189.0
137.0
115.0
230.0
160.0
178.0
231.0
156.0
145.0
273.0
263.0
226.0
148.0
190.0
167.0
177.0
264.0
286.0
185.0
191.0
201.0
158.0
160.0
175.0
190.0
220.0
192.0
177.0
178.0
203.0
224.0
233.0
275.0
99.0
175.0
149.0
213.0
164.0
193.0
137.0
220.0
93.0
147.0
248.0
249.0
323.0
283.0
239.0
127.0
326.0
179.0
337.0
231.0
209.0
266.0
176.0
118.0
371.0
202.0
160.0
277.0
148.0
164.0
183.0
127.0
170.0
156.0
138.0
151.0
202.0
188.0
209.0
181.0
156.0
216.0
109.0
290.0
245.0
231.0
219.0
162.0
181.0
209.0
153.0
195.0
135.0
179.0
112.0
134.0
206.0
163.0
273.0
202.0
406.0
175.0
156.0
147.0
241.0
151.0
231.0
202.0
273.0
226.0
219.0
269.0
157.0
269.0
342.0
226.0
261.0
167.0
204.0
151.0
149.0
142.0
213.0
236.0
225.0
222.0
132.0
169.0
345.0
240.0
295.0
184.0
291.0
162.0
215.0
221.0
143.0
227.0
205.0
359.0
279.0
285.0
201.0
217.0
149.0
264.0
249.0
252.0
209.0
194.0
167.0
260.0
204.0
231.0
189.0
179.0
215.0
181.0
314.0
257.0
96.0
185.0
123.0
199.0
192.0
500.0
182.0
203.0
179.0
191.0
220.0
131.0
182.0
193.0
229.0
98.0
352.0
219.0
308.0
215.0
225.0
175.0
185.0
206.0
213.0
227.0
203.0
231.0
188.0
136.0
222.0
236.0
166.0
167.0
219.0
181.0
219.0
228.0
251.0
190.0
159.0
182.0
166.0
326.0
190.0
131.0
174.0
223.0
242.0
274.0
290.0
120.0
264.0
228.0
296.0
128.0
238.0
122.0
188.0
354.0
244.0
173.0
184.0
210.0
168.0
230.0
301.0
194.0
202.0
264.0
173.0
253.0
244.0
190.0
233.0
344.0
216.0
209.0
159.0
303.0
170.0
165.0
197.0
168.0
134.0
208.0
150.0
265.0
160.0
171.0
308.0
200.0
155.0
194.0
181.0
193.0
133.0
263.0
182.0
207.0
150.0
240.0
204.0
235.0
259.0
178.0
145.0
243.0
163.0
104.0
337.0
284.0
256.0
236.0
225.0
171.0
167.0
226.0
274.0
254.0
173.0
256.0
144.0
271.0
133.0
206.0
200.0
146.0
252.0
162.0
161.0
250.0
199.0
183.0
166.0
213.0
251.0
239.0
173.0
234.0
242.0
204.0
209.0
134.0
184.0
231.0
217.0
115.0
186.0
267.0
123.0
234.0
237.0
226.0
203.0
127.0
235.0
138.0
165.0
187.0
134.0
251.0
289.0
414.0
240.0
192.0
142.0
234.0
176.0
267.0
141.0
243.0
228.0
325.0
195.0
202.0
207.0
196.0
172.0
261.0
141.0
176.0
340.0
172.0
317.0
238.0
111.0
208.0
138.0
158.0
181.0
180.0
277.0
245.0
266.0
340.0
187.0
181.0
94.0
166.0
296.0
208.0
220.0
272.0
180.0
202.0
310.0
251.0
253.0
124.0
387.0
177.0
273.0
129.0
147.0
175.0
212.0
201.0
110.0
199.0
259.0
297.0
229.0
233.0
127.0
270.0
224.0
269.0
240.0
113.0
178.0
261.0
274.0
200.0
180.0
140.0
227.0
182.0
191.0
123.0
203.0
224.0
185.0
281.0
190.0
152.0
235.0
257.0
305.0
115.0
149.0
196.0
149.0
119.0
175.0
185.0
94.0
130.0
167.0
253.0
347.0
252.0
333.0
233.0
120.0
230.0
128.0
240.0
103.0
239.0
200.0
215.0
170.0
320.0
204.0
254.0
208.0
192.0
204.0
188.0
231.0
143.0
223.0
216.0
174.0
154.0
119.0
282.0
206.0
137.0
174.0
107.0
278.0
279.0
143.0
152.0
154.0
224.0
202.0
147.0
153.0
216.0
291.0
138.0
175.0
276.0
125.0
222.0
259.0
90.0
184.0
223.0
264.0
285.0
217.0
178.0
279.0
252.0
234.0
238.0
125.0
125.0
313.0
196.0
221.0
269.0
150.0
141.0
159.0
338.0
171.0
134.0
404.0
130.0
221.0
188.0
252.0
179.0
234.0
183.0
182.0
167.0
243.0
211.0
172.0
204.0
285.0
366.0
201.0
277.0
100.0
330.0
182.0
210.0
149.0
186.0
134.0
306.0
212.0
137.0
276.0
169.0
197.0
237.0
94.0
169.0
127.0
222.0
261.0
231.0
230.0
316.0
132.0
261.0
153.0
192.0
259.0
164.0
220.0
389.0
156.0
202.0
92.0
200.0
164.0
276.0
253.0
218.0
137.0
106.0
240.0
156.0
240.0
141.0
134.0
152.0
277.0
222.0
205.0
287.0
202.0
275.0
166.0
280.0
193.0
174.0
247.0
240.0
143.0
369.0
250.0
192.0
189.0
250.0
128.0
184.0
239.0
250.0
194.0
247.0
148.0
168.0
126.0
175.0
370.0
302.0
97.0
173.0
147.0
232.0
107.0
324.0
292.0
115.0
272.0
210.0
179.0
245.0
115.0
203.0
230.0
156.0
299.0
164.0
197.0
120.0
198.0
222.0
200.0
178.0
134.0
167.0
111.0
235.0
249.0
242.0
265.0
311.0
246.0
212.0
235.0
131.0
179.0
181.0
189.0
332.0
154.0
221.0
176.0
152.0
189.0
213.0
118.0
117.0
283.0
193.0
116.0
182.0
120.0
225.0
228.0
203.0
187.0
161.0
237.0
183.0
259.0
265.0
325.0
297.0
208.0
94.0
500.0
117.0
441.0
218.0
268.0
408.0
136.0
248.0
357.0
239.0
152.0
226.0
191.0
257.0
279.0
252.0
338.0
160.0
363.0
118.0
161.0
282.0
188.0
170.0
228.0
228.0
364.0
110.0
124.0
236.0
196.0
420.0
245.0
196.0
108.0
145.0
210.0
182.0
279.0
286.0
162.0
252.0
210.0
319.0
208.0
310.0
154.0
229.0
369.0
223.0
109.0
287.0
368.0
249.0
157.0
147.0
363.0
183.0
297.0
192.0
393.0
164.0
119.0
276.0
193.0
224.0
420.0
301.0
342.0
192.0
166.0
102.0
500.0
149.0
96.0
235.0
278.0
199.0
154.0
250.0
330.0
369.0
291.0
177.0
142.0
490.0
215.0
134.0
165.0
395.0
250.0
238.0
214.0
273.0
250.0
201.0
177.0
160.0
148.0
222.0
306.0
255.0
327.0
110.0
124.0
243.0
296.0
171.0
453.0
203.0
216.0
285.0
319.0
206.0
291.0
236.0
272.0
227.0
176.0
210.0
187.0
158.0
271.0
302.0
214.0
120.0
205.0
357.0
261.0
233.0
148.0
440.0
187.0
201.0
158.0
196.0
243.0
288.0
244.0
417.0
244.0
247.0
178.0
134.0
336.0
381.0
402.0
222.0
268.0
121.0
162.0
241.0
235.0
224.0
211.0
264.0
309.0
195.0
248.0
153.0
223.0
267.0
242.0
101.0
201.0
218.0
500.0
239.0
450.0
136.0
358.0
350.0
139.0
314.0
116.0
154.0
192.0
166.0
223.0
277.0
226.0
202.0
223.0
259.0
106.0
181.0
197.0
114.0
200.0
148.0
266.0
102.0
343.0
238.0
192.0
204.0
156.0
256.0
286.0
299.0
184.0
144.0
118.0
132.0
113.0
122.0
248.0
121.0
280.0
282.0
283.0
180.0
137.0
162.0
232.0
275.0
177.0
128.0
365.0
300.0
135.0
459.0
218.0
238.0
325.0
463.0
323.0
298.0
276.0
298.0
223.0
251.0
251.0
364.0
210.0
210.0
348.0
244.0
201.0
130.0
217.0
106.0
198.0
229.0
301.0
218.0
171.0
247.0
366.0
191.0
155.0
127.0
259.0
393.0
266.0
266.0
264.0
277.0
212.0
129.0
214.0
213.0
159.0
189.0
204.0
459.0
347.0
165.0
173.0
212.0
263.0
139.0
151.0
131.0
302.0
87.0
138.0
218.0
291.0
242.0
227.0
159.0
200.0
185.0
232.0
216.0
320.0
215.0
156.0
307.0
96.0
272.0
287.0
246.0
94.0
238.0
219.0
389.0
107.0
236.0
186.0
266.0
184.0
239.0
237.0
127.0
216.0
263.0
207.0
184.0
259.0
148.0
256.0
173.0
257.0
228.0
138.0
246.0
228.0
126.0
158.0
339.0
313.0
165.0
126.0
254.0
215.0
150.0
227.0
130.0
261.0
472.0
181.0
279.0
365.0
102.0
159.0
256.0
296.0
166.0
299.0
270.0
274.0
164.0
87.0
260.0
209.0
237.0
283.0
281.0
258.0
118.0
247.0
289.0
235.0
135.0
396.0
168.0
300.0
338.0
197.0
200.0
327.0
482.0
282.0
136.0
112.0
233.0
270.0
187.0
174.0
279.0
366.0
115.0
265.0
294.0
304.0
237.0
311.0
243.0
219.0
186.0
335.0
220.0
131.0
133.0
304.0
193.0
234.0
339.0
181.0
355.0
208.0
170.0
262.0
169.0
236.0
188.0
297.0
291.0
164.0
155.0
332.0
246.0
313.0
403.0
311.0
180.0
264.0
318.0
262.0
218.0
371.0
333.0
265.0
119.0
160.0
279.0
414.0
116.0
300.0
222.0
276.0
240.0
183.0
120.0
293.0
262.0
310.0
183.0
210.0
424.0
168.0
154.0
227.0
170.0
316.0
211.0
309.0
159.0
282.0
272.0
263.0
192.0
220.0
198.0
305.0
177.0
133.0
109.0
257.0
311.0
218.0
294.0
186.0
173.0
322.0
121.0
269.0
241.0
150.0
409.0
202.0
250.0
304.0
259.0
231.0
214.0
94.0
393.0
292.0
176.0
136.0
361.0
231.0
188.0
98.0
193.0
252.0
173.0
404.0
242.0
253.0
304.0
237.0
101.0
280.0
219.0
146.0
108.0
233.0
404.0
222.0
128.0
128.0
295.0
184.0
385.0
140.0
428.0
255.0
199.0
432.0
105.0
312.0
134.0
198.0
160.0
247.0
127.0
136.0
140.0
193.0
158.0
178.0
249.0
299.0
259.0
98.0
183.0
294.0
201.0
172.0
176.0
276.0
240.0
260.0
160.0
184.0
162.0
245.0
109.0
131.0
248.0
135.0
164.0
226.0
247.0
338.0
216.0
134.0
149.0
122.0
119.0
276.0
139.0
162.0
210.0
288.0
166.0
118.0
298.0
346.0
105.0
227.0
309.0
234.0
264.0
140.0
211.0
174.0
236.0
153.0
220.0
195.0
130.0
321.0
232.0
373.0
251.0
294.0
105.0
272.0
184.0
206.0
282.0
216.0
251.0
364.0
376.0
293.0
192.0
341.0
148.0
264.0
344.0
108.0
332.0
243.0
210.0
210.0
191.0
242.0
176.0
236.0
268.0
313.0
247.0
194.0
151.0
339.0
232.0
134.0
365.0
112.0
156.0
174.0
385.0
295.0
189.0
171.0
204.0
103.0
242.0
338.0
189.0
223.0
218.0
228.0
151.0
132.0
116.0
166.0
154.0
114.0
240.0
161.0
98.0
168.0
253.0
230.0
267.0
150.0
292.0
174.0
242.0
253.0
345.0
316.0
231.0
138.0
163.0
437.0
278.0
218.0
240.0
293.0
109.0
226.0
238.0
232.0
315.0
261.0
122.0
174.0
385.0
235.0
162.0
293.0
209.0
235.0
217.0
310.0
241.0
165.0
296.0
98.0
138.0
202.0
212.0
124.0
146.0
271.0
106.0
132.0
162.0
274.0
242.0
216.0
431.0
398.0
260.0
270.0
103.0
266.0
279.0
280.0
211.0
288.0
236.0
246.0
246.0
268.0
264.0
308.0
220.0
140.0
191.0
174.0
199.0
277.0
258.0
198.0
328.0
435.0
378.0
186.0
227.0
250.0
316.0
286.0
338.0
320.0
245.0
232.0
235.0
167.0
220.0
416.0
309.0
195.0
145.0
229.0
177.0
168.0
108.0
167.0
122.0
374.0
306.0
322.0
146.0
262.0
184.0
150.0
126.0
122.0
198.0
208.0
210.0
305.0
286.0
247.0
174.0
109.0
189.0
280.0
331.0
271.0
118.0
333.0
289.0
230.0
207.0
260.0
264.0
211.0
146.0
147.0
275.0
252.0
318.0
332.0
174.0
185.0
353.0
215.0
151.0
178.0
448.0
250.0
180.0
126.0
238.0
229.0
111.0
263.0
351.0
128.0
260.0
240.0
333.0
113.0
328.0
253.0
130.0
259.0
295.0
125.0
157.0
255.0
265.0
300.0
191.0
101.0
219.0
183.0
213.0
322.0
252.0
240.0
194.0
211.0
115.0
255.0
259.0
254.0
184.0
251.0
212.0
128.0
186.0
179.0
140.0
449.0
308.0
134.0
430.0
205.0
436.0
162.0
194.0
130.0
197.0
169.0
187.0
128.0
219.0
100.0
152.0
186.0
297.0
451.0
147.0
118.0
197.0
154.0
193.0
101.0
362.0
210.0
189.0
159.0
260.0
253.0
120.0
230.0
150.0
173.0
210.0
263.0
190.0
196.0
355.0
290.0
236.0
186.0
266.0
192.0
140.0
267.0
250.0
140.0
228.0
298.0
239.0
240.0
202.0
340.0
319.0
284.0
132.0
396.0
92.0
282.0
299.0
183.0
171.0
116.0
206.0
194.0
292.0
246.0
463.0
146.0
259.0
224.0
128.0
112.0
158.0
132.0
270.0
174.0
262.0
129.0
102.0
273.0
151.0
299.0
135.0
175.0
221.0
258.0
314.0
246.0
271.0
206.0
202.0
204.0
120.0
145.0
142.0
188.0
232.0
230.0
274.0
144.0
95.0
224.0
268.0
142.0
237.0
144.0
500.0
132.0
269.0
183.0
166.0
201.0
226.0
142.0
231.0
351.0
383.0
257.0
265.0
130.0
136.0
191.0
122.0
214.0
203.0
162.0
304.0
171.0
302.0
326.0
259.0
303.0
261.0
388.0
306.0
140.0
204.0
262.0
193.0
175.0
184.0
154.0
248.0
156.0
298.0
186.0
201.0
241.0
180.0
335.0
108.0
282.0
216.0
500.0
234.0
214.0
205.0
325.0
267.0
210.0
183.0
236.0
179.0
219.0
140.0
140.0
250.0
237.0
316.0
156.0
291.0
188.0
373.0
229.0
284.0
102.0
222.0
128.0
288.0
139.0
263.0
281.0
308.0
344.0
244.0
268.0
215.0
260.0
146.0
228.0
152.0
434.0
241.0
204.0
233.0
258.0
174.0
135.0
299.0
138.0
197.0
304.0
204.0
130.0
500.0
103.0
224.0
296.0
261.0
222.0
406.0
253.0
427.0
154.0
206.0
383.0
280.0
213.0
134.0
160.0
130.0
332.0
284.0
269.0
146.0
266.0
122.0
151.0
261.0
332.0
249.0
440.0
196.0
278.0
117.0
124.0
200.0
223.0
275.0
200.0
266.0
175.0
222.0
174.0
282.0
161.0
213.0
132.0
138.0
212.0
205.0
199.0
303.0
156.0
179.0
250.0
160.0
412.0
140.0
114.0
226.0
208.0
233.0
259.0
258.0
152.0
227.0
227.0
185.0
202.0
118.0
132.0
118.0
204.0
228.0
289.0
112.0
232.0
142.0
237.0
208.0
168.0
244.0
185.0
187.0
201.0
174.0
306.0
222.0
172.0
339.0
135.0
325.0
186.0
214.0
500.0
122.0
276.0
146.0
177.0
316.0
120.0
227.0
223.0
206.0
289.0
160.0
211.0
118.0
411.0
500.0
159.0
220.0
192.0
134.0
234.0
225.0
95.0
138.0
224.0
250.0
498.0
270.0
234.0
119.0
310.0
174.0
351.0
122.0
185.0
168.0
242.0
112.0
122.0
130.0
250.0
122.0
271.0
272.0
352.0
264.0
146.0
273.0
125.0
244.0
243.0
165.0
126.0
132.0
355.0
232.0
259.0
279.0
255.0
196.0
234.0
260.0
160.0
244.0
200.0
159.0
172.0
289.0
142.0
124.0
302.0
118.0
326.0
192.0
203.0
262.0
163.0
169.0
135.0
274.0
284.0
222.0
291.0
158.0
162.0
182.0
142.0
203.0
116.0
295.0
286.0
108.0
240.0
203.0
225.0
278.0
250.0
292.0
260.0
256.0
325.0
198.0
275.0
234.0
110.0
166.0
225.0
216.0
227.0
168.0
261.0
338.0
364.0
242.0
225.0
500.0
282.0
403.0
110.0
231.0
173.0
134.0
194.0
188.0
154.0
110.0
107.0
140.0
140.0
122.0
200.0
280.0
246.0
224.0
497.0
225.0
266.0
188.0
284.0
309.0
331.0
193.0
234.0
218.0
500.0
100.0
183.0
299.0
196.0
166.0
193.0
240.0
190.0
330.0
130.0
248.0
228.0
211.0
333.0
122.0
209.0
118.0
313.0
343.0
273.0
111.0
280.0
154.0
324.0
247.0
182.0
236.0
243.0
184.0
222.0
204.0
128.0
228.0
247.0
241.0
370.0
273.0
235.0
124.0
101.0
201.0
500.0
215.0
280.0
108.0
140.0
360.0
140.0
171.0
325.0
120.0
92.0
112.0
216.0
120.0
189.0
283.0
166.0
220.0
198.0
263.0
241.0
299.0
218.0
168.0
131.0
350.0
255.0
238.0
108.0
204.0
116.0
146.0
128.0
162.0
121.0
295.0
240.0
297.0
315.0
115.0
247.0
206.0
341.0
308.0
189.0
105.0
124.0
322.0
226.0
376.0
330.0
164.0
130.0
180.0
92.0
331.0
106.0
202.0
430.0
363.0
208.0
130.0
246.0
347.0
278.0
192.0
212.0
160.0
271.0
331.0
222.0
169.0
227.0
202.0
318.0
195.0
249.0
188.0
192.0
281.0
140.0
169.0
100.0
385.0
186.0
259.0
218.0
107.0
302.0
226.0
159.0
154.0
153.0
130.0
259.0
342.0
376.0
264.0
156.0
174.0
298.0
234.0
138.0
186.0
260.0
256.0
260.0
200.0
218.0
209.0
146.0
132.0
250.0
273.0
202.0
377.0
199.0
317.0
261.0
289.0
110.0
235.0
201.0
304.0
206.0
356.0
191.0
120.0
156.0
306.0
259.0
146.0
286.0
115.0
273.0
121.0
226.0
251.0
169.0
334.0
226.0
234.0
155.0
144.0
162.0
280.0
181.0
251.0
224.0
207.0
407.0
189.0
246.0
317.0
200.0
172.0
161.0
132.0
299.0
219.0
215.0
227.0
103.0
240.0
134.0
267.0
292.0
155.0
179.0
156.0
261.0
196.0
212.0
110.0
215.0
264.0
198.0
110.0
277.0
295.0
142.0
128.0
117.0
122.0
180.0
296.0
194.0
206.0
199.0
136.0
112.0
258.0
144.0
215.0
144.0
217.0
402.0
247.0
196.0
172.0
179.0
105.0
215.0
166.0
217.0
224.0
224.0
223.0
224.0
500.0
244.0
392.0
229.0
102.0
128.0
224.0
204.0
226.0
262.0
188.0
285.0
202.0
181.0
169.0
133.0
287.0
367.0
280.0
252.0
261.0
187.0
202.0
230.0
431.0
120.0
358.0
166.0
272.0
279.0
185.0
234.0
212.0
222.0
342.0
348.0
284.0
185.0
162.0
228.0
204.0
162.0
138.0
324.0
168.0
116.0
102.0
295.0
122.0
101.0
482.0
257.0
230.0
171.0
495.0
327.0
192.0
287.0
224.0
307.0
140.0
155.0
128.0
215.0
252.0
182.0
372.0
244.0
266.0
147.0
288.0
270.0
238.0
102.0
206.0
204.0
135.0
230.0
236.0
363.0
305.0
314.0
300.0
390.0
278.0
229.0
228.0
252.0
115.0
176.0
84.0
119.0
332.0
219.0
151.0
167.0
344.0
154.0
310.0
176.0
250.0
202.0
192.0
246.0
206.0
233.0
140.0
172.0
222.0
192.0
368.0
348.0
228.0
151.0
245.0
174.0
198.0
187.0
272.0
191.0
189.0
288.0
140.0
259.0
263.0
194.0
154.0
500.0
304.0
285.0
158.0
287.0
268.0
444.0
113.0
315.0
133.0
207.0
221.0
358.0
194.0
189.0
158.0
101.0
214.0
120.0
231.0
166.0
189.0
125.0
351.0
305.0
289.0
134.0
134.0
246.0
259.0
192.0
167.0
168.0
231.0
134.0
266.0
210.0
195.0
116.0
178.0
136.0
138.0
267.0
204.0
312.0
222.0
203.0
148.0
399.0
280.0
254.0
172.0
220.0
273.0
246.0
210.0
231.0
107.0
190.0
277.0
111.0
201.0
252.0
231.0
178.0
102.0
114.0
249.0
224.0
336.0
298.0
214.0
157.0
186.0
240.0
194.0
328.0
245.0
209.0
347.0
280.0
304.0
199.0
253.0
145.0
382.0
266.0
387.0
301.0
201.0
276.0
160.0
307.0
250.0
281.0
306.0
254.0
290.0
421.0
179.0
336.0
176.0
287.0
197.0
119.0
114.0
352.0
123.0
239.0
208.0
120.0
404.0
287.0
129.0
227.0
370.0
163.0
221.0
231.0
130.0
267.0
165.0
299.0
217.0
421.0
218.0
184.0
296.0
201.0
277.0
206.0
229.0
287.0
389.0
257.0
238.0
196.0
230.0
266.0
164.0
123.0
117.0
251.0
209.0
132.0
224.0
311.0
208.0
165.0
108.0
332.0
132.0
236.0
152.0
257.0
182.0
254.0
192.0
126.0
118.0
201.0
486.0
160.0
270.0
282.0
226.0
356.0
262.0
168.0
302.0
244.0
294.0
277.0
182.0
277.0
142.0
202.0
231.0
273.0
130.0
412.0
104.0
236.0
239.0
132.0
244.0
164.0
405.0
229.0
134.0
314.0
374.0
201.0
381.0
269.0
215.0
257.0
138.0
270.0
142.0
173.0
160.0
134.0
369.0
189.0
256.0
116.0
261.0
169.0
169.0
317.0
200.0
136.0
320.0
300.0
191.0
382.0
160.0
252.0
148.0
283.0
262.0
149.0
201.0
279.0
255.0
303.0
108.0
192.0
169.0
301.0
413.0
289.0
198.0
166.0
175.0
201.0
193.0
258.0
500.0
237.0
364.0
178.0
234.0
218.0
225.0
234.0
226.0
378.0
198.0
295.0
181.0
188.0
138.0
120.0
171.0
268.0
241.0
287.0
342.0
208.0
324.0
153.0
241.0
370.0
257.0
132.0
241.0
212.0
157.0
242.0
127.0
425.0
141.0
271.0
113.0
170.0
222.0
238.0
144.0
104.0
142.0
365.0
347.0
473.0
262.0
120.0
195.0
190.0
331.0
209.0
150.0
324.0
104.0
205.0
274.0
104.0
168.0
246.0
199.0
153.0
194.0
446.0
176.0
124.0
299.0
230.0
182.0
128.0
500.0
142.0
132.0
217.0
197.0
295.0
235.0
181.0
301.0
156.0
142.0
330.0
134.0
342.0
195.0
298.0
167.0
380.0
224.0
150.0
136.0
95.0
290.0
216.0
134.0
306.0
402.0
97.0
222.0
288.0
126.0
107.0
107.0
192.0
196.0
340.0
132.0
213.0
136.0
100.0
228.0
123.0
166.0
212.0
291.0
326.0
273.0
139.0
300.0
219.0
153.0
225.0
112.0
289.0
96.0
263.0
243.0
183.0
328.0
167.0
102.0
142.0
107.0
276.0
249.0
195.0
118.0
207.0
284.0
366.0
290.0
124.0
232.0
415.0
420.0
303.0
470.0
176.0
260.0
371.0
194.0
320.0
207.0
192.0
189.0
259.0
152.0
171.0
258.0
363.0
274.0
228.0
178.0
341.0
204.0
355.0
252.0
238.0
190.0
240.0
233.0
326.0
247.0
226.0
322.0
282.0
210.0
119.0
192.0
198.0
285.0
332.0
220.0
158.0
197.0
328.0
268.0
253.0
216.0
290.0
433.0
280.0
497.0
178.0
342.0
193.0
293.0
240.0
137.0
458.0
233.0
352.0
395.0
157.0
200.0
313.0
138.0
302.0
269.0
248.0
280.0
292.0
194.0
180.0
280.0
224.0
191.0
345.0
179.0
139.0
198.0
219.0
182.0
176.0
169.0
180.0
202.0
275.0
122.0
239.0
225.0
228.0
139.0
184.0
113.0
201.0
121.0
223.0
334.0
205.0
218.0
166.0
204.0
500.0
112.0
209.0
366.0
283.0
143.0
122.0
469.0
203.0
320.0
193.0
183.0
210.0
303.0
153.0
146.0
255.0
235.0
354.0
359.0
223.0
131.0
194.0
220.0
346.0
198.0
241.0
148.0
270.0
305.0
235.0
291.0
198.0
207.0
222.0
279.0
169.0
199.0
176.0
252.0
332.0
156.0
244.0
172.0
138.0
262.0
348.0
432.0
234.0
178.0
442.0
348.0
298.0
306.0
320.0
288.0
211.0
230.0
285.0
194.0
301.0
198.0
313.0
262.0
123.0
203.0
231.0
223.0
251.0
381.0
162.0
189.0
158.0
236.0
171.0
141.0
235.0
229.0
356.0
167.0
257.0
138.0
442.0
352.0
276.0
147.0
361.0
246.0
152.0
431.0
354.0
137.0
240.0
256.0
291.0
430.0
236.0
305.0
112.0
400.0
233.0
400.0
148.0
181.0
105.0
388.0
324.0
400.0
199.0
138.0
187.0
222.0
469.0
288.0
208.0
232.0
332.0
134.0
157.0
336.0
319.0
269.0
179.0
254.0
220.0
192.0
223.0
223.0
258.0
131.0
110.0
159.0
192.0
289.0
190.0
296.0
212.0
272.0
211.0
258.0
314.0
321.0
236.0
195.0
154.0
270.0
161.0
240.0
147.0
296.0
224.0
173.0
268.0
165.0
208.0
171.0
262.0
151.0
130.0
245.0
227.0
175.0
500.0
194.0
246.0
234.0
188.0
135.0
284.0
138.0
408.0
208.0
243.0
269.0
264.0
342.0
314.0
246.0
175.0
152.0
284.0
348.0
231.0
336.0
145.0
165.0
216.0
128.0
231.0
222.0
154.0
137.0
159.0
292.0
131.0
184.0
293.0
231.0
155.0
174.0
329.0
187.0
196.0
248.0
240.0
166.0
231.0
190.0
355.0
154.0
190.0
192.0
266.0
216.0
178.0
291.0
321.0
265.0
500.0
218.0
208.0
195.0
136.0
341.0
228.0
172.0
197.0
431.0
218.0
270.0
199.0
161.0
180.0
167.0
134.0
270.0
384.0
279.0
399.0
226.0
235.0
128.0
194.0
282.0
304.0
266.0
136.0
128.0
188.0
350.0
291.0
169.0
118.0
201.0
124.0
232.0
209.0
189.0
301.0
376.0
179.0
294.0
424.0
324.0
344.0
326.0
276.0
145.0
170.0
130.0
236.0
158.0
331.0
244.0
328.0
285.0
202.0
88.0
268.0
156.0
239.0
206.0
227.0
140.0
424.0
140.0
219.0
243.0
179.0
393.0
135.0
264.0
369.0
356.0
240.0
277.0
358.0
181.0
261.0
330.0
326.0
200.0
282.0
131.0
283.0
163.0
176.0
129.0
131.0
210.0
246.0
180.0
237.0
234.0
210.0
135.0
141.0
224.0
220.0
248.0
356.0
237.0
347.0
466.0
286.0
170.0
252.0
236.0
152.0
206.0
262.0
232.0
229.0
189.0
236.0
265.0
146.0
297.0
190.0
182.0
251.0
243.0
282.0
294.0
296.0
146.0
196.0
228.0
290.0
251.0
354.0
276.0
172.0
326.0
171.0
245.0
155.0
261.0
316.0
212.0
210.0
311.0
214.0
268.0
192.0
185.0
362.0
368.0
334.0
168.0
289.0
147.0
274.0
219.0
213.0
202.0
230.0
380.0
122.0
439.0
171.0
205.0
299.0
124.0
106.0
266.0
237.0
236.0
299.0
261.0
500.0
246.0
432.0
239.0
259.0
244.0
240.0
234.0
189.0
262.0
189.0
190.0
360.0
129.0
201.0
318.0
214.0
162.0
269.0
152.0
258.0
164.0
143.0
271.0
179.0
190.0
236.0
200.0
141.0
117.0
217.0
340.0
381.0
329.0
383.0
174.0
132.0
246.0
156.0
201.0
146.0
410.0
137.0
280.0
170.0
198.0
249.0
165.0
169.0
235.0
123.0
272.0
216.0
176.0
316.0
224.0
279.0
254.0
263.0
224.0
272.0
317.0
263.0
234.0
328.0
141.0
414.0
131.0
351.0
258.0
237.0
277.0
169.0
224.0
263.0
134.0
218.0
170.0
315.0
234.0
153.0
298.0
104.0
205.0
318.0
396.0
319.0
147.0
136.0
140.0
117.0
216.0
375.0
120.0
282.0
147.0
358.0
246.0
328.0
159.0
403.0
313.0
139.0
200.0
377.0
244.0
180.0
335.0
232.0
175.0
200.0
214.0
124.0
148.0
271.0
202.0
241.0
157.0
234.0
182.0
380.0
308.0
226.0
237.0
268.0
150.0
169.0
283.0
200.0
210.0
323.0
148.0
145.0
199.0
278.0
182.0
279.0
343.0
317.0
161.0
280.0
175.0
140.0
175.0
191.0
140.0
460.0
331.0
298.0
210.0
136.0
294.0
233.0
404.0
142.0
246.0
140.0
165.0
325.0
249.0
290.0
166.0
272.0
171.0
280.0
393.0
293.0
270.0
248.0
277.0
213.0
110.0
208.0
160.0
134.0
131.0
285.0
311.0
249.0
282.0
271.0
282.0
339.0
203.0
208.0
168.0
133.0
159.0
252.0
165.0
142.0
262.0
246.0
378.0
108.0
178.0
246.0
248.0
253.0
304.0
196.0
216.0
171.0
183.0
187.0
226.0
252.0
264.0
242.0
218.0
227.0
246.0
339.0
246.0
125.0
288.0
153.0
449.0
327.0
135.0
253.0
194.0
267.0
214.0
273.0
302.0
105.0
286.0
279.0
177.0
169.0
212.0
184.0
265.0
218.0
176.0
110.0
142.0
392.0
125.0
263.0
176.0
259.0
185.0
235.0
358.0
132.0
217.0
189.0
317.0
398.0
144.0
273.0
317.0
189.0
171.0
184.0
262.0
323.0
144.0
228.0
257.0
246.0
232.0
318.0
220.0
247.0
181.0
160.0
212.0
233.0
207.0
143.0
175.0
299.0
247.0
197.0
199.0
131.0
152.0
304.0
208.0
248.0
138.0
334.0
154.0
172.0
282.0
150.0
139.0
169.0
162.0
275.0
194.0
246.0
229.0
214.0
295.0
198.0
158.0
250.0
411.0
312.0
230.0
259.0
216.0
123.0
234.0
221.0
136.0
490.0
318.0
157.0
211.0
274.0
244.0
182.0
303.0
262.0
114.0
216.0
228.0
151.0
222.0
240.0
144.0
244.0
219.0
327.0
219.0
122.0
154.0
202.0
446.0
387.0
108.0
155.0
278.0
182.0
158.0
203.0
346.0
295.0
180.0
224.0
336.0
248.0
253.0
500.0
200.0
170.0
245.0
312.0
274.0
292.0
280.0
181.0
412.0
198.0
211.0
295.0
232.0
138.0
222.0
188.0
250.0
500.0
500.0
212.0
282.0
188.0
266.0
323.0
252.0
270.0
124.0
285.0
362.0
278.0
366.0
238.0
153.0
180.0
500.0
239.0
297.0
249.0
155.0
300.0
202.0
150.0
119.0
220.0
269.0
224.0
273.0
257.0
129.0
293.0
437.0
242.0
138.0
270.0
219.0
142.0
178.0
284.0
130.0
204.0
160.0
289.0
325.0
129.0
240.0
324.0
194.0
153.0
123.0
117.0
270.0
200.0
145.0
216.0
212.0
229.0
276.0
302.0
152.0
264.0
247.0
214.0
145.0
191.0
283.0
301.0
178.0
107.0
223.0
317.0
208.0
284.0
127.0
153.0
262.0
266.0
311.0
233.0
146.0
237.0
244.0
220.0
232.0
142.0
250.0
260.0
346.0
216.0
213.0
384.0
220.0
234.0
296.0
256.0
147.0
203.0
231.0
261.0
161.0
309.0
244.0
257.0
161.0
140.0
272.0
293.0
201.0
184.0
330.0
256.0
295.0
142.0
248.0
250.0
180.0
186.0
243.0
118.0
114.0
206.0
102.0
303.0
356.0
350.0
157.0
340.0
231.0
301.0
129.0
324.0
186.0
225.0
115.0
186.0
220.0
158.0
122.0
152.0
237.0
180.0
215.0
254.0
154.0
272.0
228.0
219.0
248.0
343.0
105.0
240.0
258.0
161.0
353.0
250.0
111.0
179.0
377.0
125.0
279.0
252.0
146.0
282.0
283.0
171.0
312.0
359.0
296.0
326.0
267.0
295.0
110.0
169.0
165.0
198.0
262.0
305.0
190.0
120.0
308.0
268.0
220.0
274.0
131.0
500.0
266.0
226.0
194.0
220.0
289.0
244.0
310.0
134.0
330.0
161.0
259.0
154.0
239.0
131.0
191.0
179.0
421.0
128.0
255.0
156.0
348.0
139.0
400.0
202.0
238.0
225.0
397.0
271.0
251.0
371.0
500.0
209.0
185.0
253.0
187.0
220.0
319.0
225.0
201.0
250.0
197.0
402.0
273.0
124.0
395.0
418.0
309.0
144.0
170.0
214.0
235.0
313.0
203.0
393.0
216.0
123.0
123.0
191.0
158.0
183.0
261.0
111.0
147.0
197.0
303.0
190.0
224.0
159.0
158.0
299.0
212.0
269.0
193.0
237.0
225.0
274.0
193.0
337.0
147.0
120.0
383.0
132.0
280.0
193.0
368.0
302.0
175.0
264.0
411.0
295.0
178.0
138.0
172.0
270.0
286.0
209.0
132.0
271.0
342.0
193.0
290.0
212.0
205.0
130.0
224.0
144.0
229.0
202.0
271.0
329.0
186.0
492.0
138.0
152.0
156.0
151.0
226.0
220.0
209.0
500.0
204.0
248.0
310.0
207.0
153.0
219.0
133.0
230.0
247.0
342.0
233.0
208.0
309.0
215.0
123.0
212.0
308.0
368.0
170.0
269.0
184.0
272.0
207.0
194.0
338.0
108.0
162.0
217.0
342.0
349.0
162.0
268.0
105.0
292.0
182.0
247.0
224.0
213.0
140.0
121.0
314.0
159.0
233.0
193.0
198.0
227.0
231.0
124.0
162.0
228.0
138.0
263.0
250.0
160.0
170.0
136.0
346.0
349.0
293.0
219.0
244.0
171.0
316.0
301.0
416.0
430.0
235.0
357.0
328.0
185.0
229.0
113.0
172.0
354.0
341.0
119.0
215.0
175.0
212.0
124.0
152.0
202.0
252.0
180.0
136.0
266.0
337.0
145.0
230.0
500.0
231.0
124.0
247.0
246.0
245.0
180.0
326.0
166.0
218.0
207.0
281.0
116.0
126.0
186.0
262.0
252.0
223.0
243.0
131.0
187.0
289.0
265.0
180.0
240.0
156.0
172.0
288.0
146.0
135.0
352.0
134.0
196.0
223.0
303.0
172.0
414.0
402.0
136.0
136.0
220.0
221.0
244.0
190.0
303.0
172.0
115.0
336.0
119.0
139.0
208.0
261.0
284.0
224.0
262.0
128.0
267.0
500.0
235.0
500.0
198.0
222.0
231.0
145.0
500.0
298.0
173.0
224.0
135.0
297.0
134.0
249.0
158.0
241.0
234.0
204.0
227.0
239.0
207.0
157.0
223.0
288.0
115.0
274.0
348.0
186.0
256.0
227.0
194.0
216.0
140.0
232.0
248.0
266.0
304.0
123.0
267.0
335.0
131.0
238.0
238.0
228.0
155.0
277.0
169.0
305.0
278.0
364.0
160.0
270.0
213.0
269.0
172.0
125.0
158.0
216.0
150.0
124.0
161.0
231.0
296.0
300.0
373.0