18.0
16.0
19.0
14.0
12.0
14.0
22.0
15.0
19.0
16.0
16.0
11.0
20.0
12.0
12.0
15.0
13.0
11.0
8.0
16.0
10.0
12.0
12.0
10.0
16.0
12.0
9.0
10.0
20.0
12.0
10.0
13.0
13.0
12.0
12.0
10.0
16.0
17.0
10.0
12.0
12.0
14.0
12.0
28.0
11.0
21.0
15.0
20.0
13.0
9.0
12.0
25.0
19.0
11.0
24.0
31.0
28.0
17.0
19.0
36.0
17.0
21.0
26.0
27.0
23.0
29.0
26.0
31.0
35.0
22.0
10.0
26.0
40.0
42.0
26.0
34.0
40.0
56.0
25.0
18.0
30.0
39.0
27.0
32.0
35.0
31.0
34.0
20.0
51.0
37.0
39.0
43.0
131.0
93.0
35.0
26.0
52.0
39.0
49.0
42.0
28.0
59.0
121.0
209.0
100.0
172.0
53.0
102.0
101.0
55.0
40.0
49.0
84.0
198.0
53.0
46.0
42.0
273.0
70.0
90.0
94.0
124.0
115.0
122.0
195.0
243.0
75.0
220.0
128.0
202.0
102.0
208.0
71.0
43.0
32.0
94.0
56.0
98.0
44.0
132.0
42.0
44.0
32.0
63.0
96.0
47.0
123.0
141.0
224.0
63.0
184.0
393.0
52.0
170.0
68.0
93.0
146.0
366.0
128.0
159.0
212.0
66.0
158.0
114.0
94.0
240.0
156.0
186.0
88.0
232.0
192.0
176.0
170.0
92.0
130.0
76.0
106.0
64.0
59.0
174.0
145.0
87.0
283.0
121.0
152.0
209.0
190.0
245.0
171.0
239.0
199.0
93.0
238.0
82.0
104.0
106.0
82.0
363.0
382.0
260.0
179.0
110.0
201.0
251.0
215.0
167.0
137.0
417.0
127.0
195.0
237.0
236.0
254.0
176.0
246.0
263.0
240.0
93.0
206.0
226.0
108.0
121.0
225.0
218.0
182.0
150.0
192.0
181.0
232.0
230.0
216.0
243.0
209.0
199.0
123.0
207.0
259.0
132.0
190.0
160.0
168.0
185.0
153.0
226.0
211.0
181.0
184.0
229.0
162.0
220.0
98.0
289.0
182.0
228.0
209.0
165.0
179.0
253.0
144.0
288.0
226.0
215.0
151.0
199.0
135.0
222.0
232.0
226.0
201.0
284.0
380.0
143.0
215.0
281.0
177.0
326.0
146.0
168.0
135.0
222.0
155.0
244.0
267.0
308.0
236.0
207.0
155.0
309.0
147.0
326.0
221.0
202.0
231.0
162.0
235.0
238.0
241.0
281.0
167.0
210.0
276.0
151.0
227.0
200.0
161.0
263.0
259.0
241.0
181.0
197.0
306.0
320.0
204.0
258.0
212.0
197.0
268.0
247.0
184.0
301.0
310.0
173.0
175.0
174.0
191.0
216.0
281.0
216.0
188.0
260.0
381.0
309.0
257.0
351.0
182.0
246.0
444.0
203.0
285.0
160.0
199.0
276.0
173.0
178.0
171.0
305.0
117.0
133.0
207.0
251.0
311.0
237.0
201.0
177.0
239.0
109.0
214.0
203.0
177.0
291.0
215.0
131.0
229.0
263.0
109.0
139.0
248.0
225.0
300.0
220.0
187.0
333.0
105.0
245.0
22.0
168.0
280.0
146.0
169.0
212.0
225.0
208.0
140.0
258.0
102.0
112.0
298.0
214.0
236.0
250.0
170.0
132.0
181.0
116.0
212.0
100.0
247.0
249.0
230.0
195.0
111.0
153.0
269.0
192.0
146.0
216.0
171.0
156.0
142.0
146.0
140.0
360.0
175.0
118.0
323.0
268.0
219.0
275.0
260.0
243.0
212.0
176.0
216.0
226.0
199.0
183.0
282.0
221.0
211.0
245.0
209.0
202.0
182.0
119.0
252.0
301.0
117.0
215.0
152.0
223.0
276.0
171.0
321.0
205.0
139.0
186.0
257.0
138.0
186.0
308.0
251.0
263.0
229.0
276.0
285.0
183.0
206.0
110.0
157.0
250.0
179.0
147.0
274.0
241.0
140.0
118.0
132.0
116.0
210.0
375.0
160.0
192.0
314.0
331.0
194.0
121.0
234.0
292.0
126.0
265.0
217.0
224.0
147.0
268.0
249.0
224.0
242.0
197.0
185.0
257.0
142.0
253.0
251.0
247.0
142.0
136.0
238.0
176.0
304.0
225.0
227.0
204.0
196.0
302.0
269.0
196.0
156.0
126.0
254.0
222.0
201.0
244.0
270.0
119.0
196.0
157.0
194.0
187.0
137.0
259.0
157.0
196.0
291.0
183.0
130.0
195.0
186.0
138.0
362.0
283.0
251.0
52.0
254.0
209.0
259.0
240.0
236.0
245.0
132.0
188.0
260.0
288.0
244.0
203.0
195.0
282.0
216.0
243.0
170.0
173.0
278.0
241.0
243.0
330.0
214.0
201.0
279.0
139.0
208.0
154.0
189.0
201.0
202.0
140.0
339.0
300.0
200.0
266.0
224.0
373.0
390.0
329.0
211.0
190.0
380.0
168.0
168.0
272.0
204.0
126.0
235.0
208.0
237.0
141.0
136.0
310.0
155.0
223.0
220.0
328.0
157.0
212.0
187.0
172.0
139.0
333.0
183.0
260.0
255.0
138.0
281.0
237.0
172.0
215.0
161.0
256.0
269.0
198.0
148.0
208.0
232.0
150.0
259.0
197.0
235.0
137.0
197.0
234.0
278.0
213.0
190.0
333.0
152.0
187.0
232.0
198.0
310.0
235.0
241.0
301.0
244.0
251.0
284.0
177.0
218.0
218.0
152.0
153.0
107.0
122.0
186.0
180.0
192.0
173.0
156.0
212.0
236.0
220.0
202.0
214.0
172.0
185.0
241.0
207.0
229.0
226.0
150.0
215.0
107.0
121.0
192.0
256.0
213.0
156.0
218.0
91.0
237.0
273.0
205.0
189.0
210.0
213.0
154.0
212.0
225.0
124.0
129.0
131.0
86.0
117.0
166.0
110.0
180.0
143.0
118.0
156.0
206.0
111.0
93.0
138.0
58.0
87.0
87.0
116.0
204.0
87.0
57.0
97.0
102.0
85.0
85.0
169.0
100.0
130.0
90.0
103.0
121.0
135.0
92.0
263.0
76.0
257.0
26.0
42.0
84.0
87.0
161.0
72.0
99.0
91.0
29.0
47.0
112.0
30.0
93.0
18.0
32.0
123.0
119.0
119.0
44.0
140.0
88.0
44.0
29.0
22.0
149.0
46.0
37.0
38.0
24.0
119.0
92.0
60.0
33.0
18.0
12.0
13.0
23.0
13.0
22.0
21.0
21.0
13.0
34.0
14.0
32.0
12.0
16.0
135.0
146.0
22.0
25.0
30.0
50.0
19.0
15.0
14.0
76.0
25.0
17.0
12.0
32.0
13.0
73.0
25.0
40.0
13.0
168.0
187.0
73.0
12.0
13.0
183.0
26.0
85.0
18.0
25.0
15.0
13.0
29.0
96.0
13.0
134.0
111.0
80.0
172.0
194.0
234.0
13.0
43.0
37.0
28.0
138.0
90.0
191.0
258.0
109.0
483.0
13.0
116.0
28.0
85.0
55.0
15.0
216.0
11.0
108.0
57.0
196.0
212.0
328.0
90.0
29.0
17.0
235.0
9.0
12.0
13.0
45.0
233.0
14.0
18.0
38.0
252.0
15.0
260.0
16.0
147.0
123.0
320.0
90.0
177.0
68.0
46.0
110.0
271.0
41.0
13.0
43.0
160.0
100.0
242.0
11.0
338.0
175.0
126.0
330.0
199.0
500.0
493.0
33.0
500.0
284.0
60.0
267.0
31.0
98.0
210.0
64.0
482.0
250.0
70.0
249.0
71.0
91.0
164.0
91.0
150.0
500.0
500.0
164.0
164.0
139.0
445.0
142.0
85.0
73.0
104.0
267.0
315.0
337.0
488.0
126.0
142.0
48.0
143.0
83.0
178.0
291.0
320.0
276.0
251.0
191.0
500.0
126.0
102.0
233.0
281.0
144.0
232.0
219.0
286.0
47.0
338.0
68.0
500.0
500.0
184.0
354.0
283.0
407.0
397.0
429.0
416.0
354.0
404.0
443.0
318.0
420.0
445.0
391.0
361.0
500.0
340.0
58.0
445.0
103.0
418.0
112.0
213.0
386.0
376.0
356.0
321.0
305.0
154.0
108.0
500.0
453.0
42.0
425.0
500.0
335.0
282.0
500.0
297.0
500.0
500.0
456.0
322.0
56.0
51.0
353.0
500.0
142.0
347.0
130.0
500.0
273.0
315.0
304.0
123.0
500.0
361.0
500.0
413.0
187.0
500.0
277.0
334.0
372.0
500.0
325.0
27.0
124.0
500.0
319.0
177.0
63.0
500.0
500.0
427.0
500.0
424.0
500.0
500.0
210.0
349.0
500.0
287.0
500.0
500.0
279.0
389.0
251.0
300.0
387.0
424.0
500.0
209.0
252.0
500.0
500.0
185.0
361.0
214.0
355.0
199.0
440.0
500.0
387.0
104.0
231.0
211.0
500.0
87.0
500.0
189.0
500.0
500.0
330.0
500.0
295.0
445.0
363.0
387.0
350.0
191.0
448.0
305.0
143.0
416.0
371.0
243.0
239.0
230.0
347.0
337.0
280.0
440.0
500.0
60.0
294.0
340.0
500.0
345.0
291.0
500.0
389.0
500.0
170.0
328.0
500.0
402.0
301.0
74.0
205.0
159.0
359.0
477.0
115.0
287.0
75.0
487.0
108.0
319.0
85.0
413.0
185.0
63.0
209.0
280.0
189.0
364.0
500.0
500.0
371.0
500.0
333.0
471.0
379.0
310.0
221.0
238.0
96.0
260.0
324.0
153.0
385.0
213.0
213.0
200.0
500.0
500.0
190.0
266.0
187.0
381.0
500.0
500.0
449.0
188.0
500.0
459.0
389.0
500.0
500.0
467.0
255.0
277.0
500.0
497.0
391.0
441.0
220.0
500.0
364.0
500.0
500.0
500.0
395.0
287.0
309.0
465.0
500.0
313.0
500.0
500.0
296.0
440.0
349.0
500.0
500.0
500.0
500.0
500.0
86.0
304.0
118.0
191.0
64.0
243.0
406.0
228.0
212.0
101.0
179.0
341.0
189.0
226.0
466.0
361.0
500.0
392.0
500.0
500.0
358.0
500.0
241.0
500.0
291.0
373.0
500.0
253.0
270.0
220.0
246.0
248.0
410.0
284.0
500.0
298.0
255.0
262.0
500.0
133.0
253.0
262.0
280.0
407.0
500.0
309.0
500.0
500.0
378.0
500.0
377.0
500.0
439.0
249.0
485.0
441.0
262.0
500.0
480.0
500.0
458.0
486.0
500.0
500.0
500.0
500.0
500.0
263.0
478.0
217.0
500.0
129.0
500.0
500.0
187.0
428.0
500.0
500.0
402.0
500.0
500.0
256.0
124.0
500.0
174.0
500.0
220.0
500.0
136.0
179.0
304.0
500.0
126.0
492.0
164.0
159.0
500.0
74.0
453.0
500.0
191.0
78.0
165.0
223.0
500.0
500.0
500.0
157.0
500.0
500.0
500.0
108.0
500.0
500.0
500.0
494.0
313.0
400.0
87.0
500.0
500.0
500.0
500.0
403.0
415.0
190.0
500.0
118.0
427.0
142.0
500.0
500.0
339.0
500.0
311.0
500.0
500.0
434.0
491.0
500.0
132.0
451.0
487.0
500.0
311.0
500.0
353.0
171.0
500.0
155.0
500.0
500.0
146.0
47.0
128.0
500.0
61.0
108.0
500.0
190.0
285.0
500.0
121.0
203.0
443.0
473.0
451.0
389.0
139.0
175.0
47.0
302.0
500.0
455.0
111.0
187.0
113.0
305.0
355.0
126.0
482.0
168.0
199.0
167.0
57.0
73.0
500.0
500.0
329.0
439.0
141.0
265.0
175.0
264.0
62.0
475.0
328.0
346.0
500.0
176.0
442.0
432.0
114.0
409.0
103.0
358.0
500.0
457.0
383.0
480.0
315.0
407.0
500.0
500.0
244.0
357.0
500.0
500.0
345.0
483.0
500.0
182.0
304.0
363.0
500.0
500.0
500.0
280.0
500.0
497.0
135.0
442.0
273.0
286.0
259.0
129.0
272.0
147.0
206.0
171.0
235.0
105.0
497.0
432.0
500.0
500.0
500.0
500.0
220.0
358.0
407.0
416.0
154.0
500.0
321.0
500.0
453.0
400.0
500.0
266.0
404.0
361.0
283.0
310.0
440.0
349.0
186.0
407.0
497.0
406.0
352.0
500.0
482.0
369.0
478.0
500.0
311.0
272.0
446.0
374.0
495.0
500.0
87.0
360.0
457.0
500.0
500.0
500.0
455.0
500.0
500.0
500.0
363.0
396.0
230.0
266.0
500.0
500.0
500.0
500.0
500.0
500.0
500.0
500.0
500.0
500.0
255.0
488.0
105.0
130.0
500.0
500.0
500.0
307.0
159.0
204.0
324.0
500.0
500.0
245.0
496.0
400.0
469.0
500.0
500.0
500.0
500.0
472.0
500.0
293.0
500.0
500.0
500.0
425.0
500.0
500.0
500.0
455.0
500.0
500.0
500.0
500.0
427.0
366.0
413.0
286.0
239.0
500.0
500.0
500.0
500.0
471.0
436.0
132.0
480.0
500.0
500.0
494.0
217.0
500.0
500.0
353.0
500.0
500.0
500.0
403.0
468.0
500.0
105.0
500.0
500.0
500.0
410.0
466.0
500.0
36.0
500.0
500.0
500.0
452.0
500.0
500.0
500.0
408.0
500.0
351.0
300.0
500.0
446.0
500.0
500.0
487.0
493.0
500.0
500.0
500.0
491.0
500.0
413.0
500.0
500.0
334.0
500.0
373.0
468.0
433.0
459.0
500.0
500.0
440.0
500.0
500.0
409.0
500.0
161.0
500.0
500.0
13.0
151.0
265.0
500.0
500.0
500.0
57.0
109.0
249.0
148.0
500.0
450.0
277.0
404.0
186.0
500.0
365.0
142.0
163.0
118.0
450.0
314.0
162.0
327.0
284.0
226.0
14.0
231.0
218.0
486.0
500.0
334.0
500.0
481.0
500.0
399.0
103.0
425.0
500.0
385.0
446.0
371.0
500.0
356.0
148.0
424.0
500.0
500.0
500.0
384.0
285.0
500.0
500.0
334.0
410.0
420.0
304.0
464.0
384.0
387.0
391.0
466.0
415.0
340.0
332.0
336.0
316.0
500.0
399.0
282.0
299.0
128.0
500.0
500.0
394.0
290.0
500.0
309.0
500.0
348.0
161.0
460.0
500.0
277.0
237.0
183.0
214.0
271.0
304.0
274.0
116.0
255.0
390.0
348.0
128.0
53.0
326.0
101.0
110.0
500.0
100.0
222.0
384.0
500.0
150.0
436.0
261.0
500.0
336.0
280.0
96.0
295.0
249.0
500.0
170.0
315.0
183.0
128.0
313.0
218.0
179.0
211.0
222.0
291.0
180.0
481.0
411.0
91.0
78.0
500.0
246.0
80.0
115.0
130.0
455.0
25.0
170.0
500.0
320.0
110.0
232.0
219.0
343.0
163.0
40.0
183.0
43.0
156.0
222.0
128.0
27.0
458.0
84.0
112.0
59.0
307.0
62.0
500.0
52.0
19.0
500.0
24.0
78.0
87.0
105.0
127.0
500.0
148.0
280.0
83.0
315.0
82.0
131.0
36.0
20.0
500.0
204.0
105.0
500.0
32.0
157.0
32.0
156.0
90.0
268.0
181.0
86.0
46.0
170.0
63.0
25.0
82.0
97.0
97.0
89.0
90.0
166.0
56.0
55.0
39.0
166.0
51.0
225.0
89.0
61.0
65.0
341.0
39.0
284.0
44.0
500.0
62.0
500.0
500.0
49.0
55.0
140.0
387.0
312.0
500.0
127.0
500.0
500.0
97.0
148.0
500.0
287.0
500.0
44.0
500.0
63.0
500.0
500.0
500.0
203.0
58.0
201.0
154.0
500.0
97.0
500.0
192.0
174.0
112.0
479.0
500.0
500.0
91.0
254.0
123.0
116.0
215.0
426.0
500.0
163.0
48.0
500.0
85.0
440.0
143.0
29.0
248.0
500.0
500.0
141.0
500.0
500.0
500.0
500.0
500.0
415.0
33.0
500.0
271.0
65.0
176.0
500.0
264.0
500.0
500.0
303.0
221.0
474.0
500.0
500.0
500.0
233.0
278.0
348.0
500.0
500.0
500.0
500.0
500.0
500.0
500.0
500.0
500.0
500.0
500.0
500.0
500.0
500.0
500.0
500.0
500.0
500.0
210.0
500.0
95.0
500.0
318.0
500.0
500.0
500.0
500.0
306.0
371.0
500.0
500.0
500.0
500.0
500.0
186.0
500.0
500.0
500.0
500.0
500.0
500.0
500.0
354.0
500.0
109.0
500.0
500.0
500.0
500.0
500.0
500.0
500.0
263.0
500.0
149.0
500.0
500.0
500.0
500.0
247.0
500.0
500.0
500.0
500.0
500.0
500.0
500.0
500.0
500.0
205.0
500.0
500.0
323.0
239.0
500.0
500.0
91.0
110.0
500.0
500.0
500.0
500.0
500.0
500.0
500.0
500.0
500.0
500.0
500.0
500.0
500.0
500.0
144.0
500.0
211.0
500.0
126.0
500.0
500.0
500.0
70.0
500.0
175.0
500.0
183.0
74.0
224.0
142.0
146.0
500.0
500.0
500.0
500.0
315.0
185.0
500.0
183.0
136.0
282.0
500.0
195.0
500.0
111.0
161.0
500.0
244.0
500.0
500.0
392.0
231.0
500.0
500.0
500.0
168.0
51.0
500.0
500.0
241.0
500.0
500.0
500.0
176.0
500.0
168.0
422.0
500.0
148.0
122.0
182.0
266.0
500.0
160.0
56.0
120.0
500.0
169.0
500.0
500.0
138.0
500.0
145.0
500.0
202.0
224.0
201.0
256.0
307.0
500.0
500.0
232.0
500.0
500.0
500.0
342.0
260.0
262.0
500.0
500.0
441.0
500.0
500.0
500.0
500.0
323.0
500.0
500.0
233.0
294.0
320.0
500.0
500.0
500.0
500.0
500.0
182.0
500.0
500.0
268.0
500.0
316.0
500.0
500.0
500.0
163.0
500.0
500.0
500.0
250.0
214.0
418.0
261.0
219.0
142.0
500.0
248.0
500.0
452.0
500.0
500.0
258.0
271.0
500.0
174.0
500.0
259.0
500.0
500.0
500.0
500.0
500.0
500.0
500.0
310.0
500.0
145.0
500.0
111.0
290.0
361.0
500.0
500.0
218.0
149.0
500.0
500.0
256.0
500.0
500.0
186.0
500.0
500.0
141.0
500.0
195.0
500.0
216.0
500.0
500.0
500.0
255.0
210.0
500.0
500.0
451.0
100.0
500.0
142.0
500.0
500.0
500.0
318.0
500.0
362.0
296.0
273.0
500.0
245.0
500.0
160.0
500.0
500.0
500.0
500.0
182.0
129.0
176.0
183.0
500.0
500.0
280.0
320.0
70.0
216.0
140.0
166.0
452.0
255.0
223.0
500.0
500.0
500.0
500.0
500.0
99.0
408.0
500.0
135.0
500.0
500.0
500.0
500.0
126.0
500.0
500.0
500.0
145.0
500.0
500.0
500.0
500.0
193.0
269.0
269.0
500.0
500.0
291.0
206.0
279.0
500.0
500.0
500.0
127.0
299.0
203.0
396.0
500.0
217.0
500.0
500.0
500.0
253.0
500.0
232.0
500.0
115.0
500.0
500.0
417.0
241.0
127.0
153.0
368.0
96.0
262.0
196.0
262.0
500.0
500.0
500.0
91.0
500.0
232.0
286.0
500.0
500.0
170.0
134.0
500.0
233.0
122.0
500.0
500.0
500.0
500.0
500.0
443.0
136.0
500.0
500.0
112.0
500.0
500.0
500.0
500.0
500.0
311.0
500.0
500.0
307.0
500.0
500.0
165.0
202.0
384.0
309.0
500.0
500.0
500.0
500.0
201.0
500.0
500.0
196.0
66.0
448.0
500.0
500.0
500.0
500.0
500.0
500.0
333.0
500.0
312.0
500.0
203.0
500.0
500.0
76.0
500.0
500.0
347.0
148.0
172.0
211.0
339.0
500.0
500.0
407.0
323.0
500.0
103.0
232.0
163.0
500.0
108.0
101.0
386.0
500.0
500.0
130.0
148.0
358.0
147.0
116.0
500.0
221.0
500.0
500.0
186.0
259.0
124.0
500.0
128.0
500.0
500.0
378.0
500.0
285.0
342.0
500.0
500.0
381.0
500.0
500.0
500.0
210.0
184.0
244.0
500.0
172.0
292.0
242.0
500.0
158.0
245.0
217.0
255.0
90.0
172.0
500.0
165.0
500.0
202.0
323.0
140.0
500.0
500.0
263.0
156.0
196.0
326.0
397.0
121.0
115.0
209.0
500.0
500.0
500.0
243.0
500.0
168.0
301.0
77.0
225.0
169.0
143.0
443.0
214.0
500.0
278.0
500.0
126.0
500.0
253.0
500.0
285.0
235.0
212.0
235.0
500.0
99.0
147.0
404.0
170.0
500.0
341.0
213.0
286.0
304.0
500.0
278.0
160.0
500.0
245.0
217.0
500.0
192.0
321.0
335.0
500.0
265.0
158.0
500.0
149.0
192.0
367.0
317.0
323.0
207.0
500.0
235.0
500.0
318.0
284.0
331.0
130.0
219.0
181.0
165.0
500.0
500.0
500.0
207.0
78.0
500.0
392.0
500.0
164.0
204.0
278.0
298.0
500.0
418.0
468.0
500.0
192.0
336.0
276.0
251.0
500.0
211.0
308.0
500.0
229.0
500.0
366.0
64.0
251.0
500.0
261.0
257.0
500.0
322.0
195.0
232.0
500.0
304.0
272.0
269.0
500.0
240.0
267.0
500.0
245.0
150.0
500.0
500.0
191.0
327.0
500.0
109.0
500.0
500.0
500.0
500.0
500.0
500.0
169.0
500.0
263.0
500.0
500.0
203.0
408.0
201.0
262.0
500.0
238.0
500.0
72.0
463.0
286.0
235.0
262.0
182.0
500.0
136.0
316.0
500.0
128.0
500.0
349.0
319.0
201.0
105.0
500.0
500.0
156.0
500.0
327.0
124.0
366.0
138.0
190.0
236.0
184.0
135.0
120.0
335.0
171.0
500.0
232.0
473.0
237.0
500.0
222.0
500.0
415.0
352.0
500.0
500.0
500.0
500.0
500.0
212.0
500.0
500.0
82.0
500.0
96.0
67.0
405.0
300.0
233.0
239.0
111.0
181.0
500.0
219.0
500.0
330.0
207.0
252.0
247.0
386.0
182.0
313.0
500.0
235.0
500.0
500.0
157.0
151.0
220.0
90.0
500.0
500.0
500.0
157.0
500.0
191.0
182.0
500.0
151.0
278.0
197.0
299.0
106.0
142.0
388.0
500.0
80.0
191.0
128.0
500.0
500.0
370.0
500.0
194.0
341.0
299.0
451.0
185.0
416.0
90.0
328.0
500.0
374.0
321.0
450.0
500.0
247.0
389.0
383.0
277.0
200.0
136.0
203.0
312.0
130.0
104.0
500.0
111.0
215.0
217.0
226.0
387.0
201.0
307.0
276.0
152.0
174.0
484.0
122.0
450.0
500.0
185.0
404.0
166.0
500.0
373.0
500.0
500.0
98.0
500.0
500.0
465.0
500.0
500.0
83.0
500.0
500.0
134.0
500.0
500.0
171.0
500.0
500.0
500.0
119.0
500.0
500.0
500.0
500.0
500.0
141.0
500.0
500.0
500.0
198.0
500.0
500.0
500.0
500.0
500.0
500.0
500.0
500.0
500.0
500.0
500.0
500.0
500.0
442.0
500.0
178.0
500.0
195.0
500.0
500.0
202.0
500.0
500.0
500.0
500.0
500.0
500.0
500.0
500.0
500.0
500.0
500.0
500.0
500.0
500.0
500.0
500.0
500.0
95.0
423.0
500.0
191.0
500.0
500.0
500.0
500.0
500.0
500.0
500.0
500.0
465.0
233.0
229.0
164.0
500.0
104.0
500.0
412.0
500.0
214.0
451.0
212.0
421.0
500.0
196.0
380.0
142.0
114.0
500.0
235.0
174.0
500.0
121.0
203.0
440.0
144.0
227.0
500.0
364.0
500.0
500.0
500.0
142.0
500.0
137.0
500.0
365.0
330.0
500.0
500.0
404.0
500.0
76.0
219.0
408.0
500.0
390.0
500.0
500.0
113.0
500.0
500.0
233.0
141.0
500.0
500.0
304.0
500.0
500.0
500.0
171.0
500.0
229.0
500.0
425.0
500.0
500.0
500.0
500.0
500.0
500.0
356.0
500.0
215.0
162.0
500.0
316.0
500.0
500.0
41.0
500.0
52.0
14.0
500.0
500.0
500.0
500.0
500.0
196.0
500.0
500.0
482.0
407.0
500.0
500.0
500.0
121.0
500.0
500.0
500.0
200.0
356.0
500.0
500.0
477.0
80.0
500.0
36.0
500.0
241.0
16.0
68.0
500.0
66.0
374.0
500.0
500.0
500.0
87.0
500.0
294.0
500.0
92.0
439.0
196.0
500.0
222.0
234.0
500.0
500.0
500.0
500.0
500.0
440.0
500.0
162.0
500.0
497.0
500.0
500.0
500.0
500.0
500.0
500.0
62.0
500.0
500.0
500.0
500.0
500.0
500.0
500.0
500.0
500.0
500.0
500.0
500.0
500.0
500.0
500.0
500.0
500.0
500.0
500.0
500.0
500.0
500.0
500.0
500.0
500.0
500.0
500.0
500.0
500.0
500.0
500.0
500.0
500.0
500.0
500.0
500.0
500.0
500.0
500.0
500.0
500.0
500.0
500.0
500.0
500.0
500.0
500.0
500.0
500.0
500.0
500.0
500.0
500.0
500.0
500.0
500.0
500.0
500.0
500.0
233.0
500.0
30.0
500.0
500.0
500.0
500.0
500.0
500.0
500.0
157.0
500.0
458.0
232.0
500.0
500.0
500.0
233.0
500.0
500.0
500.0
500.0
40.0
500.0
500.0
500.0
500.0
500.0
500.0
500.0
500.0
440.0
500.0
500.0
500.0
500.0
500.0
500.0
500.0
500.0
500.0
500.0
500.0
500.0
500.0
500.0
500.0
500.0
500.0
500.0
500.0
500.0
500.0
500.0
500.0
500.0
500.0
500.0
500.0
500.0
500.0
500.0
500.0
500.0
500.0
500.0
500.0
500.0
500.0
500.0
500.0
500.0
500.0
500.0
500.0
500.0
500.0
500.0
500.0
500.0
500.0
500.0
500.0
500.0
500.0
500.0
500.0
500.0
500.0
500.0
500.0
500.0
500.0
100.0
460.0
500.0
500.0
500.0
500.0
500.0
474.0
500.0
386.0
500.0
500.0
500.0
430.0
500.0
500.0
473.0
287.0
223.0
500.0
500.0
486.0
500.0
500.0
500.0
500.0
500.0
500.0
316.0
481.0
500.0
500.0
500.0
500.0
392.0
472.0
500.0
500.0
260.0
500.0
500.0
500.0
364.0
475.0
494.0
500.0
500.0
475.0
500.0
379.0
500.0
500.0
500.0
395.0
428.0
425.0
500.0
500.0
500.0
500.0
486.0
500.0
500.0
500.0
500.0
500.0
500.0
430.0
500.0
500.0
436.0
500.0
207.0
500.0
500.0
500.0
500.0
500.0
500.0
500.0
500.0
500.0
500.0
500.0
206.0
116.0
422.0
367.0
500.0
500.0
500.0
500.0
500.0
500.0
500.0
500.0
151.0
500.0
213.0
500.0
139.0
223.0
151.0
170.0
500.0
500.0
458.0
429.0
500.0
500.0
492.0
188.0
500.0
178.0
500.0
134.0
500.0
500.0
500.0
500.0
250.0
500.0
450.0
342.0
500.0
500.0
341.0
500.0
500.0
301.0
332.0
404.0
500.0
500.0
500.0
500.0
500.0
417.0
500.0
500.0
500.0
500.0
443.0
500.0
493.0
448.0
500.0
500.0
459.0
500.0
500.0
500.0
500.0
500.0
500.0
500.0
500.0
433.0
500.0
500.0
500.0
378.0
500.0
500.0
500.0
500.0
500.0
435.0
500.0
440.0
500.0
500.0
500.0
367.0
311.0
500.0
500.0
430.0
500.0
413.0
415.0
435.0
396.0
407.0
478.0
500.0
500.0
386.0
107.0
394.0
254.0
500.0
140.0
500.0
500.0
500.0
112.0
296.0
401.0
500.0
265.0
500.0
500.0
500.0
500.0
500.0
500.0
441.0
500.0
251.0
500.0
500.0
119.0
500.0
234.0
216.0
241.0
209.0
500.0
326.0
185.0
500.0
500.0
212.0
500.0
500.0
500.0
500.0
83.0
242.0
500.0
228.0
500.0
330.0
160.0
325.0
500.0
250.0
500.0
500.0
192.0
500.0
283.0
500.0
395.0
133.0
201.0
255.0
500.0
494.0
435.0
500.0
361.0
141.0
231.0
237.0
500.0
319.0
402.0
500.0
263.0
341.0
410.0
123.0
70.0
250.0
500.0
197.0
219.0
164.0
199.0
157.0
217.0
347.0
500.0
132.0
95.0
142.0
500.0
500.0
259.0
304.0
102.0
500.0
272.0
500.0
202.0
500.0
387.0
500.0
500.0
231.0
500.0
329.0
500.0
500.0
500.0
119.0
500.0
500.0
500.0
182.0
266.0
500.0
500.0
221.0
500.0
500.0
168.0
500.0
222.0
214.0
335.0
185.0
250.0
364.0
500.0
500.0
293.0
204.0
184.0
500.0
500.0
500.0
175.0
291.0
500.0
500.0
174.0
204.0
264.0
166.0
500.0
196.0
356.0
166.0
500.0
500.0
157.0
500.0
253.0
162.0
289.0
265.0
284.0
391.0
384.0
320.0
189.0
305.0
232.0
169.0
56.0
271.0
500.0
500.0
201.0
500.0
471.0
500.0
500.0
206.0
294.0
292.0
336.0
214.0
211.0
219.0
322.0
164.0
250.0
500.0
500.0
500.0
500.0
158.0
353.0
500.0
96.0
128.0
500.0
116.0
108.0
325.0
327.0
500.0
166.0
128.0
282.0
500.0
333.0
190.0
219.0
218.0
226.0
500.0
230.0
129.0
73.0
185.0
285.0
214.0
128.0
500.0
500.0
97.0
294.0
500.0
214.0
128.0
500.0
500.0
259.0
207.0
135.0
163.0
274.0
500.0
184.0
70.0
200.0
500.0
95.0
500.0
116.0
242.0
500.0
500.0
147.0
151.0
155.0
387.0
262.0
500.0
188.0
286.0
297.0
443.0
249.0
257.0
241.0
178.0
500.0
134.0
151.0
500.0
212.0
433.0
258.0
500.0
500.0
134.0
500.0
500.0
296.0
500.0
149.0
87.0
291.0
500.0
500.0
500.0
500.0
500.0
84.0
243.0
500.0
500.0
500.0
263.0
92.0
500.0
500.0
205.0
100.0
136.0
252.0
116.0
209.0
500.0
268.0
306.0
166.0
158.0
500.0
106.0
224.0
265.0
123.0
500.0
248.0
228.0
500.0
229.0
265.0
500.0
302.0
174.0
96.0
374.0
146.0
500.0
500.0
260.0
252.0
217.0
500.0
178.0
136.0
189.0
472.0
119.0
490.0
467.0
500.0
308.0
400.0
138.0
78.0
221.0
500.0
156.0
430.0
72.0
218.0
90.0
500.0
98.0
294.0
500.0
126.0
500.0
210.0
209.0
155.0
174.0
54.0
363.0
169.0
500.0
159.0
235.0
500.0
500.0
186.0
178.0
83.0
500.0
228.0
161.0
165.0
500.0
500.0
189.0
240.0
106.0
244.0
312.0
500.0
118.0
314.0
162.0
114.0
212.0
161.0
500.0
500.0
152.0
500.0
86.0
500.0
500.0
276.0
469.0
500.0
222.0
69.0
147.0
500.0
500.0
377.0
327.0
201.0
293.0
451.0
500.0
239.0
316.0
402.0
244.0
500.0
395.0
500.0
500.0
500.0
489.0
364.0
282.0
277.0
251.0
500.0
302.0
218.0
306.0
500.0
236.0
500.0
265.0
162.0
255.0
236.0
437.0
349.0
213.0
500.0
291.0
500.0
224.0
500.0
447.0
229.0
304.0
500.0
248.0
227.0
500.0
329.0
500.0
257.0
228.0
344.0
500.0
394.0
367.0
334.0
171.0
204.0
275.0
231.0
204.0
236.0
413.0
115.0
437.0
274.0
273.0
238.0
206.0
411.0
500.0
273.0
298.0
500.0
279.0
500.0
500.0
500.0
500.0
238.0
265.0
152.0
239.0
323.0
500.0
208.0
204.0
500.0
184.0
311.0
500.0
278.0
232.0
233.0
128.0
500.0
230.0
136.0
293.0
174.0
500.0
274.0
500.0
500.0
386.0
500.0
500.0
500.0
500.0
263.0
500.0
312.0
500.0
261.0
500.0
500.0
224.0
239.0
326.0
309.0
500.0
218.0
500.0
56.0
263.0
222.0
500.0
500.0
287.0
237.0
500.0
500.0
500.0
195.0
98.0
292.0
236.0
235.0
500.0
278.0
428.0
500.0
239.0
150.0
85.0
365.0
500.0
500.0
245.0
213.0
500.0
208.0
193.0
246.0
500.0
224.0
231.0
500.0
500.0
500.0
185.0
358.0
209.0
78.0
300.0
106.0
339.0
221.0
192.0
373.0
141.0
196.0
198.0
80.0
178.0
179.0
225.0
317.0
248.0
181.0
145.0
431.0
265.0
308.0
500.0
409.0
328.0
389.0
203.0
466.0
500.0
388.0
256.0
304.0
431.0
478.0
500.0
346.0
222.0
287.0
260.0
500.0
383.0
500.0
500.0
168.0
402.0
422.0
298.0
500.0
294.0
205.0
500.0
181.0
328.0
500.0
500.0
171.0
500.0
500.0
200.0
500.0
500.0
218.0
296.0
377.0
283.0
146.0
500.0
206.0
500.0
387.0
497.0
482.0
500.0
343.0
457.0
272.0
454.0
349.0
500.0
500.0
500.0
500.0
500.0
500.0
500.0
264.0
359.0
220.0
331.0
500.0
303.0
500.0
267.0
445.0
223.0
500.0
295.0
160.0
268.0
500.0
186.0
45.0
354.0
97.0
244.0
500.0
500.0
500.0
328.0
319.0
199.0
500.0
344.0
500.0
209.0
84.0
244.0
345.0
285.0
500.0
500.0
500.0
42.0
500.0
500.0
203.0
143.0
244.0
235.0
500.0
129.0
500.0
112.0
42.0
185.0
500.0
80.0
500.0
430.0
100.0
166.0
500.0
413.0
117.0
429.0
487.0
309.0
274.0
63.0
500.0
500.0
500.0
443.0
83.0
500.0
500.0
500.0
479.0
240.0
500.0
65.0
283.0
364.0
141.0
173.0
372.0
500.0
500.0
125.0
178.0
345.0
47.0
500.0
186.0
156.0
183.0
404.0
232.0
500.0
500.0
500.0
500.0
497.0
117.0
500.0
119.0
458.0
62.0
500.0
500.0
460.0
37.0
317.0
232.0
350.0
500.0
500.0
500.0
286.0
500.0
340.0
344.0
298.0
500.0
223.0
500.0
500.0
500.0
500.0
500.0
500.0
65.0
220.0
500.0
272.0
334.0
41.0
332.0
388.0
70.0
500.0
500.0
69.0
500.0
346.0
500.0
193.0
174.0
34.0
73.0
500.0
489.0
500.0
283.0
500.0
290.0
242.0
500.0
500.0
50.0
42.0
500.0
258.0
80.0
238.0
194.0
66.0
43.0
500.0
138.0
123.0
500.0
93.0
500.0
500.0
500.0
246.0
252.0
500.0
500.0
58.0
500.0
338.0
500.0
262.0
500.0
48.0
500.0
500.0
500.0
325.0
500.0
184.0
500.0
483.0
500.0
500.0
161.0
120.0
500.0
500.0
126.0
162.0
500.0
500.0
500.0
500.0
500.0
500.0
479.0
500.0
49.0
500.0
97.0
500.0
500.0
500.0
115.0
61.0
500.0
500.0
500.0
78.0
170.0
500.0
500.0
500.0
220.0
41.0
500.0
500.0
500.0
78.0
500.0
500.0
500.0
500.0
62.0
313.0
129.0
500.0
147.0
438.0
500.0
500.0
100.0
500.0
239.0
500.0
500.0
500.0
89.0
500.0
500.0
500.0
251.0
248.0
500.0
221.0
500.0
500.0
500.0
500.0
500.0
500.0
500.0
500.0
500.0
500.0
500.0
38.0
500.0
500.0
477.0
500.0
500.0
500.0
447.0
500.0
500.0
479.0
500.0
457.0
402.0
38.0
500.0
500.0
44.0
500.0
500.0
500.0
500.0
500.0
500.0
500.0
500.0
500.0
500.0
500.0
136.0
500.0
500.0
500.0
500.0
500.0
500.0
500.0
500.0
500.0
500.0
425.0
162.0
500.0
272.0
500.0
482.0
500.0
154.0
500.0
289.0
500.0
104.0
498.0
500.0
144.0
500.0
500.0
391.0
305.0
500.0
500.0
500.0
90.0
500.0
80.0
500.0
40.0
500.0
158.0
160.0
500.0
51.0
160.0
18.0
190.0
500.0
500.0
216.0
15.0
131.0
29.0
500.0
489.0
500.0
280.0
500.0
500.0
500.0
37.0
495.0
500.0
500.0
74.0
500.0
85.0
500.0
500.0
500.0
500.0
259.0
35.0
500.0
500.0
500.0
500.0
500.0
500.0
500.0
500.0
500.0
500.0
500.0
242.0
500.0
97.0
412.0
500.0
500.0
500.0
500.0
500.0
500.0
500.0
500.0
500.0
248.0
179.0
500.0
500.0
500.0
500.0
206.0
500.0
500.0
500.0
371.0
500.0
173.0
500.0
500.0
500.0
500.0
500.0
491.0
500.0
500.0
500.0
378.0
500.0
500.0
500.0
500.0
500.0
500.0
500.0
500.0
193.0
500.0
500.0
500.0
218.0
500.0
500.0
181.0
202.0
500.0
500.0
500.0
500.0
500.0
500.0
260.0
500.0
500.0
500.0
500.0
500.0
500.0
500.0
500.0
196.0
500.0
500.0
500.0
500.0
500.0
159.0
500.0
500.0
500.0
500.0
500.0
500.0
383.0
500.0
500.0
500.0
500.0
500.0
500.0
500.0
500.0
500.0
500.0
500.0
500.0
500.0
500.0
500.0
500.0
249.0
500.0
500.0
500.0
165.0
500.0
152.0
500.0
454.0
500.0
500.0
500.0
492.0
402.0
500.0
500.0
500.0
500.0
500.0
500.0
500.0
500.0
500.0
500.0
500.0
500.0
500.0
500.0
500.0
500.0
500.0
500.0
500.0
500.0
500.0
500.0
500.0
500.0
500.0
500.0
500.0
500.0
480.0
500.0
500.0
500.0
245.0
500.0
500.0
500.0
500.0
500.0
500.0
500.0
500.0
500.0
500.0
500.0
500.0
500.0
500.0
500.0
500.0
500.0
500.0
500.0
500.0
500.0
500.0
500.0
500.0
500.0
500.0
500.0
500.0
37.0
500.0
500.0
500.0
500.0
500.0
253.0
500.0
500.0
500.0
500.0
500.0
500.0
500.0
500.0
500.0
500.0
500.0
500.0
500.0
500.0
500.0
500.0
500.0
188.0
500.0
500.0
500.0
500.0
500.0
500.0
500.0
500.0
500.0
500.0
500.0
500.0
500.0
500.0
500.0
500.0
500.0
500.0
500.0
500.0
500.0
500.0
500.0
491.0
500.0
500.0
500.0
500.0
500.0
255.0
442.0
500.0
500.0
500.0
500.0
500.0
500.0
500.0
500.0
497.0
500.0
500.0
500.0
500.0
500.0
500.0
500.0
500.0
500.0
500.0
500.0
500.0
500.0
500.0
500.0
465.0
500.0
500.0
500.0
500.0
500.0
199.0
500.0
500.0
500.0
500.0
438.0
500.0
110.0
73.0
500.0
500.0
500.0
500.0
500.0
500.0
500.0
500.0
500.0
500.0
500.0
500.0
500.0
500.0
500.0
500.0
500.0
500.0
500.0
500.0
170.0
494.0
485.0
500.0
500.0
500.0
500.0
500.0
500.0
500.0
412.0
500.0
500.0
500.0
500.0
500.0
500.0
481.0
500.0
500.0
500.0
500.0
500.0
500.0
500.0
500.0
500.0
500.0
500.0
500.0
500.0
500.0
500.0
500.0
500.0
500.0
500.0
237.0
500.0
209.0
500.0
500.0
500.0
500.0
500.0
500.0
500.0
500.0
500.0
500.0
500.0
500.0
500.0
500.0
500.0
500.0
500.0
494.0
500.0
500.0
500.0
500.0
500.0
500.0
500.0
500.0
500.0
500.0
500.0
500.0
500.0
500.0
500.0
500.0
500.0
500.0
500.0
500.0
500.0
500.0
500.0
500.0
500.0
498.0
500.0
500.0
500.0
500.0
500.0
500.0
500.0
500.0
500.0
500.0
500.0
500.0
500.0
500.0
500.0
500.0
500.0
500.0
500.0
500.0
500.0
408.0
500.0
464.0
500.0
500.0
500.0
500.0
500.0
500.0
500.0
500.0
500.0
500.0
500.0
494.0
500.0
500.0
500.0
500.0
500.0
500.0
462.0
462.0
500.0
500.0
278.0
500.0
500.0
500.0
361.0
500.0
500.0
500.0
500.0
500.0
500.0
500.0
480.0
500.0
500.0
500.0
500.0
500.0
500.0
376.0
232.0
500.0
500.0
500.0
500.0
500.0
500.0
500.0
500.0
111.0
500.0
500.0
500.0
500.0
500.0
500.0
500.0
500.0
500.0
500.0
500.0
500.0
500.0
500.0
376.0
500.0
500.0
364.0
497.0
500.0
500.0
500.0
500.0
500.0
500.0
500.0
500.0
500.0
484.0
500.0
500.0
500.0
500.0
500.0
500.0
500.0
500.0
500.0
500.0
500.0
436.0
500.0
500.0
500.0
500.0
500.0
500.0
500.0
500.0
500.0
491.0
500.0
500.0
500.0
500.0
500.0
500.0
500.0
500.0
500.0
493.0
500.0
500.0
500.0
500.0
500.0
500.0
500.0
500.0
500.0
500.0
500.0
436.0
500.0
171.0
500.0
500.0
500.0
500.0
500.0
455.0
191.0
500.0
500.0
500.0
498.0
500.0
127.0
500.0
500.0
500.0
453.0
500.0
500.0
500.0
500.0
500.0
483.0
459.0
500.0
240.0
500.0
500.0
500.0
500.0
500.0
500.0
500.0
500.0
500.0
500.0
381.0
500.0
500.0
500.0
500.0
500.0
377.0
500.0
500.0
500.0
500.0
500.0
500.0
500.0
500.0
500.0
330.0
500.0
500.0
500.0
500.0
500.0
463.0
500.0
500.0
175.0
500.0
500.0
500.0
500.0
500.0
500.0
500.0
500.0
500.0
500.0
500.0
500.0
500.0
500.0
500.0
500.0
500.0
500.0
416.0
500.0
500.0
500.0
500.0
500.0
407.0
500.0
500.0
500.0
500.0
500.0
500.0
500.0
500.0
500.0
500.0
500.0
500.0
322.0
153.0
500.0
500.0
500.0
500.0
500.0
264.0
500.0
500.0
500.0
500.0
192.0
500.0
500.0
500.0
500.0
500.0
500.0
500.0
500.0
500.0
500.0
500.0
500.0
52.0
231.0
221.0
500.0
500.0
500.0
500.0
500.0
500.0
500.0
500.0
500.0
500.0
475.0
500.0
500.0
500.0
500.0
320.0
500.0
500.0
500.0
500.0
293.0
500.0
342.0
500.0
500.0
500.0
500.0
500.0
500.0
489.0
500.0
500.0
500.0
500.0
500.0
500.0
121.0
500.0
500.0
500.0
500.0
500.0
500.0
450.0
197.0
500.0
500.0
500.0
500.0
500.0
500.0
500.0
41.0
500.0
500.0
500.0
500.0
500.0
500.0
500.0
500.0
500.0
500.0
500.0
500.0
500.0
500.0
500.0
500.0
500.0
500.0
500.0
500.0
500.0
225.0
500.0
500.0
500.0
500.0
500.0
500.0
500.0
500.0
500.0
500.0
500.0
500.0
500.0
265.0
500.0
500.0
500.0
500.0
500.0
500.0
500.0
489.0
500.0
500.0
500.0
500.0
500.0
500.0
413.0
54.0
399.0
500.0
500.0
500.0
500.0
500.0
500.0
500.0
500.0
254.0
500.0
500.0
500.0
500.0
500.0
500.0
255.0
500.0
500.0
500.0
500.0
500.0
500.0
500.0
500.0
500.0
454.0
500.0
500.0
453.0
500.0
500.0
48.0
500.0
148.0
500.0
500.0
500.0
500.0
428.0
500.0
500.0
500.0
500.0
500.0
392.0
359.0
500.0
500.0
500.0
500.0
500.0
500.0
500.0
500.0
500.0
500.0
500.0
500.0
500.0
500.0
500.0
500.0
500.0
500.0
500.0
500.0
500.0
171.0
500.0
500.0
500.0
500.0
174.0
500.0
205.0
500.0
500.0
444.0
500.0
500.0
500.0
500.0
500.0
500.0
500.0
500.0
500.0
500.0
488.0
500.0
500.0
500.0
500.0
500.0
500.0
500.0
500.0
500.0
500.0
500.0
500.0
448.0
500.0
500.0
500.0
500.0
500.0
500.0
500.0
500.0
500.0
500.0
500.0
500.0
500.0
170.0
500.0
500.0
500.0
500.0
500.0
500.0
500.0
500.0
410.0
500.0
500.0
500.0
500.0
500.0
204.0
500.0
500.0
468.0
500.0
500.0
454.0
500.0
500.0
500.0
500.0
500.0
500.0
500.0
500.0
500.0
500.0
500.0
492.0
500.0
500.0
500.0
500.0
170.0
500.0
500.0
500.0
500.0
51.0
258.0
131.0
500.0
500.0
500.0
500.0
500.0
500.0
500.0
500.0
500.0
500.0
500.0
500.0
500.0
500.0
500.0
182.0
500.0
176.0
500.0
500.0
500.0
500.0
500.0
500.0
500.0
500.0
500.0
500.0
500.0
500.0
500.0
500.0
500.0
500.0
500.0
500.0
500.0
500.0
500.0
500.0
500.0
500.0
500.0
500.0
500.0
500.0
500.0
500.0
500.0
500.0
500.0
489.0
500.0
500.0
500.0
396.0
124.0
500.0
500.0
500.0
500.0
500.0
500.0
500.0
500.0
500.0
500.0
288.0
500.0
500.0
500.0
500.0
500.0
477.0
500.0
500.0
406.0
500.0
500.0
500.0
500.0
500.0
500.0
52.0
500.0
500.0
500.0
500.0
500.0
500.0
500.0
500.0
500.0
500.0
156.0
500.0
500.0
500.0
500.0
244.0
500.0
500.0
500.0
500.0
500.0
500.0
500.0
500.0
500.0
500.0
500.0
500.0
259.0
500.0
500.0
500.0
500.0
500.0
500.0
500.0
500.0
500.0
500.0
500.0
500.0
500.0
500.0
500.0
500.0
500.0
500.0
500.0
500.0
500.0
500.0
500.0
500.0
500.0
500.0
382.0
500.0
500.0
500.0
500.0
500.0
500.0
500.0
500.0
500.0
500.0
500.0
419.0
500.0
500.0
500.0
500.0
141.0
395.0
500.0
500.0
500.0
500.0
500.0
500.0
500.0
500.0
500.0
500.0
387.0
237.0
500.0
500.0
500.0
500.0
500.0
500.0
500.0
500.0
500.0
500.0
500.0
500.0
500.0
500.0
500.0
500.0
500.0
500.0
500.0
500.0
500.0
500.0
500.0
500.0
500.0
500.0
500.0
500.0
500.0
500.0
500.0
500.0
480.0
500.0
500.0
500.0
500.0
500.0
500.0
500.0
500.0
500.0
184.0
164.0
169.0
500.0
500.0
500.0
456.0
500.0
500.0
500.0
500.0
500.0
490.0
500.0
500.0
500.0
500.0
500.0
500.0
500.0
500.0
500.0
500.0
500.0
500.0
500.0
500.0
500.0
500.0
500.0
500.0
500.0
500.0
500.0
500.0
500.0
500.0
500.0
500.0
500.0
500.0
500.0
500.0
500.0
500.0
500.0
500.0
500.0
500.0
459.0
500.0
500.0
500.0
500.0
500.0
500.0
500.0
500.0
500.0
500.0
500.0
500.0
500.0
500.0
500.0
500.0
500.0
500.0
500.0
500.0
500.0
500.0
500.0
500.0
500.0
500.0
500.0
500.0
452.0
500.0
343.0
500.0
500.0
500.0
500.0
500.0
500.0
500.0
500.0
500.0
246.0
500.0
500.0
500.0
500.0
500.0
500.0
500.0
500.0
500.0
500.0
436.0
500.0
174.0
500.0
500.0
500.0
479.0
500.0
500.0
500.0
500.0
500.0
500.0
500.0
500.0
500.0
500.0
500.0
500.0
500.0
500.0
500.0
500.0
500.0
500.0
500.0
176.0
500.0
500.0
500.0
500.0
500.0
500.0
432.0
185.0
500.0
80.0
190.0
500.0
500.0
500.0
500.0
500.0
500.0
500.0
500.0
500.0
235.0
500.0
500.0
500.0
500.0
500.0
500.0
392.0
500.0
500.0
500.0
500.0
500.0
500.0
500.0
500.0
500.0
500.0
500.0
500.0
429.0
500.0
306.0
500.0
500.0
500.0
500.0
500.0
500.0
500.0
164.0
500.0
500.0
500.0
279.0
500.0
500.0
500.0
500.0
431.0
220.0
500.0
140.0
500.0
500.0
500.0
500.0
500.0
500.0
500.0
500.0
500.0
500.0
493.0
500.0
396.0
269.0
500.0
239.0
500.0
500.0
500.0
291.0
500.0
194.0
500.0
500.0
500.0
500.0
500.0
500.0
420.0
500.0
500.0
500.0
500.0
500.0
500.0
500.0
500.0
500.0
500.0
500.0
500.0
500.0
500.0
500.0
500.0
500.0
500.0
500.0
39.0
500.0
500.0
500.0
500.0
500.0
500.0
500.0
285.0
500.0
500.0
500.0
470.0
130.0
190.0
500.0
500.0
500.0
500.0
500.0
194.0
241.0
500.0
500.0
500.0
500.0
135.0
159.0
500.0
249.0
500.0
500.0
500.0
500.0
500.0
213.0
500.0
367.0
500.0
500.0
500.0
500.0
500.0
500.0
500.0
197.0
500.0
500.0
500.0
500.0
152.0
500.0
500.0
273.0
500.0
500.0
500.0
500.0
141.0
500.0
463.0
500.0
500.0
500.0
318.0
152.0
500.0
500.0
41.0
500.0
500.0
276.0
163.0
500.0
198.0
500.0
190.0
500.0
500.0
250.0
500.0
500.0
269.0
500.0
500.0
500.0
351.0
500.0
500.0
500.0
500.0
182.0
500.0
500.0
214.0
500.0
246.0
500.0
500.0
224.0
500.0
500.0
500.0
500.0
156.0
500.0
500.0
500.0
201.0
500.0
500.0
96.0
500.0
500.0
172.0
500.0
500.0
500.0
155.0
170.0
500.0
500.0
500.0
500.0
500.0
500.0
500.0
360.0
500.0
500.0
239.0
500.0
500.0
500.0
500.0
500.0
500.0
266.0
287.0
500.0
282.0
140.0
200.0
500.0
360.0
217.0
174.0
182.0
156.0
197.0
139.0
500.0
500.0
500.0
162.0
500.0
184.0
385.0
362.0
500.0
500.0
500.0
183.0
179.0
500.0
149.0
200.0
500.0
193.0
223.0
468.0
190.0
201.0
500.0
165.0
64.0
500.0
500.0
500.0
500.0
500.0
500.0
148.0
256.0
170.0
500.0
458.0
500.0
265.0
166.0
500.0
260.0
199.0
196.0
25.0
500.0
176.0
251.0
390.0
182.0
267.0
189.0
187.0
203.0
191.0
193.0
128.0
253.0
500.0
190.0
113.0
170.0
350.0
500.0
217.0
383.0
152.0
500.0
202.0
328.0
500.0
500.0
180.0
172.0
71.0
400.0
215.0
500.0
408.0
239.0
500.0
222.0
500.0
500.0
124.0
424.0
185.0
176.0
255.0
273.0
113.0
143.0
67.0
93.0
94.0
152.0
149.0
103.0
500.0
239.0
148.0
208.0
95.0
361.0
500.0
272.0
500.0
229.0
296.0
193.0
92.0
211.0
39.0
143.0
439.0
284.0
86.0
175.0
84.0
292.0
161.0
194.0
140.0
116.0
500.0
168.0
306.0
94.0
49.0
132.0
44.0
98.0
164.0
291.0
364.0
61.0
302.0
261.0
107.0
163.0
500.0
285.0
226.0
92.0
247.0
201.0
146.0
176.0
500.0
500.0
130.0
205.0
192.0
334.0
410.0
357.0
274.0
500.0
138.0
220.0
311.0
500.0
500.0
304.0
216.0
89.0
174.0
54.0
500.0
130.0
209.0
500.0
500.0
366.0
209.0
304.0
363.0
211.0
302.0
253.0
194.0
500.0
286.0
368.0
218.0
213.0
101.0
478.0
136.0
140.0
44.0
174.0
500.0
172.0
211.0
500.0
305.0
194.0
189.0
81.0
226.0
155.0
500.0
265.0
300.0
207.0
385.0
281.0
269.0
278.0
161.0
275.0
99.0
72.0
500.0
136.0
170.0
362.0
328.0
283.0
246.0
309.0
166.0
407.0
194.0
178.0
292.0
216.0
149.0
176.0
500.0
112.0
127.0
83.0
312.0
500.0
229.0
186.0
217.0
279.0
305.0
500.0
367.0
154.0
300.0
425.0
145.0
189.0
297.0
186.0
114.0
104.0
399.0
277.0
118.0
230.0
194.0
500.0
139.0
500.0
178.0
171.0
190.0
297.0
414.0
359.0
198.0
161.0
212.0
337.0
500.0
70.0
40.0
500.0
181.0
154.0
148.0
275.0
227.0
306.0
500.0
117.0
275.0
182.0
303.0
370.0
201.0
375.0
362.0
213.0
91.0
190.0
166.0
500.0
160.0
295.0
500.0
187.0
389.0
160.0
311.0
107.0
194.0
196.0
389.0
60.0
500.0
293.0
500.0
36.0
181.0
144.0
114.0
500.0
264.0
500.0
500.0
500.0
500.0
391.0
500.0
500.0
398.0
500.0
165.0
500.0
500.0
500.0
500.0
500.0
500.0
121.0
160.0
500.0
247.0
500.0
500.0
500.0
442.0
313.0
500.0
306.0
500.0
500.0
500.0
166.0
500.0
500.0
500.0
264.0
500.0
324.0
500.0
107.0
500.0
160.0
500.0
275.0
500.0
216.0
500.0
500.0
500.0
177.0
349.0
500.0
500.0
219.0
227.0
153.0
500.0
180.0
500.0
500.0
500.0
500.0
500.0
170.0
247.0
243.0
500.0
279.0
500.0
274.0
500.0
340.0
262.0
292.0
500.0
500.0
500.0
324.0
335.0
272.0
500.0
291.0
383.0
500.0
438.0
500.0
500.0
340.0
500.0
159.0
376.0
500.0
500.0
500.0
323.0
191.0
237.0
254.0
165.0
500.0
500.0
342.0
500.0
210.0
192.0
500.0
500.0
165.0
265.0
298.0
500.0
268.0
500.0
241.0
280.0
205.0
500.0
172.0
405.0
500.0
500.0
500.0
500.0
321.0
188.0
500.0
304.0
159.0
154.0
360.0
342.0
500.0
219.0
500.0
500.0
210.0
500.0
500.0
500.0
500.0
191.0
263.0
232.0
500.0
500.0
310.0
500.0
500.0
500.0
258.0
500.0
165.0
500.0
163.0
202.0
500.0
327.0
500.0
462.0
184.0
500.0
171.0
159.0
184.0
500.0
319.0
500.0
343.0
188.0
500.0
335.0
500.0
500.0
500.0
233.0
171.0
500.0
212.0
500.0
311.0
228.0
85.0
500.0
500.0
500.0
405.0
149.0
181.0
157.0
500.0
500.0
211.0
145.0
112.0
500.0
345.0
500.0
500.0
500.0
500.0
209.0
500.0
315.0
233.0
500.0
233.0
260.0
500.0
274.0
285.0
500.0
500.0
360.0
392.0
302.0
500.0
500.0
297.0
303.0
500.0
500.0
500.0
500.0
500.0
221.0
500.0
199.0
500.0
500.0
109.0
500.0
500.0
217.0
152.0
500.0
500.0
500.0
290.0
500.0
500.0
500.0
500.0
500.0
500.0
297.0
123.0
500.0
323.0
405.0
255.0
500.0
108.0
500.0
214.0
210.0
231.0
500.0
500.0
500.0
169.0
154.0
500.0
500.0
173.0
209.0
248.0
172.0
500.0
500.0
314.0
500.0
186.0
500.0
500.0
303.0
195.0
500.0
500.0
303.0
500.0
292.0
500.0
500.0
500.0
500.0
500.0
500.0
500.0
319.0
500.0
500.0
500.0
500.0
500.0
500.0
500.0
500.0
500.0
500.0
500.0
500.0
329.0
500.0
326.0
363.0
500.0
500.0
500.0
500.0
146.0
500.0
286.0
500.0
500.0
407.0
319.0
500.0
302.0
500.0
230.0
158.0
500.0
239.0
500.0
500.0
500.0
500.0
500.0
500.0
277.0
264.0
500.0
500.0
500.0
500.0
500.0
153.0
500.0
500.0
271.0
500.0
291.0
260.0
319.0
500.0
500.0
500.0
500.0
500.0
206.0
160.0
500.0
204.0
352.0
336.0
500.0
399.0
500.0
500.0
176.0
71.0
500.0
500.0
500.0
203.0
500.0
500.0
321.0
500.0
500.0
500.0
203.0
286.0
389.0
500.0
380.0
500.0
500.0
500.0
500.0
500.0
425.0
500.0
500.0
500.0
41.0
249.0
500.0
500.0
500.0
500.0
500.0
500.0
167.0
329.0
258.0
500.0
267.0
238.0
139.0
500.0
259.0
500.0
500.0
229.0
500.0
500.0
500.0
500.0
120.0
500.0
238.0
128.0
500.0
500.0
325.0
236.0
299.0
500.0
500.0
248.0
396.0
259.0
214.0
307.0
500.0
500.0
236.0
500.0
249.0
500.0
374.0
294.0
183.0
500.0
500.0
174.0
500.0
500.0
500.0
318.0
357.0
500.0
333.0
500.0
162.0
500.0
500.0
241.0
213.0
500.0
364.0
300.0
231.0
185.0
230.0
220.0
168.0
500.0
500.0
500.0
155.0
500.0
45.0
500.0
500.0
398.0
265.0
500.0
357.0
271.0
500.0
219.0
500.0
500.0
500.0
500.0
216.0
213.0
500.0
404.0
296.0
237.0
209.0
102.0
500.0
478.0
500.0
500.0
262.0
500.0
500.0
500.0
275.0
500.0
242.0
500.0
389.0
500.0
500.0
500.0
500.0
500.0
500.0
328.0
183.0
275.0
249.0
157.0
500.0
500.0
500.0
500.0
500.0
500.0
500.0
379.0
121.0
500.0
500.0
500.0
500.0
312.0
158.0
500.0
439.0
500.0
360.0
500.0
500.0
236.0
500.0
204.0
500.0
276.0
500.0
500.0
264.0
244.0
381.0
500.0
500.0
500.0
500.0
500.0
193.0
290.0
115.0
500.0
162.0
255.0
204.0
153.0
294.0
500.0
500.0
500.0
500.0
500.0
500.0
161.0
500.0
500.0
500.0
144.0
330.0
500.0
500.0
500.0
121.0
500.0
237.0
358.0
112.0
302.0
143.0
500.0
126.0
500.0
474.0
277.0
319.0
500.0
500.0
500.0
500.0
107.0
500.0
500.0
500.0
205.0
315.0
360.0
500.0
181.0
230.0
500.0
413.0
340.0
500.0
226.0
284.0
500.0
500.0
302.0
319.0
226.0
500.0
232.0
319.0
500.0
154.0
500.0
480.0
251.0
500.0
235.0
500.0
500.0
340.0
331.0
163.0
500.0
314.0
204.0
257.0
500.0
500.0
500.0
500.0
212.0
234.0
500.0
500.0
306.0
273.0
500.0
360.0
275.0
321.0
263.0
500.0
341.0
306.0
251.0
235.0
500.0
500.0
209.0
500.0
362.0
204.0
258.0
500.0
500.0
127.0
500.0
155.0
311.0
59.0
219.0
260.0
135.0
500.0
500.0
246.0
377.0
500.0
500.0
500.0
306.0
500.0
309.0
500.0
284.0
500.0
500.0
500.0
228.0
500.0
155.0
220.0
500.0
500.0
500.0
500.0
500.0
247.0
500.0
309.0
500.0
296.0
319.0
500.0
166.0
268.0
500.0
142.0
186.0
500.0
500.0
500.0
500.0
131.0
500.0
256.0
232.0
500.0
196.0
500.0
500.0
500.0
170.0
500.0
500.0
133.0
500.0
243.0
500.0
111.0
500.0
500.0
500.0
500.0
500.0
500.0
500.0
500.0
89.0
500.0
500.0
170.0
224.0
500.0
219.0
179.0
500.0
500.0
500.0
239.0
500.0
500.0
265.0
209.0
204.0
500.0
500.0
390.0
160.0
265.0
500.0
372.0
216.0
500.0
198.0
290.0
500.0
500.0
500.0
223.0
500.0
500.0
500.0
246.0
366.0
370.0
500.0
131.0
500.0
500.0
158.0
180.0
500.0
104.0
500.0
156.0
169.0
215.0
500.0
500.0
500.0
500.0
500.0
89.0
166.0
128.0
500.0
500.0
231.0
500.0
500.0
259.0
160.0
213.0
210.0
248.0
144.0
500.0
500.0
188.0
500.0
49.0
500.0
117.0
500.0
500.0
500.0
500.0
105.0
500.0
103.0
500.0
500.0
500.0
217.0
500.0
314.0
500.0
500.0
297.0
500.0
95.0
370.0
500.0
125.0
77.0
500.0
288.0
170.0
148.0
500.0
500.0
197.0
500.0
381.0
257.0
500.0
156.0
500.0
249.0
229.0
306.0
112.0
500.0
500.0
290.0
500.0
500.0
145.0
500.0
249.0
500.0
500.0
408.0
500.0
342.0
183.0
500.0
147.0
500.0
265.0
252.0
500.0
272.0
267.0
43.0
500.0
500.0
500.0
315.0
71.0
500.0
500.0
500.0
500.0
500.0
245.0
500.0
500.0
359.0
273.0
295.0
500.0
75.0
500.0
277.0
241.0
500.0
107.0
443.0
500.0
326.0
500.0
500.0
500.0
258.0
500.0
204.0
500.0
115.0
500.0
500.0
500.0
253.0
262.0
500.0
500.0
500.0
74.0
500.0
500.0
236.0
500.0
167.0
500.0
278.0
500.0
175.0
500.0
369.0
288.0
500.0
141.0
216.0
298.0
182.0
439.0
217.0
500.0
500.0
249.0
158.0
291.0
214.0
272.0
500.0
234.0
149.0
500.0
469.0
500.0
500.0
500.0
500.0
149.0
500.0
244.0
489.0
500.0
143.0
45.0
174.0
500.0
162.0
500.0
500.0
500.0
500.0
500.0
500.0
500.0
500.0
500.0
500.0
500.0
500.0
500.0
431.0
500.0
500.0
87.0
44.0
500.0
500.0
174.0
291.0
202.0
500.0
500.0
500.0
500.0
135.0
500.0
232.0
500.0
500.0
500.0
500.0
500.0
120.0
294.0
459.0
500.0
500.0
151.0
500.0
500.0
500.0
500.0
500.0
500.0
500.0
500.0
500.0
500.0
135.0
500.0
500.0
500.0
500.0
234.0
500.0
500.0
500.0
500.0
500.0
500.0
500.0
500.0
500.0
500.0
500.0
500.0
500.0
500.0
193.0
500.0
500.0
500.0
187.0
500.0
487.0
225.0
500.0
500.0
500.0
500.0
500.0
158.0
500.0
500.0
500.0
500.0
500.0
500.0
500.0
500.0
500.0
500.0
500.0
500.0
312.0
500.0
131.0
500.0
500.0
500.0
96.0
500.0
340.0
500.0
500.0
500.0
500.0
500.0
500.0
500.0
500.0
500.0
500.0
500.0
500.0
500.0
330.0
500.0
183.0
500.0
500.0
500.0
500.0
500.0
500.0
500.0
465.0
500.0
497.0
159.0
320.0
500.0
500.0
500.0
500.0
470.0
500.0
500.0
500.0
500.0
126.0
500.0
500.0
500.0
500.0
500.0
500.0
500.0
110.0
143.0
500.0
500.0
215.0
247.0
500.0
500.0
500.0
116.0
500.0
500.0
500.0
500.0
500.0
500.0
500.0
500.0
500.0
500.0
500.0
216.0
500.0
500.0
389.0
339.0
500.0
500.0
500.0
500.0
500.0
134.0
500.0
500.0
500.0
500.0
500.0
500.0
500.0
500.0
61.0
500.0
500.0
500.0
500.0
500.0
500.0
500.0
500.0
500.0
500.0
500.0
500.0
207.0
232.0
500.0
500.0
91.0
101.0
249.0
500.0
154.0
308.0
500.0
500.0
500.0
500.0
500.0
500.0
500.0
500.0
500.0
500.0
430.0
145.0
500.0
438.0
500.0
419.0
500.0
500.0
500.0
500.0
500.0
500.0
500.0
191.0
500.0
270.0
500.0
395.0
500.0
500.0
500.0
500.0
500.0
221.0
369.0
238.0
500.0
500.0
500.0
500.0
338.0
146.0
500.0
210.0
500.0
384.0
104.0
500.0
500.0
500.0
299.0
500.0
500.0
500.0
500.0
500.0
500.0
500.0
500.0
500.0
320.0
500.0
491.0
500.0
500.0
500.0
500.0
114.0
242.0
500.0
500.0
423.0
500.0
500.0
500.0
500.0
500.0
500.0
92.0
500.0
500.0
500.0
500.0
500.0
500.0
500.0
500.0
500.0
268.0
500.0
500.0
311.0
500.0
500.0
500.0
171.0
500.0
500.0
500.0
214.0
500.0
500.0
500.0
208.0
461.0
500.0
100.0
500.0
500.0
500.0
500.0
500.0
188.0
500.0
500.0
500.0
500.0
500.0
500.0
500.0
500.0
500.0
500.0
500.0
500.0
500.0
500.0
500.0
500.0
500.0
500.0
92.0
204.0
500.0
500.0
500.0
500.0
500.0
113.0
443.0
500.0
484.0
500.0
500.0
117.0
500.0
500.0
500.0
500.0
210.0
500.0
131.0
128.0
500.0
500.0
500.0
106.0
500.0
500.0
500.0
500.0
500.0
500.0
500.0
124.0
500.0
89.0
302.0
500.0
500.0
500.0
500.0
118.0
500.0
500.0
500.0
500.0
500.0
500.0
500.0
135.0
500.0
500.0
500.0
500.0
164.0
500.0
500.0
500.0
500.0
500.0
500.0
500.0
500.0
121.0
500.0
500.0
210.0
500.0
499.0
500.0
500.0
198.0
500.0
500.0
500.0
500.0
500.0
127.0
500.0
221.0
340.0
101.0
500.0
500.0
500.0
500.0
263.0
500.0
500.0
500.0
500.0
163.0
500.0
207.0
500.0
500.0
500.0
500.0
107.0
500.0
500.0
500.0
500.0
500.0
500.0
41.0
500.0
500.0
500.0
130.0
500.0
500.0
500.0
500.0
500.0
500.0
500.0
500.0
500.0
500.0
500.0
153.0
500.0
500.0
500.0
500.0
500.0
107.0
500.0
500.0
89.0
500.0
500.0
500.0
500.0
500.0
500.0
500.0
500.0
500.0
500.0
97.0
500.0
244.0
500.0
500.0
500.0
500.0
500.0
500.0
182.0
416.0
360.0
500.0
500.0
500.0
500.0
259.0
500.0
148.0
500.0
460.0
500.0
500.0
500.0
98.0
500.0
500.0
145.0
500.0
134.0
500.0
500.0
500.0
500.0
128.0
435.0
500.0
500.0
500.0
500.0
500.0
500.0
339.0
500.0
500.0
500.0
500.0
500.0
500.0
500.0
500.0
500.0
370.0
500.0
500.0
500.0
248.0
500.0
500.0
165.0
500.0
500.0
500.0
500.0
458.0
500.0
500.0
500.0
500.0
500.0
500.0
129.0
500.0
500.0
262.0
500.0
500.0
500.0
334.0
500.0
500.0
500.0
311.0
500.0
335.0
500.0
500.0
500.0
162.0
500.0
500.0
500.0
500.0
500.0
500.0
500.0
500.0
500.0
500.0
291.0
500.0
176.0
197.0
500.0
500.0
500.0
423.0
500.0
500.0
119.0
500.0
500.0
500.0
500.0
500.0
500.0
500.0
500.0
500.0
500.0
500.0
500.0
500.0
175.0
500.0
500.0
500.0
500.0
500.0
500.0
222.0
500.0
500.0
500.0
500.0
500.0
274.0
500.0
500.0
500.0
500.0
500.0
500.0
500.0
162.0
500.0
500.0
500.0
500.0
500.0
500.0
500.0
222.0
500.0
500.0
500.0
500.0
500.0
500.0
500.0
93.0
124.0
500.0
198.0
500.0
500.0
276.0
500.0
500.0
500.0
500.0
500.0
161.0
89.0
466.0
500.0
500.0
500.0
232.0
500.0
500.0
500.0
500.0
500.0
500.0
500.0
500.0
500.0
500.0
201.0
500.0
500.0
124.0
130.0
500.0
500.0
500.0
500.0
500.0
500.0
500.0
470.0
500.0
500.0
500.0
88.0
500.0
187.0
500.0
500.0
376.0
500.0
132.0
500.0
500.0
500.0
500.0
317.0
500.0
500.0
500.0
500.0
500.0
500.0
500.0
283.0
500.0
500.0
413.0
500.0
500.0
500.0
500.0
500.0
500.0
500.0
500.0
500.0
500.0
271.0
500.0
237.0
500.0
500.0
77.0
500.0
59.0
500.0
500.0
285.0
500.0
500.0
500.0
500.0
500.0
500.0
500.0
500.0
500.0
500.0
500.0
500.0
500.0
500.0
500.0
500.0
500.0
500.0
500.0
500.0
500.0
500.0
444.0
152.0
500.0
500.0
500.0
500.0
56.0
387.0
245.0
500.0
500.0
267.0
500.0
500.0
500.0
226.0
355.0
500.0
500.0
500.0
500.0
500.0
299.0
288.0
440.0
242.0
500.0
500.0
455.0
500.0
500.0
369.0
500.0
274.0
500.0
398.0
500.0
500.0
495.0
98.0
500.0
235.0
212.0
500.0
222.0
500.0
500.0
500.0
500.0
500.0
500.0
500.0
500.0
500.0
147.0
500.0
500.0
500.0
500.0
500.0
252.0
500.0
500.0
235.0
500.0
500.0
500.0
179.0
500.0
117.0
500.0
500.0
500.0
500.0
500.0
500.0
500.0
500.0
500.0
500.0
137.0
500.0
500.0
240.0
500.0
500.0
97.0
500.0
500.0
500.0
500.0
500.0
500.0
500.0
500.0
500.0
500.0
500.0
345.0
500.0
236.0
500.0
500.0
500.0
500.0
500.0
222.0
219.0
500.0
500.0
337.0
500.0
500.0
335.0
500.0
500.0
500.0
500.0
500.0
500.0
326.0
500.0
249.0
500.0
500.0
258.0
500.0
500.0
156.0
500.0
500.0
500.0
205.0
500.0
500.0
500.0
500.0
500.0
323.0
500.0
500.0
500.0
500.0
500.0
222.0
500.0
500.0
500.0
500.0
500.0
168.0
500.0
500.0
500.0
500.0
500.0
500.0
500.0
500.0
500.0
500.0
361.0
305.0
275.0
333.0
413.0
500.0
500.0
500.0
159.0
500.0
500.0
500.0
314.0
500.0
500.0
500.0
500.0
500.0
500.0
500.0
500.0
500.0
500.0
500.0
245.0
163.0
500.0
317.0
500.0
500.0
500.0
500.0
477.0
316.0
500.0
152.0
500.0
500.0
500.0
500.0
500.0
500.0
500.0
500.0
500.0
500.0
500.0
500.0
366.0
500.0
500.0
500.0
360.0
290.0
500.0
500.0
500.0
500.0
150.0
391.0
500.0
500.0
500.0
500.0
227.0
500.0
500.0
500.0
500.0
500.0
359.0
500.0
500.0
500.0
500.0
500.0
500.0
500.0
350.0
500.0
500.0
500.0
500.0
500.0
500.0
500.0
500.0
500.0
500.0
500.0
500.0
500.0
500.0
500.0
500.0
500.0
480.0
500.0
500.0
500.0
500.0
500.0
500.0
500.0
500.0
500.0
500.0
390.0
500.0
500.0
500.0
500.0
450.0
500.0
500.0
500.0
500.0
500.0
500.0
500.0
500.0
500.0
500.0
500.0
500.0
500.0
305.0
500.0
500.0
500.0
500.0
500.0
500.0
500.0
291.0
500.0
500.0
156.0
500.0
500.0
500.0
500.0
500.0
500.0
500.0
500.0
500.0
470.0
500.0
500.0
500.0
194.0
458.0
500.0
500.0
241.0
252.0
500.0
500.0
500.0
500.0
500.0
500.0
500.0
500.0
500.0
347.0
500.0
500.0
500.0
500.0
500.0
500.0
220.0
500.0
500.0
500.0
500.0
223.0
500.0
500.0
115.0
500.0
500.0
500.0
500.0
500.0
500.0
500.0
160.0
500.0
432.0
500.0
500.0
500.0
500.0
238.0
500.0
238.0
186.0
500.0
500.0
500.0
269.0
297.0
225.0
500.0
500.0
500.0
500.0
384.0
243.0
500.0
500.0
286.0
306.0
500.0
500.0
500.0
500.0
500.0
500.0
500.0
500.0
442.0
304.0
500.0
500.0
500.0
424.0
500.0
333.0
340.0
387.0
255.0
334.0
500.0
500.0
218.0
500.0
500.0
500.0
500.0
500.0
500.0
500.0
500.0
500.0
220.0
372.0
341.0
301.0
500.0
315.0
361.0
486.0
500.0
500.0
203.0
500.0
363.0
206.0
500.0
500.0
500.0
309.0
500.0
500.0
239.0
500.0
500.0
500.0
500.0
500.0
204.0
327.0
319.0
495.0
263.0
500.0
482.0
199.0
500.0
500.0
500.0
227.0
433.0
202.0
437.0
302.0
500.0
500.0
500.0
500.0
500.0
500.0
500.0
488.0
500.0
262.0
96.0
500.0
493.0
188.0
262.0
500.0
197.0
500.0
500.0
500.0
500.0
500.0
500.0
304.0
282.0
116.0
278.0
170.0
500.0
500.0
161.0
500.0
144.0
500.0
250.0
500.0
129.0
500.0
411.0
500.0
259.0
500.0
500.0
500.0
153.0
500.0
500.0
500.0
500.0
500.0
299.0
500.0
500.0
500.0
438.0
247.0
271.0
500.0
500.0
500.0
500.0
500.0
500.0
500.0
500.0
281.0
500.0
394.0
232.0
500.0
500.0
500.0
500.0
500.0
500.0
181.0
230.0
306.0
186.0
500.0
500.0
500.0
225.0
200.0
134.0
218.0
249.0
500.0
500.0
236.0
500.0
500.0
155.0
500.0
287.0
500.0
500.0
250.0
148.0
500.0
500.0
39.0
53.0
500.0
500.0
500.0
296.0
500.0
500.0
500.0
500.0
500.0
500.0
500.0
397.0
500.0
500.0
500.0
500.0
500.0
292.0
500.0
500.0
500.0
500.0
376.0
500.0
500.0
500.0
500.0
227.0
291.0
293.0
500.0
155.0
500.0
500.0
500.0
120.0
500.0
500.0
500.0
500.0
497.0
500.0
500.0
500.0
500.0
169.0
500.0
500.0
255.0
500.0
500.0
500.0
500.0
500.0
500.0
273.0
284.0
500.0
500.0
500.0
500.0
500.0
500.0
500.0
209.0
500.0
500.0
500.0
363.0
500.0
500.0
500.0
500.0
182.0
330.0
313.0
146.0
102.0
500.0
235.0
154.0
335.0
500.0
201.0
500.0
500.0
500.0
500.0
332.0
500.0
376.0
500.0
500.0
211.0
500.0
211.0
500.0
500.0
490.0
258.0
500.0
500.0
209.0
500.0
317.0
179.0
500.0
218.0
500.0
163.0
500.0
205.0
500.0
500.0
500.0
500.0
500.0
500.0
500.0
500.0
500.0
500.0
500.0
500.0
141.0
500.0
500.0
500.0
500.0
500.0
500.0
500.0
292.0
500.0
500.0
500.0
479.0
500.0
100.0
500.0
500.0
500.0
500.0
214.0
123.0
180.0
500.0
500.0
500.0
490.0
277.0
500.0
177.0
121.0
500.0
500.0
328.0
500.0
119.0
500.0
160.0
500.0
500.0
196.0
500.0
339.0
500.0
146.0
500.0
500.0
464.0
500.0
500.0
500.0
200.0
155.0
500.0
500.0
500.0
500.0
232.0
500.0
500.0
500.0
500.0
500.0
240.0
500.0
500.0
224.0
500.0
162.0
500.0
500.0
500.0
500.0
184.0
500.0
353.0
202.0
351.0
99.0
247.0
500.0
500.0
500.0
500.0
500.0
500.0
500.0
500.0
500.0
364.0
500.0
500.0
500.0
116.0
249.0
500.0
125.0
341.0
462.0
105.0
485.0
500.0
178.0
500.0
500.0
500.0
250.0
500.0
122.0
191.0
500.0
500.0
491.0
500.0
160.0
500.0
500.0
183.0
500.0
500.0
500.0
500.0
500.0
500.0
500.0
201.0
137.0
500.0
500.0
500.0
263.0
230.0
174.0
500.0
343.0
165.0
500.0
500.0
133.0
500.0
500.0
500.0
500.0
500.0
500.0
45.0
500.0
500.0
500.0
500.0
500.0
500.0
74.0
150.0
500.0
112.0
322.0
500.0
262.0
465.0
500.0
500.0
275.0
500.0
500.0
500.0
199.0
500.0
500.0
279.0
500.0
500.0
500.0
500.0
211.0
194.0
500.0
500.0
500.0
100.0
364.0
500.0
500.0
500.0
500.0
316.0
500.0
500.0
500.0
234.0
51.0
500.0
500.0
237.0
428.0
120.0
500.0
500.0
262.0
500.0
500.0
500.0
500.0
500.0
252.0
500.0
500.0
116.0
500.0
500.0
233.0
166.0
132.0
244.0
118.0
500.0
500.0
500.0
500.0
500.0
500.0
302.0
500.0
500.0
373.0
500.0
258.0
500.0
500.0
350.0
500.0
500.0
500.0
139.0
92.0
158.0
197.0
500.0
173.0
264.0
500.0
500.0
180.0
493.0
257.0
471.0
500.0
315.0
500.0
162.0
500.0
500.0
218.0
500.0
208.0
149.0
500.0
500.0
500.0
500.0
214.0
500.0
500.0
500.0
500.0
168.0
500.0
500.0
323.0
500.0
500.0
500.0
500.0
499.0
109.0
500.0
500.0
197.0
500.0
500.0
500.0
500.0
500.0
154.0
465.0
499.0
247.0
160.0
500.0
500.0
500.0
500.0
500.0
500.0
300.0
500.0
500.0
453.0
500.0
500.0
270.0
143.0
500.0
500.0
500.0
500.0
500.0
375.0
114.0
198.0
500.0
500.0
500.0
51.0
500.0
353.0
248.0
500.0
500.0
478.0
500.0
500.0
500.0
500.0
500.0
380.0
400.0
170.0
153.0
157.0
255.0
500.0
202.0
117.0
164.0
500.0
408.0
500.0
205.0
340.0
500.0
500.0
500.0
500.0
500.0
500.0
500.0
337.0
271.0
268.0
500.0
107.0
173.0
500.0
500.0
240.0
500.0
500.0
302.0
500.0
500.0
500.0
500.0
500.0
160.0
500.0
154.0
337.0
500.0
481.0
500.0
403.0
168.0
500.0
500.0
290.0
283.0
180.0
479.0
500.0
500.0
161.0
479.0
500.0
283.0
500.0
165.0
500.0
243.0
331.0
245.0
500.0
486.0
500.0
455.0
320.0
500.0
500.0
500.0
500.0
500.0
500.0
500.0
500.0
328.0
500.0
100.0
370.0
500.0
500.0
368.0
207.0
472.0
432.0
500.0
500.0
245.0
500.0
458.0
500.0
500.0
194.0
230.0
500.0
500.0
320.0
500.0
500.0
192.0
101.0
328.0
268.0
500.0
500.0
500.0
489.0
500.0
500.0
310.0
500.0
500.0
500.0
500.0
500.0
500.0
142.0
500.0
272.0
500.0
500.0
500.0
170.0
191.0
111.0
500.0
500.0
500.0
500.0
500.0
207.0
152.0
498.0
161.0
500.0
500.0
500.0
500.0
500.0
265.0
500.0
500.0
290.0
500.0
500.0
314.0
500.0
500.0
500.0
500.0
228.0
500.0
500.0
263.0
161.0
346.0
500.0
500.0
182.0
500.0
500.0
500.0
207.0
269.0
500.0
500.0
285.0
500.0
500.0
500.0
500.0
500.0
202.0
500.0
500.0
180.0
500.0
228.0
500.0
500.0
214.0
500.0
500.0
380.0
500.0
500.0
500.0
500.0
500.0
338.0
181.0
500.0
500.0
313.0
426.0
500.0
500.0
385.0
500.0
175.0
500.0
500.0
235.0
158.0
500.0
500.0
500.0
210.0
336.0
500.0
63.0
236.0
307.0
187.0
500.0
292.0
155.0
500.0
500.0
398.0
109.0
495.0
108.0
500.0
500.0
500.0
500.0
500.0
500.0
500.0
180.0
500.0
457.0
500.0
500.0
500.0
209.0
500.0
500.0
314.0
346.0
137.0
395.0
466.0
500.0
39.0
244.0
500.0
500.0
477.0
283.0
334.0
500.0
250.0
500.0
327.0
267.0
309.0
500.0
272.0
500.0
269.0
500.0
500.0
500.0
309.0
500.0
214.0
500.0
500.0
227.0
500.0
500.0
425.0
241.0
500.0
500.0
275.0
500.0
500.0
500.0
103.0
500.0
177.0
315.0
232.0
500.0
160.0
127.0
329.0
500.0
500.0
133.0
500.0
140.0
500.0
500.0
500.0
500.0
392.0
168.0
500.0
129.0
349.0
500.0
500.0
235.0
240.0
135.0
500.0
280.0
399.0
500.0
500.0
500.0
500.0
231.0
500.0
500.0
126.0
500.0
397.0
500.0
334.0
500.0
500.0
127.0
500.0
256.0
500.0
210.0
500.0
500.0
500.0
500.0
500.0
500.0
484.0
281.0
369.0
500.0
500.0
500.0
293.0
347.0
500.0
500.0
500.0
500.0
459.0
500.0
117.0
318.0
337.0
500.0
279.0
479.0
157.0
500.0
121.0
500.0
134.0
497.0
500.0
378.0
313.0
156.0
232.0
281.0
500.0
337.0
135.0
446.0
500.0
500.0
168.0
484.0
411.0
500.0
500.0
157.0
500.0
500.0
500.0
500.0
297.0
328.0
500.0
245.0
500.0
500.0
500.0
500.0
500.0
483.0
500.0
500.0
500.0
265.0
500.0
500.0
186.0
500.0
500.0
500.0
500.0
185.0
500.0
500.0
500.0
500.0
500.0
500.0
500.0
500.0
152.0
500.0
500.0
500.0
273.0
289.0
500.0
381.0
500.0
500.0
500.0
500.0
184.0
500.0
222.0
500.0
500.0
500.0
250.0
266.0
500.0
292.0
164.0
500.0
500.0
453.0
500.0
500.0
500.0
500.0
500.0
500.0
235.0
500.0
500.0
500.0
500.0
271.0
500.0
500.0
121.0
500.0
500.0
445.0
500.0
500.0
151.0
200.0
500.0
500.0
500.0
190.0
500.0
500.0
500.0
500.0
181.0
500.0
500.0
500.0
348.0
500.0
105.0
265.0
215.0
430.0
135.0
500.0
151.0
500.0
500.0
442.0
223.0
500.0
500.0
500.0
500.0
500.0
458.0
500.0
327.0
317.0
138.0
500.0
500.0
500.0
468.0
500.0
500.0
500.0
500.0
500.0
202.0
500.0
500.0
500.0
500.0
302.0
500.0
500.0
500.0
500.0
500.0
500.0
500.0
500.0
500.0
500.0
500.0
500.0
215.0
168.0
500.0
500.0
216.0
242.0
263.0
500.0
500.0
109.0
296.0
229.0
384.0
500.0
322.0
500.0
500.0
500.0
500.0
500.0
252.0
500.0
500.0
500.0
500.0
500.0
500.0
500.0
500.0
94.0
500.0
500.0
500.0
95.0
335.0
500.0
500.0
278.0
500.0
185.0
247.0
500.0
500.0
377.0
356.0
500.0
500.0
105.0
500.0
283.0
500.0
219.0
492.0
500.0
398.0
338.0
500.0
500.0
500.0
500.0
196.0
500.0
500.0
217.0
500.0
245.0
200.0
165.0
275.0
364.0
500.0
500.0
245.0
270.0
300.0
500.0
296.0
248.0
500.0
500.0
500.0
500.0
199.0
272.0
500.0
500.0
474.0
237.0
227.0
500.0
321.0
500.0
500.0
500.0
500.0
500.0
249.0
104.0
500.0
500.0
326.0
500.0
406.0
500.0
227.0
500.0
500.0
267.0
109.0
500.0
500.0
292.0
500.0
500.0
227.0
124.0
500.0
313.0
181.0
95.0
417.0
334.0
281.0
500.0
500.0
500.0
500.0
229.0
239.0
500.0
500.0
500.0
255.0
500.0
500.0
500.0
208.0
500.0
500.0
500.0
500.0
500.0
500.0
500.0
500.0
500.0
382.0
244.0
499.0
500.0
281.0
500.0
500.0
500.0
500.0
286.0
121.0
159.0
500.0
500.0
290.0
408.0
386.0
197.0
500.0
500.0
500.0
500.0
205.0
500.0
379.0
419.0
338.0
500.0
500.0
500.0
235.0
122.0
421.0
500.0
116.0
500.0
101.0
500.0
134.0
126.0
500.0
500.0
241.0
230.0
94.0
404.0
209.0
500.0
135.0
500.0
500.0
271.0
500.0
341.0
294.0
343.0
208.0
143.0
356.0
440.0
500.0
171.0
208.0
500.0
95.0
394.0
413.0
500.0
500.0
500.0
445.0
500.0
500.0
500.0
202.0
260.0
249.0
500.0
171.0
500.0
500.0
500.0
500.0
500.0
103.0
500.0
500.0
500.0
500.0
500.0
500.0
500.0
500.0
117.0
179.0
500.0
500.0
154.0
500.0
306.0
167.0
167.0
438.0
111.0
326.0
124.0
273.0
500.0
423.0
415.0
454.0
196.0
500.0
146.0
500.0
500.0
500.0
500.0
500.0
500.0
104.0
219.0
224.0
500.0
500.0
500.0
500.0
500.0
155.0
409.0
500.0
500.0
500.0
500.0
500.0
500.0
500.0
500.0
500.0
500.0
500.0
500.0
500.0
295.0
424.0
399.0
500.0
500.0
500.0
178.0
500.0
94.0
164.0
500.0
229.0
500.0
245.0
500.0
175.0
500.0
176.0
500.0
500.0
500.0
500.0
500.0
166.0
500.0
500.0
500.0
500.0
500.0
306.0
500.0
500.0
500.0
142.0
500.0
500.0
500.0
118.0
500.0
500.0
500.0
500.0
500.0
500.0
500.0
500.0
500.0
114.0
267.0
270.0
500.0
143.0
500.0
500.0
174.0
500.0
217.0
500.0
500.0
150.0
500.0
500.0
270.0
500.0
500.0
500.0
452.0
414.0
500.0
293.0
500.0
500.0
500.0
500.0
500.0
500.0
500.0
94.0
129.0
287.0
500.0
500.0
500.0
269.0
500.0
500.0
500.0
123.0
500.0
500.0
500.0
500.0
500.0
254.0
500.0
500.0
500.0
143.0
500.0
500.0
500.0
470.0
500.0
500.0
469.0
385.0
267.0
500.0
478.0
221.0
500.0
483.0
418.0
500.0
136.0
168.0
500.0
500.0
500.0
500.0
500.0
500.0
130.0
42.0
500.0
500.0
500.0
500.0
500.0
248.0
500.0
173.0
440.0
153.0
500.0
97.0
456.0
320.0
500.0
500.0
500.0
500.0
491.0
104.0
500.0
500.0
500.0
118.0
500.0
253.0
500.0
500.0
500.0
500.0
500.0
500.0
500.0
165.0
500.0
250.0
500.0
500.0
500.0
500.0
449.0
462.0
254.0
500.0
500.0
500.0
500.0
500.0
192.0
187.0
500.0
500.0
500.0
232.0
486.0
236.0
416.0
500.0
281.0
500.0
393.0
202.0
500.0
500.0
221.0
458.0
472.0
500.0
500.0
467.0
500.0
500.0
500.0
500.0
465.0
500.0
483.0
500.0
500.0
152.0
132.0
500.0
500.0
500.0
500.0
451.0
500.0
500.0
500.0
500.0
500.0
500.0
166.0
500.0
111.0
500.0
265.0
500.0
500.0
500.0
115.0
122.0
500.0
234.0
500.0
500.0
500.0
500.0
188.0
344.0
500.0
500.0
500.0
103.0
500.0
500.0
418.0
500.0
123.0
115.0
500.0
172.0
500.0
500.0
178.0
500.0
500.0
500.0
500.0
150.0
500.0
282.0
500.0
500.0
500.0
500.0
500.0
500.0
500.0
500.0
238.0
500.0
500.0
500.0
145.0
152.0
500.0
500.0
500.0
197.0
500.0
132.0
500.0
187.0
500.0
286.0
500.0
214.0
500.0
372.0
500.0
500.0
500.0
500.0
500.0
500.0
126.0
500.0
185.0
151.0
500.0
500.0
500.0
500.0
224.0
337.0
500.0
500.0
500.0
500.0
184.0
500.0
500.0
481.0
500.0
230.0
500.0
500.0
315.0
500.0
500.0
500.0
146.0
500.0
183.0
500.0
500.0
500.0
102.0
208.0
500.0
500.0
149.0
151.0
500.0
455.0
116.0
500.0
500.0
500.0
235.0
500.0
500.0
184.0
500.0
500.0
201.0
500.0
500.0
500.0
500.0
500.0
500.0
500.0
250.0
500.0
500.0
500.0
500.0
500.0
210.0
500.0
500.0
500.0
166.0
500.0
500.0
500.0
121.0
197.0
105.0
500.0
500.0
500.0
500.0
500.0
128.0
500.0
500.0
500.0
500.0
279.0
500.0
500.0
500.0
368.0
376.0
500.0
265.0
500.0
500.0
500.0
500.0
117.0
500.0
237.0
500.0
213.0
126.0
500.0
500.0
500.0
176.0
500.0
500.0
500.0
111.0
142.0
338.0
500.0
500.0
500.0
500.0
500.0
148.0
500.0
500.0
99.0
500.0
216.0
500.0
500.0
500.0
500.0
133.0
500.0
500.0
89.0
233.0
500.0
500.0
281.0
500.0
500.0
500.0
500.0
500.0
500.0