17.0
10.0
18.0
26.0
36.0
11.0
12.0
9.0
10.0
12.0
10.0
17.0
12.0
11.0
13.0
27.0
11.0
19.0
12.0
12.0
12.0
11.0
11.0
12.0
11.0
9.0
13.0
10.0
10.0
10.0
13.0
14.0
12.0
9.0
11.0
9.0
15.0
11.0
15.0
12.0
12.0
18.0
18.0
20.0
18.0
11.0
19.0
17.0
18.0
12.0
13.0
24.0
23.0
32.0
23.0
28.0
33.0
30.0
25.0
36.0
28.0
35.0
30.0
29.0
29.0
35.0
26.0
40.0
37.0
55.0
121.0
44.0
69.0
38.0
53.0
137.0
149.0
86.0
59.0
33.0
35.0
212.0
89.0
261.0
40.0
93.0
500.0
68.0
111.0
115.0
350.0
108.0
410.0
161.0
114.0
235.0
418.0
455.0
112.0
382.0
125.0
123.0
140.0
180.0
297.0
87.0
78.0
86.0
57.0
80.0
244.0
113.0
125.0
135.0
191.0
133.0
140.0
167.0
50.0
183.0
56.0
70.0
127.0
173.0
137.0
114.0
60.0
240.0
136.0
197.0
49.0
127.0
200.0
179.0
102.0
247.0
237.0
166.0
318.0
58.0
140.0
142.0
139.0
354.0
91.0
112.0
99.0
54.0
114.0
121.0
360.0
104.0
211.0
49.0
401.0
272.0
287.0
119.0
198.0
99.0
318.0
326.0
237.0
249.0
131.0
354.0
217.0
270.0
316.0
230.0
120.0
108.0
255.0
45.0
343.0
95.0
110.0
213.0
308.0
352.0
257.0
164.0
256.0
84.0
197.0
119.0
144.0
258.0
155.0
126.0
104.0
77.0
119.0
145.0
247.0
110.0
169.0
205.0
102.0
87.0
373.0
109.0
233.0
230.0
160.0
158.0
129.0
301.0
227.0
283.0
169.0
344.0
191.0
253.0
187.0
168.0
103.0
206.0
141.0
197.0
94.0
238.0
205.0
239.0
198.0
228.0
307.0
75.0
308.0
145.0
423.0
195.0
302.0
237.0
315.0
266.0
325.0
195.0
275.0
269.0
240.0
80.0
212.0
305.0
218.0
213.0
250.0
134.0
195.0
100.0
213.0
110.0
109.0
167.0
185.0
276.0
338.0
352.0
252.0
296.0
209.0
209.0
338.0
265.0
329.0
319.0
202.0
418.0
247.0
220.0
265.0
236.0
358.0
500.0
263.0
287.0
250.0
320.0
268.0
385.0
317.0
211.0
349.0
322.0
268.0
183.0
358.0
360.0
389.0
216.0
176.0
263.0
193.0
142.0
356.0
426.0
158.0
152.0
114.0
175.0
201.0
77.0
196.0
88.0
167.0
308.0
393.0
69.0
500.0
102.0
242.0
239.0
274.0
457.0
299.0
300.0
152.0
360.0
307.0
184.0
336.0
500.0
221.0
216.0
164.0
500.0
236.0
97.0
68.0
261.0
112.0
162.0
238.0
272.0
500.0
344.0
129.0
280.0
288.0
315.0
318.0
353.0
294.0
229.0
74.0
225.0
291.0
146.0
148.0
311.0
244.0
338.0
199.0
349.0
169.0
189.0
165.0
213.0
287.0
135.0
500.0
228.0
328.0
132.0
142.0
214.0
106.0
106.0
319.0
342.0
161.0
282.0
176.0
218.0
128.0
145.0
385.0
121.0
201.0
254.0
157.0
344.0
191.0
127.0
281.0
176.0
320.0
414.0
344.0
283.0
323.0
195.0
139.0
253.0
357.0
161.0
183.0
153.0
442.0
101.0
144.0
219.0
372.0
240.0
288.0
165.0
271.0
313.0
345.0
379.0
247.0
295.0
290.0
335.0
443.0
181.0
334.0
274.0
107.0
493.0
326.0
168.0
360.0
115.0
285.0
346.0
277.0
336.0
341.0
263.0
323.0
162.0
274.0
264.0
465.0
445.0
252.0
364.0
321.0
290.0
324.0
230.0
339.0
365.0
271.0
430.0
123.0
294.0
292.0
411.0
218.0
373.0
500.0
230.0
193.0
308.0
401.0
296.0
359.0
344.0
263.0
458.0
500.0
367.0
500.0
500.0
488.0
200.0
285.0
119.0
376.0
235.0
500.0
478.0
82.0
135.0
233.0
128.0
87.0
408.0
462.0
158.0
243.0
230.0
498.0
168.0
248.0
102.0
165.0
438.0
191.0
500.0
261.0
93.0
154.0
222.0
126.0
247.0
164.0
180.0
484.0
500.0
500.0
290.0
136.0
306.0
202.0
397.0
500.0
150.0
281.0
500.0
423.0
80.0
226.0
165.0
225.0
158.0
500.0
153.0
448.0
221.0
342.0
165.0
170.0
378.0
447.0
500.0
171.0
101.0
114.0
175.0
179.0
500.0
289.0
500.0
403.0
445.0
159.0
423.0
216.0
210.0
423.0
105.0
214.0
102.0
500.0
107.0
245.0
206.0
163.0
226.0
500.0
500.0
500.0
172.0
500.0
250.0
180.0
184.0
500.0
199.0
176.0
261.0
142.0
171.0
172.0
305.0
120.0
163.0
332.0
247.0
188.0
500.0
164.0
500.0
132.0
265.0
500.0
127.0
187.0
157.0
179.0
100.0
140.0
132.0
184.0
113.0
151.0
246.0
500.0
500.0
340.0
190.0
246.0
114.0
211.0
500.0
192.0
203.0
196.0
127.0
187.0
112.0
143.0
269.0
214.0
112.0
170.0
118.0
188.0
500.0
143.0
231.0
500.0
98.0
174.0
500.0
165.0
199.0
213.0
307.0
179.0
203.0
205.0
90.0
500.0
96.0
500.0
350.0
358.0
139.0
231.0
177.0
235.0
313.0
173.0
172.0
103.0
178.0
115.0
145.0
171.0
97.0
215.0
205.0
125.0
141.0
160.0
161.0
186.0
105.0
307.0
186.0
367.0
221.0
294.0
211.0
146.0
179.0
274.0
194.0
171.0
157.0
126.0
241.0
245.0
126.0
168.0
151.0
211.0
132.0
197.0
159.0
158.0
285.0
161.0
132.0
132.0
212.0
274.0
239.0
155.0
170.0
146.0
213.0
295.0
157.0
182.0
150.0
203.0
152.0
169.0
216.0
233.0
195.0
192.0
255.0
177.0
261.0
174.0
225.0
373.0
189.0
149.0
234.0
144.0
190.0
314.0
237.0
114.0
221.0
110.0
171.0
263.0
178.0
261.0
100.0
203.0
98.0
216.0
203.0
131.0
152.0
252.0
178.0
256.0
125.0
229.0
209.0
199.0
152.0
132.0
190.0
235.0
224.0
148.0
175.0
200.0
315.0
283.0
127.0
298.0
187.0
294.0
159.0
209.0
169.0
210.0
217.0
175.0
219.0
261.0
307.0
348.0
239.0
151.0
171.0
201.0
255.0
337.0
155.0
258.0
146.0
207.0
320.0
164.0
219.0
208.0
250.0
186.0
143.0
180.0
132.0
348.0
166.0
168.0
221.0
254.0
133.0
109.0
239.0
146.0
212.0
204.0
148.0
86.0
311.0
230.0
116.0
212.0
294.0
182.0
318.0
220.0
269.0
178.0
168.0
191.0
174.0
186.0
166.0
256.0
223.0
223.0
499.0
235.0
221.0
112.0
213.0
256.0
500.0
154.0
171.0
170.0
132.0
224.0
245.0
119.0
184.0
123.0
130.0
254.0
113.0
223.0
295.0
244.0
176.0
190.0
143.0
235.0
207.0
205.0
154.0
237.0
183.0
270.0
120.0
119.0
138.0
208.0
457.0
113.0
171.0
180.0
199.0
234.0
118.0
198.0
218.0
407.0
191.0
144.0
96.0
170.0
153.0
126.0
153.0
130.0
95.0
123.0
339.0
167.0
321.0
114.0
196.0
159.0
162.0
213.0
255.0
162.0
314.0
97.0
166.0
154.0
167.0
188.0
210.0
124.0
421.0
168.0
178.0
168.0
79.0
174.0
103.0
147.0
303.0
500.0
247.0
186.0
131.0
113.0
250.0
177.0
197.0
189.0
152.0
139.0
197.0
188.0
219.0
74.0
173.0
208.0
262.0
90.0
173.0
96.0
67.0
158.0
176.0
166.0
500.0
382.0
91.0
233.0
117.0
168.0
142.0
106.0
156.0
68.0
130.0
71.0
140.0
92.0
66.0
157.0
249.0
91.0
195.0
193.0
139.0
269.0
65.0
274.0
61.0
128.0
80.0
90.0
54.0
60.0
69.0
66.0
55.0
53.0
57.0
77.0
88.0
66.0
36.0
92.0
99.0
47.0
129.0
191.0
87.0
92.0
101.0
102.0
98.0
38.0
42.0
22.0
29.0
47.0
43.0
87.0
168.0
25.0
18.0
23.0
17.0
20.0
108.0
68.0
124.0
83.0
54.0
23.0
33.0
17.0
32.0
135.0
43.0
55.0
23.0
82.0
17.0
23.0
24.0
34.0
36.0
12.0
48.0
12.0
20.0
41.0
71.0
29.0
33.0
11.0
26.0
29.0
170.0
23.0
22.0
16.0
104.0
20.0
29.0
92.0
27.0
105.0
31.0
54.0
112.0
121.0
51.0
35.0
61.0
43.0
71.0
71.0
39.0
164.0
85.0
240.0
143.0
62.0
137.0
48.0
29.0
111.0
155.0
500.0
11.0
477.0
281.0
192.0
235.0
220.0
34.0
15.0
67.0
118.0
57.0
101.0
65.0
30.0
102.0
22.0
76.0
93.0
42.0
82.0
155.0
66.0
163.0
91.0
56.0
107.0
55.0
94.0
40.0
25.0
159.0
46.0
130.0
22.0
244.0
100.0
61.0
20.0
187.0
26.0
122.0
14.0
102.0
108.0
10.0
90.0
27.0
19.0
67.0
23.0
12.0
16.0
16.0
13.0
466.0
11.0
21.0
477.0
204.0
128.0
162.0
49.0
281.0
39.0
11.0
21.0
204.0
31.0
26.0
25.0
33.0
17.0
395.0
106.0
18.0
24.0
53.0
109.0
10.0
25.0
39.0
24.0
21.0
106.0
53.0
59.0
65.0
500.0
500.0
29.0
35.0
60.0
43.0
23.0
17.0
48.0
467.0
85.0
67.0
139.0
32.0
60.0
93.0
57.0
76.0
79.0
65.0
500.0
63.0
169.0
85.0
57.0
11.0
163.0
110.0
62.0
54.0
66.0
141.0
500.0
59.0
455.0
135.0
500.0
79.0
9.0
10.0
40.0
55.0
127.0
45.0
193.0
216.0
61.0
62.0
160.0
27.0
136.0
53.0
182.0
174.0
86.0
98.0
160.0
67.0
18.0
27.0
17.0
14.0
74.0
270.0
500.0
24.0
92.0
64.0
98.0
163.0
470.0
50.0
26.0
57.0
351.0
177.0
470.0
433.0
500.0
213.0
423.0
139.0
325.0
104.0
426.0
500.0
107.0
161.0
500.0
439.0
468.0
500.0
428.0
73.0
500.0
500.0
405.0
305.0
500.0
363.0
57.0
500.0
475.0
500.0
138.0
487.0
277.0
500.0
362.0
139.0
482.0
500.0
500.0
421.0
310.0
119.0
500.0
500.0
192.0
491.0
500.0
136.0
500.0
500.0
430.0
132.0
500.0
500.0
46.0
500.0
201.0
500.0
469.0
500.0
500.0
500.0
189.0
500.0
500.0
226.0
500.0
500.0
500.0
500.0
500.0
381.0
451.0
500.0
500.0
31.0
500.0
279.0
259.0
376.0
500.0
370.0
500.0
142.0
500.0
500.0
168.0
500.0
348.0
184.0
422.0
17.0
500.0
495.0
500.0
399.0
142.0
163.0
219.0
197.0
500.0
265.0
444.0
396.0
195.0
9.0
481.0
244.0
366.0
243.0
23.0
207.0
156.0
325.0
110.0
124.0
28.0
500.0
500.0
138.0
235.0
500.0
500.0
286.0
230.0
500.0
278.0
209.0
500.0
163.0
287.0
230.0
500.0
96.0
500.0
191.0
291.0
62.0
427.0
415.0
500.0
116.0
500.0
500.0
148.0
188.0
149.0
188.0
500.0
137.0
157.0
500.0
101.0
473.0
373.0
122.0
353.0
500.0
15.0
206.0
116.0
488.0
500.0
156.0
332.0
500.0
211.0
500.0
101.0
461.0
196.0
210.0
500.0
115.0
307.0
500.0
343.0
500.0
146.0
479.0
500.0
64.0
200.0
451.0
390.0
141.0
500.0
208.0
500.0
301.0
198.0
293.0
500.0
211.0
500.0
243.0
248.0
500.0
224.0
219.0
391.0
422.0
500.0
227.0
112.0
253.0
315.0
188.0
119.0
500.0
500.0
500.0
165.0
500.0
500.0
500.0
192.0
345.0
500.0
358.0
500.0
396.0
500.0
39.0
114.0
500.0
226.0
500.0
394.0
345.0
500.0
62.0
409.0
500.0
500.0
500.0
500.0
410.0
500.0
251.0
500.0
215.0
500.0
310.0
500.0
340.0
147.0
341.0
150.0
492.0
500.0
355.0
121.0
500.0
124.0
500.0
250.0
473.0
500.0
500.0
306.0
500.0
198.0
101.0
259.0
274.0
405.0
384.0
479.0
500.0
199.0
500.0
500.0
244.0
295.0
400.0
286.0
500.0
322.0
318.0
196.0
500.0
266.0
452.0
152.0
480.0
289.0
358.0
500.0
326.0
146.0
307.0
422.0
188.0
500.0
381.0
133.0
284.0
500.0
470.0
316.0
180.0
179.0
327.0
340.0
198.0
500.0
83.0
500.0
500.0
500.0
500.0
500.0
500.0
188.0
178.0
179.0
182.0
340.0
412.0
500.0
446.0
374.0
500.0
496.0
347.0
315.0
445.0
445.0
347.0
500.0
455.0
343.0
500.0
468.0
261.0
394.0
291.0
206.0
500.0
192.0
280.0
480.0
500.0
237.0
284.0
500.0
311.0
47.0
500.0
470.0
78.0
166.0
500.0
327.0
270.0
206.0
247.0
242.0
500.0
458.0
500.0
147.0
428.0
143.0
302.0
500.0
194.0
159.0
500.0
299.0
500.0
500.0
180.0
458.0
255.0
97.0
217.0
500.0
107.0
500.0
436.0
500.0
384.0
123.0
500.0
500.0
500.0
500.0
293.0
500.0
387.0
500.0
500.0
175.0
141.0
262.0
480.0
500.0
343.0
473.0
484.0
500.0
500.0
280.0
500.0
500.0
220.0
265.0
500.0
164.0
500.0
30.0
500.0
500.0
71.0
61.0
119.0
393.0
146.0
500.0
444.0
500.0
500.0
86.0
75.0
500.0
108.0
500.0
46.0
33.0
83.0
11.0
54.0
194.0
59.0
60.0
145.0
500.0
201.0
65.0
197.0
22.0
500.0
71.0
500.0
226.0
326.0
11.0
12.0
15.0
68.0
254.0
111.0
500.0
269.0
110.0
237.0
77.0
131.0
456.0
453.0
174.0
312.0
278.0
210.0
500.0
48.0
500.0
192.0
57.0
285.0
419.0
228.0
500.0
173.0
487.0
500.0
497.0
500.0
500.0
123.0
500.0
359.0
465.0
114.0
500.0
24.0
152.0
464.0
454.0
500.0
500.0
285.0
41.0
494.0
140.0
368.0
103.0
74.0
128.0
130.0
153.0
100.0
378.0
228.0
66.0
299.0
111.0
85.0
500.0
264.0
120.0
435.0
500.0
500.0
16.0
376.0
23.0
74.0
384.0
500.0
500.0
500.0
25.0
157.0
201.0
411.0
500.0
500.0
500.0
159.0
154.0
441.0
222.0
303.0
157.0
98.0
103.0
124.0
112.0
95.0
92.0
46.0
500.0
500.0
500.0
500.0
113.0
500.0
438.0
112.0
490.0
500.0
115.0
134.0
500.0
420.0
122.0
440.0
455.0
500.0
415.0
500.0
500.0
490.0
500.0
446.0
500.0
500.0
362.0
242.0
455.0
500.0
365.0
500.0
500.0
500.0
500.0
428.0
35.0
500.0
115.0
500.0
371.0
117.0
500.0
278.0
500.0
305.0
199.0
73.0
471.0
500.0
101.0
108.0
474.0
500.0
500.0
500.0
500.0
500.0
500.0
500.0
500.0
500.0
128.0
500.0
500.0
462.0
500.0
500.0
78.0
500.0
500.0
500.0
489.0
378.0
500.0
500.0
500.0
168.0
69.0
500.0
500.0
107.0
383.0
215.0
448.0
500.0
500.0
471.0
500.0
242.0
465.0
140.0
142.0
442.0
500.0
500.0
439.0
109.0
88.0
140.0
489.0
365.0
399.0
500.0
479.0
150.0
379.0
151.0
406.0
149.0
430.0
500.0
500.0
334.0
209.0
425.0
500.0
462.0
500.0
500.0
228.0
500.0
500.0
197.0
131.0
500.0
500.0
247.0
362.0
220.0
500.0
487.0
93.0
423.0
372.0
123.0
500.0
417.0
295.0
495.0
321.0
433.0
500.0
500.0
500.0
352.0
500.0
452.0
500.0
473.0
126.0
458.0
500.0
262.0
449.0
498.0
144.0
305.0
119.0
483.0
105.0
500.0
120.0
448.0
500.0
222.0
159.0
500.0
141.0
499.0
429.0
500.0
500.0
500.0
390.0
420.0
389.0
401.0
454.0
342.0
500.0
441.0
369.0
500.0
260.0
199.0
393.0
438.0
500.0
201.0
350.0
397.0
342.0
362.0
402.0
500.0
283.0
500.0
427.0
500.0
177.0
215.0
143.0
392.0
377.0
500.0
500.0
95.0
153.0
449.0
460.0
343.0
129.0
362.0
500.0
379.0
343.0
174.0
500.0
387.0
500.0
500.0
496.0
465.0
433.0
429.0
417.0
119.0
500.0
393.0
416.0
371.0
298.0
396.0
128.0
500.0
500.0
422.0
452.0
341.0
344.0
448.0
474.0
500.0
206.0
340.0
500.0
372.0
207.0
443.0
500.0
500.0
359.0
452.0
407.0
500.0
363.0
479.0
500.0
449.0
393.0
354.0
500.0
500.0
500.0
425.0
431.0
201.0
500.0
391.0
475.0
500.0
354.0
500.0
500.0
402.0
402.0
441.0
301.0
336.0
439.0
379.0
500.0
500.0
403.0
475.0
500.0
339.0
404.0
364.0
430.0
347.0
500.0
406.0
440.0
317.0
500.0
424.0
500.0
429.0
352.0
404.0
442.0
303.0
342.0
369.0
370.0
396.0
468.0
358.0
381.0
500.0
391.0
500.0
438.0
431.0
453.0
440.0
500.0
370.0
458.0
498.0
430.0
500.0
373.0
500.0
500.0
457.0
500.0
337.0
342.0
383.0
383.0
440.0
317.0
414.0
149.0
500.0
500.0
500.0
500.0
500.0
466.0
500.0
81.0
247.0
500.0
500.0
122.0
500.0
404.0
332.0
385.0
135.0
500.0
353.0
445.0
500.0
449.0
91.0
390.0
79.0
420.0
500.0
500.0
500.0
368.0
500.0
392.0
500.0
254.0
342.0
372.0
500.0
139.0
500.0
412.0
450.0
500.0
480.0
500.0
96.0
468.0
500.0
500.0
147.0
290.0
500.0
280.0
404.0
419.0
381.0
498.0
500.0
441.0
376.0
435.0
474.0
358.0
433.0
500.0
428.0
500.0
453.0
367.0
420.0
500.0
368.0
483.0
500.0
476.0
221.0
434.0
500.0
500.0
460.0
500.0
500.0
500.0
389.0
500.0
440.0
344.0
464.0
419.0
313.0
500.0
427.0
500.0
311.0
436.0
500.0
500.0
378.0
425.0
500.0
500.0
500.0
381.0
500.0
500.0
403.0
500.0
500.0
387.0
478.0
500.0
469.0
429.0
500.0
500.0
500.0
437.0
500.0
469.0
424.0
313.0
340.0
342.0
433.0
500.0
500.0
500.0
482.0
500.0
500.0
411.0
394.0
387.0
500.0
465.0
462.0
456.0
500.0
391.0
361.0
500.0
408.0
500.0
317.0
417.0
500.0
500.0
318.0
406.0
500.0
500.0
422.0
421.0
500.0
500.0
500.0
500.0
500.0
500.0
500.0
434.0
387.0
61.0
455.0
500.0
500.0
500.0
416.0
437.0
463.0
422.0
371.0
500.0
380.0
500.0
500.0
500.0
458.0
500.0
474.0
435.0
500.0
500.0
410.0
500.0
398.0
500.0
370.0
436.0
500.0
500.0
500.0
366.0
500.0
500.0
449.0
485.0
483.0
500.0
417.0
500.0
386.0
500.0
454.0
411.0
500.0
494.0
346.0
500.0
500.0
500.0
94.0
307.0
189.0
247.0
113.0
83.0
140.0
500.0
373.0
500.0
440.0
500.0
328.0
500.0
334.0
473.0
412.0
447.0
363.0
434.0
500.0
297.0
500.0
500.0
464.0
500.0
357.0
437.0
372.0
371.0
428.0
339.0
325.0
418.0
500.0
500.0
391.0
453.0
365.0
420.0
321.0
372.0
500.0
420.0
444.0
483.0
488.0
493.0
320.0
378.0
500.0
500.0
455.0
455.0
406.0
349.0
495.0
482.0
399.0
434.0
440.0
414.0
500.0
494.0
445.0
337.0
470.0
483.0
344.0
377.0
354.0
399.0
453.0
386.0
417.0
500.0
500.0
429.0
500.0
482.0
500.0
411.0
500.0
436.0
495.0
500.0
427.0
366.0
500.0
460.0
500.0
500.0
418.0
432.0
452.0
344.0
397.0
349.0
388.0
334.0
440.0
451.0
362.0
443.0
442.0
336.0
416.0
419.0
500.0
379.0
439.0
370.0
445.0
366.0
439.0
447.0
407.0
459.0
500.0
390.0
426.0
500.0
325.0
335.0
339.0
500.0
430.0
407.0
309.0
434.0
479.0
300.0
399.0
369.0
342.0
363.0
354.0
345.0
351.0
467.0
348.0
259.0
279.0
428.0
394.0
348.0
341.0
279.0
499.0
320.0
500.0
368.0
304.0
373.0
281.0
376.0
346.0
322.0
314.0
344.0
373.0
251.0
500.0
418.0
359.0
371.0
328.0
340.0
500.0
459.0
420.0
432.0
389.0
437.0
234.0
426.0
149.0
350.0
313.0
332.0
380.0
356.0
340.0
434.0
479.0
487.0
343.0
404.0
385.0
422.0
473.0
276.0
300.0
243.0
99.0
155.0
135.0
168.0
131.0
190.0
477.0
55.0
178.0
168.0
236.0
106.0
291.0
97.0
144.0
292.0
182.0
74.0
341.0
394.0
227.0
497.0
500.0
292.0
81.0
420.0
450.0
399.0
442.0
447.0
367.0
500.0
500.0
500.0
418.0
500.0
459.0
500.0
500.0
361.0
438.0
447.0
500.0
487.0
468.0
484.0
324.0
331.0
344.0
500.0
366.0
484.0
500.0
242.0
413.0
392.0
390.0
403.0
500.0
389.0
457.0
337.0
365.0
500.0
500.0
500.0
500.0
356.0
500.0
500.0
489.0
500.0
357.0
500.0
500.0
500.0
355.0
500.0
500.0
492.0
275.0
488.0
500.0
500.0
344.0
500.0
393.0
500.0
328.0
500.0
500.0
142.0
500.0
480.0
500.0
500.0
500.0
367.0
262.0
480.0
361.0
500.0
500.0
489.0
500.0
315.0
203.0
474.0
500.0
120.0
500.0
439.0
405.0
136.0
492.0
140.0
240.0
500.0
121.0
500.0
336.0
437.0
500.0
257.0
307.0
424.0
403.0
500.0
270.0
500.0
389.0
297.0
415.0
500.0
467.0
500.0
227.0
488.0
413.0
347.0
500.0
326.0
366.0
131.0
267.0
316.0
387.0
291.0
500.0
378.0
346.0
314.0
256.0
423.0
334.0
282.0
126.0
301.0
401.0
328.0
401.0
500.0
290.0
350.0
388.0
181.0
122.0
500.0
316.0
310.0
232.0
142.0
263.0
280.0
173.0
128.0
163.0
110.0
76.0
112.0
500.0
130.0
238.0
225.0
154.0
272.0
201.0
370.0
241.0
155.0
72.0
149.0
178.0
435.0
258.0
102.0
184.0
500.0
107.0
194.0
427.0
362.0
367.0
337.0
156.0
208.0
149.0
154.0
136.0
129.0
181.0
231.0
259.0
202.0
380.0
213.0
282.0
288.0
246.0
221.0
223.0
151.0
164.0
260.0
194.0
251.0
248.0
392.0
500.0
392.0
161.0
211.0
201.0
435.0
142.0
297.0
252.0
289.0
330.0
305.0
389.0
394.0
210.0
296.0
300.0
184.0
412.0
188.0
451.0
419.0
426.0
413.0
242.0
333.0
273.0
242.0
129.0
99.0
209.0
385.0
355.0
124.0
161.0
188.0
226.0
500.0
369.0
114.0
485.0
81.0
127.0
308.0
396.0
139.0
387.0
313.0
188.0
409.0
80.0
216.0
270.0
374.0
172.0
500.0
362.0
333.0
216.0
137.0
380.0
97.0
91.0
500.0
133.0
188.0
139.0
154.0
175.0
206.0
241.0
134.0
130.0
435.0
115.0
129.0
351.0
242.0
395.0
103.0
175.0
363.0
274.0
186.0
381.0
179.0
182.0
362.0
364.0
130.0
183.0
140.0
248.0
381.0
90.0
213.0
324.0
166.0
174.0
500.0
249.0
138.0
86.0
184.0
214.0
196.0
128.0
90.0
126.0
138.0
300.0
322.0
147.0
421.0
192.0
97.0
184.0
487.0
171.0
108.0
249.0
141.0
201.0
192.0
338.0
248.0
157.0
240.0
156.0
448.0
400.0
371.0
112.0
172.0
101.0
209.0
233.0
268.0
230.0
257.0
228.0
332.0
125.0
282.0
299.0
82.0
243.0
388.0
146.0
196.0
206.0
334.0
130.0
105.0
119.0
161.0
220.0
201.0
84.0
86.0
83.0
171.0
141.0
267.0
247.0
183.0
179.0
141.0
125.0
262.0
142.0
203.0
327.0
115.0
304.0
134.0
90.0
93.0
192.0
372.0
500.0
169.0
108.0
128.0
186.0
436.0
237.0
289.0
441.0
83.0
119.0
112.0
125.0
203.0
100.0
130.0
267.0
475.0
205.0
120.0
151.0
222.0
266.0
167.0
260.0
98.0
277.0
344.0
394.0
199.0
76.0
419.0
160.0
154.0
207.0
257.0
148.0
216.0
211.0
252.0
333.0
97.0
356.0
397.0
157.0
123.0
134.0
107.0
122.0
102.0
197.0
223.0
246.0
335.0
296.0
111.0
317.0
202.0
151.0
295.0
500.0
259.0
180.0
146.0
398.0
101.0
320.0
207.0
158.0
134.0
390.0
117.0
287.0
128.0
270.0
166.0
364.0
500.0
189.0
329.0
222.0
293.0
131.0
141.0
153.0
358.0
185.0
113.0
181.0
122.0
211.0
106.0
368.0
127.0
162.0
116.0
276.0
242.0
212.0
104.0
208.0
412.0
468.0
194.0
106.0
85.0
181.0
436.0
169.0
499.0
128.0
236.0
160.0
413.0
93.0
331.0
130.0
122.0
84.0
215.0
377.0
140.0
139.0
197.0
400.0
117.0
337.0
195.0
173.0
175.0
108.0
82.0
426.0
392.0
166.0
323.0
160.0
80.0
75.0
138.0
104.0
73.0
121.0
237.0
306.0
118.0
341.0
120.0
274.0
177.0
137.0
174.0
171.0
288.0
249.0
500.0
294.0
229.0
307.0
151.0
203.0
202.0
109.0
152.0
203.0
159.0
170.0
99.0
127.0
313.0
87.0
197.0
221.0
169.0
221.0
179.0
342.0
172.0
282.0
392.0
224.0
204.0
150.0
126.0
433.0
325.0
302.0
307.0
218.0
165.0
195.0
242.0
174.0
333.0
112.0
369.0
190.0
252.0
443.0
164.0
321.0
134.0
71.0
181.0
317.0
246.0
139.0
231.0
87.0
137.0
192.0
170.0
197.0
148.0
409.0
244.0
396.0
286.0
291.0
284.0
211.0
500.0
75.0
214.0
241.0
164.0
147.0
238.0
284.0
259.0
154.0
185.0
130.0
194.0
208.0
220.0
237.0
252.0
282.0
179.0
300.0
148.0
359.0
158.0
99.0
288.0
353.0
433.0
500.0
141.0
240.0
169.0
200.0
126.0
312.0
145.0
153.0
216.0
164.0
92.0
116.0
186.0
147.0
132.0
314.0
160.0
334.0
306.0
154.0
132.0
156.0
279.0
124.0
204.0
235.0
423.0
229.0
228.0
500.0
128.0
202.0
117.0
222.0
133.0
294.0
253.0
254.0
266.0
199.0
181.0
141.0
223.0
259.0
251.0
253.0
357.0
221.0
232.0
240.0
450.0
283.0
337.0
240.0
182.0
310.0
257.0
271.0
160.0
196.0
304.0
187.0
163.0
270.0
175.0
500.0
131.0
155.0
162.0
140.0
182.0
211.0
164.0
246.0
114.0
190.0
338.0
154.0
239.0
121.0
389.0
276.0
101.0
287.0
300.0
248.0
221.0
218.0
220.0
243.0
175.0
161.0
172.0
287.0
417.0
282.0
245.0
282.0
261.0
137.0
281.0
390.0
289.0
302.0
153.0
252.0
219.0
259.0
198.0
286.0
181.0
167.0
153.0
254.0
240.0
161.0
248.0
216.0
319.0
189.0
283.0
251.0
259.0
343.0
300.0
337.0
272.0
279.0
296.0
315.0
309.0
346.0
206.0
168.0
269.0
277.0
262.0
173.0
338.0
260.0
422.0
376.0
289.0
200.0
248.0
312.0
261.0
311.0
266.0
291.0
237.0
227.0
263.0
390.0
398.0
233.0
259.0
262.0
500.0
269.0
254.0
223.0
239.0
374.0
217.0
283.0
276.0
187.0
308.0
190.0
200.0
245.0
324.0
223.0
441.0
283.0
299.0
387.0
441.0
500.0
469.0
500.0
310.0
459.0
249.0
287.0
329.0
278.0
386.0
374.0
177.0
379.0
300.0
199.0
500.0
452.0
370.0
258.0
197.0
137.0
207.0
179.0
277.0
170.0
372.0
148.0
224.0
243.0
209.0
187.0
319.0
187.0
321.0
173.0
234.0
124.0
263.0
441.0
333.0
164.0
462.0
227.0
368.0
245.0
292.0
215.0
357.0
173.0
312.0
207.0
226.0
144.0
201.0
335.0
331.0
242.0
144.0
185.0
113.0
335.0
254.0
130.0
142.0
195.0
249.0
315.0
181.0
308.0
191.0
174.0
188.0
113.0
171.0
270.0
139.0
135.0
289.0
139.0
212.0
428.0
308.0
273.0
408.0
221.0
188.0
452.0
270.0
170.0
201.0
334.0
270.0
382.0
188.0
96.0
500.0
204.0
414.0
104.0
404.0
103.0
500.0
172.0
157.0
127.0
500.0
126.0
330.0
166.0
331.0
220.0
297.0
337.0
334.0
336.0
194.0
296.0
333.0
324.0
146.0
91.0
285.0
346.0
281.0
227.0
148.0
397.0
366.0
151.0
152.0
223.0
305.0
305.0
202.0
323.0
133.0
215.0
223.0
282.0
227.0
314.0
199.0
153.0
191.0
132.0
187.0
166.0
414.0
167.0
268.0
430.0
237.0
169.0
242.0
272.0
188.0
141.0
294.0
337.0
159.0
184.0
192.0
294.0
187.0
256.0
336.0
368.0
200.0
162.0
364.0
221.0
292.0
275.0
203.0
323.0
115.0
287.0
200.0
284.0
358.0
439.0
196.0
232.0
201.0
143.0
230.0
332.0
242.0
191.0
236.0
162.0
167.0
109.0
227.0
189.0
138.0
248.0
187.0
446.0
211.0
111.0
195.0
203.0
182.0
148.0
252.0
146.0
348.0
500.0
187.0
139.0
313.0
129.0
92.0
107.0
407.0
202.0
255.0
351.0
223.0
269.0
95.0
203.0
139.0
350.0
145.0
301.0
132.0
227.0
161.0
314.0
134.0
202.0
264.0
191.0
445.0
284.0
231.0
150.0
325.0
249.0
237.0
257.0
176.0
159.0
155.0
474.0
287.0
191.0
301.0
143.0
367.0
490.0
273.0
345.0
370.0
395.0
157.0
182.0
201.0
225.0
101.0
148.0
124.0
377.0
346.0
318.0
183.0
432.0
291.0
310.0
500.0
164.0
251.0
424.0
292.0
252.0
238.0
132.0
129.0
350.0
192.0
341.0
172.0
166.0
143.0
311.0
151.0
167.0
153.0
146.0
219.0
274.0
234.0
263.0
189.0
312.0
212.0
305.0
154.0
232.0
278.0
415.0
116.0
287.0
200.0
168.0
276.0
181.0
500.0
500.0
133.0
176.0
232.0
134.0
209.0
238.0
329.0
168.0
343.0
384.0
197.0
372.0
193.0
263.0
315.0
365.0
205.0
220.0
228.0
244.0
402.0
388.0
456.0
396.0
407.0
171.0
388.0
259.0
291.0
489.0
435.0
426.0
439.0
453.0
500.0
474.0
500.0
389.0
403.0
397.0
344.0
359.0
480.0
272.0
154.0
252.0
500.0
157.0
330.0
60.0
97.0
185.0
214.0
356.0
175.0
157.0
96.0
213.0
287.0
252.0
114.0
500.0
372.0
170.0
261.0
322.0
219.0
500.0
481.0
304.0
187.0
246.0
175.0
500.0
113.0
120.0
286.0
395.0
122.0
193.0
437.0
175.0
137.0
334.0
137.0
285.0
484.0
256.0
230.0
267.0
500.0
288.0
170.0
166.0
405.0
500.0
233.0
407.0
281.0
500.0
258.0
500.0
500.0
500.0
335.0
411.0
410.0
195.0
500.0
211.0
500.0
500.0
500.0
500.0
417.0
274.0
500.0
225.0
311.0
500.0
400.0
500.0
500.0
500.0
500.0
500.0
308.0
500.0
500.0
295.0
500.0
500.0
500.0
489.0
500.0
500.0
469.0
500.0
500.0
500.0
500.0
500.0
395.0
285.0
249.0
157.0
500.0
281.0
241.0
500.0
500.0
500.0
500.0
500.0
500.0
500.0
500.0
339.0
500.0
500.0
250.0
500.0
500.0
500.0
500.0
130.0
500.0
500.0
500.0
500.0
159.0
301.0
500.0
466.0
500.0
500.0
500.0
500.0
433.0
500.0
500.0
500.0
500.0
457.0
500.0
500.0
244.0
210.0
500.0
317.0
322.0
500.0
500.0
176.0
500.0
210.0
25.0
500.0
285.0
169.0
269.0
500.0
96.0
26.0
500.0
105.0
171.0
147.0
192.0
500.0
145.0
26.0
191.0
500.0
45.0
500.0
135.0
303.0
500.0
500.0
488.0
500.0
500.0
405.0
500.0
500.0
444.0
96.0
227.0
282.0
500.0
500.0
290.0
500.0
500.0
500.0
295.0
233.0
41.0
500.0
500.0
9.0
500.0
305.0
500.0
500.0
500.0
186.0
301.0
283.0
63.0
78.0
100.0
500.0
401.0
500.0
261.0
383.0
17.0
500.0
250.0
500.0
301.0
211.0
172.0
166.0
340.0
500.0
488.0
190.0
500.0
160.0
87.0
500.0
456.0
500.0
242.0
68.0
500.0
184.0
500.0
38.0
27.0
16.0
500.0
500.0
500.0
500.0
500.0
500.0
500.0
500.0
500.0
500.0
500.0
500.0
500.0
500.0
238.0
500.0
500.0
500.0
500.0
150.0
500.0
249.0
500.0
500.0
106.0
111.0
500.0
392.0
149.0
500.0
33.0
500.0
111.0
500.0
36.0
500.0
500.0
500.0
500.0
500.0
500.0
500.0
500.0
500.0
500.0
500.0
500.0
500.0
500.0
500.0
500.0
500.0
500.0
500.0
500.0
500.0
500.0
500.0
500.0
473.0
500.0
500.0
500.0
500.0
500.0
500.0
500.0
500.0
500.0
500.0
500.0
500.0
500.0
500.0
500.0
500.0
500.0
500.0
500.0
500.0
500.0
500.0
500.0
500.0
500.0
500.0
500.0
500.0
500.0
500.0
500.0
500.0
500.0
500.0
500.0
500.0
500.0
500.0
500.0
500.0
500.0
500.0
500.0
500.0
500.0
500.0
500.0
500.0
500.0
500.0
500.0
500.0
500.0
500.0
500.0
500.0
500.0
500.0
500.0
500.0
500.0
500.0
500.0
500.0
500.0
500.0
500.0
500.0
500.0
500.0
500.0
500.0
500.0
500.0
500.0
500.0
500.0
500.0
500.0
500.0
475.0
500.0
500.0
500.0
500.0
500.0
500.0
500.0
500.0
500.0
500.0
500.0
500.0
500.0
500.0
500.0
500.0
500.0
500.0
500.0
500.0
500.0
500.0
500.0
500.0
500.0
500.0
500.0
500.0
500.0
500.0
500.0
500.0
500.0
500.0
500.0
500.0
500.0
500.0
500.0
500.0
500.0
500.0
500.0
500.0
500.0
500.0
500.0
500.0
500.0
500.0
500.0
500.0
500.0
500.0
500.0
500.0
500.0
500.0
500.0
500.0
500.0
395.0
500.0
500.0
500.0
500.0
500.0
500.0
500.0
500.0
500.0
500.0
500.0
500.0
500.0
500.0
500.0
500.0
500.0
500.0
500.0
500.0
500.0
500.0
500.0
500.0
500.0
500.0
500.0
500.0
500.0
500.0
500.0
500.0
500.0
500.0
500.0
500.0
500.0
500.0
500.0
500.0
500.0
500.0
500.0
500.0
500.0
500.0
500.0
500.0
500.0
500.0
500.0
500.0
500.0
500.0
500.0
500.0
500.0
500.0
500.0
500.0
500.0
500.0
500.0
500.0
500.0
500.0
500.0
500.0
500.0
500.0
500.0
500.0
500.0
500.0
500.0
500.0
500.0
500.0
409.0
500.0
500.0
500.0
500.0
500.0
500.0
500.0
500.0
500.0
500.0
500.0
500.0
500.0
500.0
500.0
500.0
500.0
500.0
231.0
500.0
500.0
500.0
500.0
500.0
500.0
500.0
500.0
500.0
500.0
500.0
500.0
500.0
500.0
500.0
500.0
500.0
500.0
500.0
500.0
500.0
500.0
500.0
500.0
500.0
500.0
500.0
500.0
500.0
500.0
500.0
500.0
500.0
500.0
500.0
500.0
500.0
500.0
500.0
500.0
500.0
500.0
500.0
500.0
500.0
500.0
500.0
500.0
500.0
500.0
500.0
500.0
500.0
500.0
500.0
500.0
500.0
500.0
500.0
500.0
500.0
500.0
500.0
500.0
500.0
500.0
500.0
500.0
500.0
500.0
500.0
500.0
500.0
500.0
500.0
500.0
500.0
500.0
500.0
500.0
500.0
500.0
500.0
500.0
500.0
500.0
500.0
500.0
500.0
500.0
500.0
500.0
500.0
500.0
500.0
500.0
500.0
500.0
500.0
500.0
500.0
500.0
500.0
500.0
500.0
500.0
500.0
500.0
500.0
500.0
500.0
500.0
500.0
500.0
500.0
376.0
500.0
500.0
500.0
500.0
500.0
500.0
500.0
500.0
500.0
500.0
500.0
500.0
500.0
500.0
500.0
500.0
500.0
500.0
500.0
500.0
500.0
500.0
500.0
500.0
500.0
500.0
500.0
500.0
500.0
500.0
500.0
500.0
500.0
500.0
500.0
500.0
500.0
500.0
500.0
500.0
500.0
500.0
500.0
500.0
500.0
500.0
500.0
500.0
500.0
500.0
500.0
500.0
500.0
500.0
500.0
500.0
500.0
500.0
500.0
500.0
500.0
500.0
500.0
500.0
500.0
500.0
500.0
500.0
500.0
500.0
500.0
500.0
500.0
500.0
500.0
500.0
500.0
500.0
500.0
500.0
500.0
500.0
500.0
500.0
500.0
500.0
500.0
500.0
500.0
500.0
500.0
500.0
500.0
500.0
500.0
500.0
500.0
500.0
500.0
500.0
500.0
500.0
500.0
500.0
500.0
500.0
500.0
500.0
500.0
500.0
500.0
500.0
500.0
500.0
500.0
500.0
500.0
500.0
500.0
500.0
500.0
500.0
500.0
500.0
500.0
500.0
500.0
500.0
500.0
500.0
500.0
500.0
500.0
500.0
500.0
500.0
500.0
500.0
500.0
500.0
500.0
500.0
500.0
500.0
500.0
500.0
500.0
500.0
500.0
500.0
500.0
500.0
500.0
500.0
500.0
500.0
500.0
500.0
500.0
500.0
500.0
500.0
500.0
500.0
500.0
500.0
500.0
500.0
500.0
500.0
500.0
500.0
500.0
500.0
500.0
500.0
500.0
500.0
500.0
500.0
500.0
500.0
500.0
500.0
500.0
500.0
500.0
500.0
500.0
500.0
500.0
500.0
500.0
500.0
500.0
500.0
500.0
500.0
500.0
500.0
500.0
500.0
500.0
500.0
500.0
500.0
500.0
500.0
500.0
500.0
500.0
500.0
500.0
500.0
500.0
500.0
500.0
500.0
500.0
500.0
500.0
500.0
500.0
500.0
500.0
500.0
500.0
500.0
500.0
500.0
500.0
500.0
500.0
500.0
500.0
500.0
500.0
500.0
500.0
500.0
500.0
500.0
500.0
500.0
500.0
500.0
500.0
500.0
500.0
500.0
500.0
500.0
500.0
500.0
500.0
500.0
500.0
500.0
500.0
500.0
500.0
500.0
500.0
500.0
500.0
500.0
500.0
500.0
500.0
500.0
500.0
500.0
500.0
500.0
500.0
500.0
500.0
500.0
500.0
500.0
500.0
500.0
500.0
500.0
500.0
500.0
500.0
500.0
500.0
500.0
500.0
500.0
500.0
500.0
500.0
500.0
500.0
500.0
500.0
500.0
500.0
500.0
500.0
500.0
500.0
500.0
500.0
500.0
500.0
500.0
500.0
500.0
500.0
500.0
500.0
500.0
500.0
500.0
500.0
500.0
500.0
500.0
500.0
500.0
500.0
500.0
500.0
500.0
500.0
500.0
500.0
500.0
500.0
500.0
500.0
500.0
500.0
500.0
500.0
500.0
500.0
500.0
500.0
500.0
500.0
500.0
500.0
500.0
500.0
500.0
500.0
500.0
500.0
500.0
500.0
500.0
500.0
500.0
500.0
500.0
500.0
500.0
500.0
500.0
500.0
500.0
500.0
500.0
500.0
500.0
500.0
500.0
500.0
500.0
500.0
500.0
500.0
500.0
500.0
500.0
500.0
374.0
500.0
500.0
500.0
500.0
500.0
500.0
500.0
500.0
500.0
500.0
500.0
500.0
500.0
500.0
500.0
500.0
500.0
500.0
500.0
500.0
500.0
500.0
500.0
500.0
500.0
500.0
500.0
500.0
100.0
500.0
500.0
500.0
500.0
500.0
500.0
500.0
500.0
500.0
500.0
500.0
500.0
500.0
500.0
500.0
500.0
500.0
351.0
500.0
500.0
500.0
500.0
500.0
500.0
500.0
500.0
500.0
500.0
500.0
500.0
500.0
500.0
500.0
500.0
500.0
500.0
500.0
500.0
500.0
500.0
500.0
500.0
500.0
500.0
500.0
470.0
500.0
500.0
500.0
500.0
500.0
500.0
500.0
500.0
500.0
500.0
500.0
500.0
500.0
500.0
500.0
500.0
500.0
500.0
500.0
500.0
500.0
500.0
500.0
500.0
500.0
500.0
500.0
500.0
500.0
500.0
500.0
500.0
500.0
500.0
500.0
500.0
500.0
500.0
500.0
500.0
500.0
500.0
500.0
500.0
500.0
500.0
500.0
500.0
500.0
500.0
500.0
500.0
500.0
500.0
500.0
500.0
500.0
500.0
500.0
500.0
500.0
500.0
500.0
500.0
500.0
500.0
500.0
500.0
500.0
500.0
500.0
500.0
500.0
500.0
500.0
500.0
500.0
500.0
500.0
500.0
500.0
500.0
500.0
500.0
500.0
500.0
500.0
500.0
500.0
500.0
500.0
500.0
500.0
500.0
500.0
500.0
500.0
500.0
500.0
500.0
500.0
500.0
500.0
500.0
500.0
500.0
500.0
500.0
500.0
500.0
500.0
500.0
500.0
500.0
500.0
500.0
500.0
500.0
500.0
500.0
500.0
500.0
500.0
500.0
500.0
88.0
500.0
500.0
500.0
500.0
500.0
500.0
500.0
500.0
500.0
500.0
500.0
500.0
500.0
500.0
500.0
500.0
500.0
500.0
500.0
500.0
500.0
500.0
500.0
500.0
500.0
500.0
500.0
500.0
500.0
500.0
500.0
500.0
500.0
500.0
500.0
500.0
500.0
500.0
500.0
500.0
500.0
500.0
500.0
500.0
500.0
500.0
500.0
500.0
500.0
500.0
500.0
500.0
500.0
500.0
500.0
500.0
500.0
500.0
500.0
500.0
500.0
500.0
500.0
500.0
500.0
500.0
500.0
500.0
500.0
500.0
500.0
500.0
500.0
500.0
500.0
500.0
500.0
500.0
500.0
500.0
500.0
500.0
500.0
500.0
500.0
500.0
500.0
500.0
500.0
500.0
500.0
500.0
500.0
500.0
500.0
500.0
500.0
500.0
500.0
500.0
500.0
500.0
500.0
500.0
500.0
500.0
500.0
500.0
500.0
500.0
500.0
500.0
500.0
500.0
500.0
500.0
500.0
500.0
500.0
500.0
500.0
500.0
500.0
500.0
500.0
500.0
500.0
500.0
500.0
500.0
500.0
500.0
500.0
500.0
500.0
500.0
500.0
500.0
500.0
500.0
500.0
500.0
500.0
500.0
500.0
500.0
500.0
500.0
500.0
500.0
500.0
500.0
500.0
500.0
500.0
500.0
500.0
500.0
500.0
500.0
500.0
500.0
500.0
500.0
500.0
500.0
500.0
500.0
500.0
500.0
500.0
500.0
500.0
500.0
500.0
500.0
500.0
500.0
500.0
500.0
500.0
500.0
500.0
500.0
500.0
500.0
500.0
500.0
500.0
500.0
500.0
500.0
500.0
500.0
500.0
500.0
500.0
500.0
500.0
500.0
500.0
500.0
500.0
500.0
500.0
500.0
500.0
500.0
500.0
500.0
500.0
500.0
500.0
500.0
500.0
500.0
500.0
500.0
500.0
500.0
500.0
500.0
500.0
500.0
500.0
500.0
500.0
500.0
500.0
500.0
500.0
500.0
500.0
500.0
500.0
500.0
500.0
500.0
500.0
500.0
500.0
500.0
500.0
500.0
500.0
500.0
500.0
500.0
500.0
500.0
500.0
500.0
500.0
500.0
500.0
500.0
500.0
500.0
500.0
500.0
500.0
500.0
500.0
500.0
500.0
500.0
500.0
500.0
500.0
500.0
500.0
500.0
500.0
500.0
500.0
500.0
500.0
500.0
500.0
500.0
500.0
500.0
500.0
500.0
500.0
500.0
500.0
500.0
500.0
500.0
500.0
500.0
500.0
500.0
500.0
500.0
500.0
500.0
500.0
500.0
500.0
500.0
500.0
500.0
500.0
500.0
500.0
500.0
500.0
500.0
500.0
500.0
500.0
500.0
500.0
500.0
500.0
500.0
500.0
500.0
500.0
500.0
500.0
500.0
500.0
500.0
500.0
500.0
500.0
500.0
500.0
500.0
500.0
500.0
500.0
500.0
500.0
500.0
500.0
500.0
500.0
500.0
500.0
500.0
500.0
500.0
500.0
500.0
500.0
500.0
500.0
500.0
500.0
500.0
500.0
500.0
500.0
500.0
500.0
500.0
500.0
500.0
500.0
500.0
500.0
500.0
500.0
500.0
500.0
500.0
500.0
500.0
500.0
500.0
500.0
500.0
500.0
500.0
500.0
500.0
500.0
500.0
500.0
500.0
500.0
500.0
500.0
500.0
500.0
500.0
500.0
500.0
500.0
500.0
500.0
500.0
500.0
500.0
500.0
500.0
500.0
500.0
500.0
500.0
500.0
500.0
500.0
500.0
500.0
500.0
500.0
500.0
500.0
500.0
500.0
500.0
500.0
500.0
500.0
500.0
500.0
500.0
500.0
500.0
500.0
500.0
500.0
500.0
500.0
500.0
500.0
500.0
500.0
500.0
500.0
500.0
500.0
500.0
500.0
500.0
500.0
500.0
500.0
500.0
500.0
500.0
500.0
500.0
500.0
500.0
500.0
500.0
500.0
500.0
500.0
500.0
500.0
500.0
500.0
500.0
500.0
500.0
500.0
500.0
500.0
500.0
500.0
500.0
500.0
500.0
500.0
500.0
500.0
500.0
500.0
500.0
500.0
500.0
500.0
500.0
500.0
500.0
500.0
500.0
500.0
500.0
500.0
500.0
500.0
500.0
500.0
500.0
500.0
500.0
500.0
500.0
500.0
500.0
500.0
500.0
500.0
500.0
500.0
500.0
500.0
500.0
500.0
500.0
500.0
500.0
500.0
500.0
500.0
500.0
500.0
500.0
500.0
500.0
500.0
500.0
500.0
500.0
500.0
500.0
500.0
500.0
500.0
500.0
500.0
500.0
500.0
500.0
500.0
500.0
500.0
500.0
500.0
500.0
500.0
121.0
500.0
500.0
500.0
500.0
500.0
500.0
500.0
500.0
500.0
500.0
500.0
500.0
500.0
500.0
500.0
500.0
500.0
500.0
500.0
500.0
500.0
500.0
500.0
500.0
500.0
500.0
500.0
500.0
500.0
500.0
500.0
500.0
500.0
500.0
500.0
500.0
500.0
500.0
500.0
500.0
500.0
500.0
500.0
500.0
500.0
500.0
500.0
500.0
500.0
500.0
500.0
500.0
500.0
500.0
500.0
500.0
500.0
500.0
500.0
500.0
500.0
500.0
500.0
500.0
500.0
500.0
500.0
500.0
500.0
500.0
500.0
500.0
500.0
500.0
500.0
500.0
500.0
500.0
500.0
500.0
500.0
500.0
500.0
500.0
500.0
500.0
500.0
500.0
500.0
500.0
500.0
500.0
500.0
500.0
500.0
500.0
500.0
500.0
500.0
500.0
500.0
500.0
500.0
500.0
500.0
500.0
500.0
500.0
500.0
500.0
500.0
500.0
500.0
500.0
500.0
500.0
500.0
500.0
500.0
500.0
500.0
500.0
500.0
500.0
500.0
500.0
500.0
500.0
500.0
500.0
500.0
500.0
500.0
500.0
500.0
500.0
500.0
500.0
500.0
500.0
500.0
500.0
500.0
500.0
500.0
500.0
500.0
500.0
500.0
500.0
500.0
500.0
500.0
500.0
500.0
500.0
500.0
500.0
500.0
500.0
500.0
500.0
500.0
500.0
500.0
500.0
500.0
500.0
500.0
500.0
500.0
500.0
500.0
500.0
500.0
500.0
500.0
500.0
500.0
500.0
500.0
500.0
500.0
500.0
500.0
500.0
500.0
500.0
500.0
500.0
500.0
500.0
500.0
500.0
500.0
500.0
500.0
500.0
500.0
500.0
500.0
500.0
500.0
500.0
500.0
500.0
500.0
500.0
500.0
500.0
500.0
500.0
500.0
500.0
500.0
500.0
500.0
500.0
500.0
500.0
500.0
500.0
500.0
500.0
500.0
500.0
500.0
500.0
500.0
500.0
500.0
500.0
500.0
500.0
500.0
500.0
500.0
500.0
500.0
500.0
500.0
500.0
500.0
500.0
500.0
500.0
500.0
500.0
500.0
500.0
500.0
500.0
500.0
500.0
500.0
500.0
500.0
500.0
500.0
500.0
500.0
500.0
500.0
500.0
500.0
500.0
500.0
500.0
500.0
500.0
500.0
500.0
500.0
500.0
500.0
500.0
500.0
500.0
500.0
500.0
500.0
500.0
500.0
500.0
500.0
500.0
500.0
500.0
500.0
500.0
500.0
500.0
500.0
500.0
500.0
500.0
500.0
500.0
500.0
500.0
500.0
500.0
500.0
500.0
500.0
500.0
500.0
500.0
500.0
500.0
500.0
500.0
500.0
500.0
500.0
500.0
500.0
500.0
500.0
500.0
500.0
500.0
500.0
500.0
500.0
500.0
500.0
500.0
500.0
500.0
500.0
500.0
500.0
500.0
500.0
500.0
500.0
500.0
500.0
500.0
500.0
500.0
500.0
500.0
500.0
500.0
500.0
500.0
500.0
500.0
500.0
500.0
500.0
500.0
500.0
500.0
500.0
500.0
500.0
500.0
500.0
500.0
500.0
500.0
500.0
500.0
500.0
500.0
500.0
500.0
500.0
500.0
500.0
500.0
500.0
500.0
500.0
500.0
500.0
500.0
500.0
500.0
500.0
500.0
500.0
500.0
500.0
500.0
500.0
500.0
500.0
500.0
500.0
500.0
500.0
500.0
500.0
500.0
500.0
500.0
500.0
500.0
500.0
500.0
500.0
500.0
500.0
500.0
500.0
500.0
500.0
500.0
500.0
500.0
500.0
500.0
500.0
500.0
500.0
500.0
500.0
500.0
500.0
500.0
500.0
500.0
500.0
500.0
500.0
500.0
500.0
500.0
500.0
500.0
500.0
500.0
500.0
500.0
500.0
500.0
500.0
500.0
500.0
500.0
500.0
500.0
500.0
500.0
500.0
500.0
500.0
500.0
500.0
500.0
500.0
500.0
500.0
500.0
500.0
500.0
500.0
500.0
500.0
500.0
500.0
500.0
500.0
500.0
500.0
500.0
500.0
500.0
500.0
500.0
500.0
500.0
500.0
500.0
500.0
500.0
500.0
500.0
500.0
500.0
500.0
500.0
500.0
500.0
500.0
500.0
500.0
500.0
500.0
500.0
500.0
500.0
500.0
500.0
500.0
500.0
500.0
500.0
500.0
500.0
500.0
500.0
500.0
500.0
500.0
500.0
500.0
500.0
500.0
500.0
500.0
500.0
500.0
500.0
500.0
500.0
500.0
500.0
500.0
500.0
500.0
500.0
500.0
500.0
500.0
500.0
500.0
500.0
500.0
500.0
500.0
500.0
500.0
500.0
500.0
500.0
500.0
500.0
500.0
500.0
500.0
500.0
500.0
500.0
500.0
500.0
500.0
500.0
500.0
500.0
500.0
500.0
500.0
500.0
500.0
500.0
500.0
500.0
500.0
500.0
500.0
500.0
500.0
500.0
500.0
500.0
500.0
500.0
500.0
500.0
500.0
500.0
500.0
500.0
500.0
500.0
500.0
500.0
500.0
500.0
500.0
500.0
500.0
500.0
500.0
500.0
500.0
500.0
500.0
500.0
500.0
500.0
500.0
500.0
500.0
500.0
500.0
500.0
500.0
500.0
500.0
500.0
500.0
500.0
500.0
500.0
500.0
500.0
500.0
500.0
500.0
500.0
500.0
500.0
500.0
500.0
500.0
500.0
500.0
500.0
500.0
500.0
500.0
500.0
500.0
500.0
500.0
500.0
500.0
500.0
500.0
500.0
500.0
500.0
500.0
500.0
500.0
500.0
500.0
500.0
500.0
500.0
500.0
500.0
500.0
500.0
500.0
500.0
500.0
500.0
500.0
500.0
500.0
500.0
500.0
500.0
500.0
500.0
500.0
500.0
500.0
500.0
500.0
500.0
500.0
500.0
500.0
500.0
500.0
500.0
500.0
500.0
500.0
500.0
500.0
500.0
500.0
500.0
500.0
500.0
500.0
500.0
500.0
500.0
500.0
500.0
500.0
500.0
500.0
500.0
500.0
500.0
500.0
500.0
500.0
500.0
500.0
500.0
500.0
500.0
500.0
500.0
500.0
500.0
500.0
500.0
500.0
500.0
500.0
500.0
500.0
500.0
500.0
500.0
500.0
500.0
500.0
500.0
500.0
500.0
500.0
500.0
500.0
500.0
500.0
500.0
500.0
500.0
500.0
500.0
500.0
500.0
500.0
500.0
500.0
500.0
500.0
500.0
500.0
500.0
500.0
500.0
500.0
500.0
500.0
500.0
500.0
500.0
500.0
500.0
500.0
500.0
500.0
500.0
500.0
500.0
500.0
500.0
500.0
500.0
500.0
500.0
500.0
500.0
500.0
500.0
500.0
500.0
500.0
500.0
500.0
500.0
500.0
500.0
500.0
500.0
500.0
500.0
500.0
500.0
500.0
500.0
500.0
500.0
500.0
500.0
500.0
500.0
500.0
500.0
500.0
500.0
500.0
500.0
500.0
500.0
500.0
500.0
500.0
500.0
500.0
500.0
500.0
500.0
500.0
500.0
500.0
500.0
500.0
500.0
500.0
500.0
500.0
500.0
500.0
500.0
500.0
500.0
500.0
500.0
500.0
500.0
500.0
500.0
500.0
500.0
500.0
500.0
500.0
500.0
500.0
500.0
500.0
500.0
500.0
500.0
500.0
500.0
500.0
500.0
500.0
500.0
500.0
500.0
500.0
500.0
500.0
500.0
500.0
500.0
500.0
500.0
500.0
500.0
500.0
500.0
500.0
500.0
500.0
500.0
500.0
500.0
500.0
500.0
500.0
500.0
500.0
500.0
500.0
500.0
500.0
500.0
500.0
500.0
500.0
500.0
500.0
500.0
500.0
500.0
500.0
500.0
500.0
500.0
500.0
500.0
500.0
500.0
500.0
500.0
500.0
500.0
500.0
500.0
500.0
500.0
500.0
500.0
500.0
500.0
500.0
500.0
500.0
500.0
500.0
500.0
500.0
500.0
500.0
500.0
500.0
500.0
500.0
500.0
500.0
500.0
500.0
500.0
500.0
500.0
500.0
500.0
500.0
500.0
500.0
500.0
500.0
500.0
500.0
500.0
500.0
500.0
500.0
500.0
500.0
500.0
500.0
500.0
500.0
500.0
500.0
500.0
500.0
500.0
500.0
500.0
500.0
500.0
500.0
500.0
500.0
500.0
500.0
500.0
500.0
500.0
500.0
500.0
500.0
500.0
500.0
500.0
500.0
500.0
500.0
500.0
500.0
500.0
500.0
500.0
500.0
500.0
500.0
500.0
500.0
500.0
500.0
500.0
500.0
500.0
500.0
500.0
500.0
500.0
500.0
500.0
500.0
500.0
500.0
500.0
500.0
500.0
500.0
500.0
500.0
500.0
500.0
500.0
500.0
500.0
500.0
500.0
500.0
500.0
500.0
500.0
500.0
500.0
500.0
500.0
500.0
500.0
500.0
500.0
500.0
500.0
500.0
500.0
500.0
500.0
500.0
500.0
500.0
500.0
500.0
500.0
500.0
500.0
500.0
500.0
500.0
500.0
500.0
500.0
500.0
500.0
500.0
500.0
500.0
500.0
500.0
500.0
500.0
500.0
500.0
500.0
500.0
500.0
500.0
500.0
500.0
500.0
500.0
500.0
500.0
500.0
500.0
500.0
500.0
500.0
500.0
500.0
500.0
500.0
500.0
500.0
500.0
500.0
500.0
500.0
500.0
500.0
500.0
500.0
500.0
500.0
500.0
500.0
500.0
500.0
500.0
500.0
500.0
500.0
500.0
500.0
500.0
500.0
500.0
500.0
500.0
500.0
500.0
500.0
500.0
500.0
500.0
500.0
500.0
500.0
500.0
500.0
500.0
500.0
500.0
500.0
500.0
500.0
500.0
500.0
500.0
500.0
500.0
500.0
500.0
500.0
500.0
500.0
500.0
500.0
500.0
500.0
500.0
500.0
500.0
500.0
500.0
500.0
500.0
500.0
500.0
500.0
500.0
500.0
500.0
500.0
500.0
500.0
500.0
500.0
500.0
500.0
500.0
500.0
500.0
500.0
500.0
500.0
500.0
500.0
500.0
500.0
500.0
500.0
500.0
500.0
500.0
500.0
500.0
500.0
500.0
500.0
500.0
500.0
500.0
500.0
500.0
500.0
500.0
500.0
500.0
500.0
500.0
500.0
500.0
500.0
500.0
500.0
500.0
500.0
500.0
500.0
500.0
500.0
500.0
500.0
500.0
500.0
500.0
500.0
500.0
500.0
500.0
500.0
500.0
500.0
500.0
500.0
500.0
500.0
500.0
500.0
500.0
500.0
500.0
500.0
500.0
500.0
500.0
500.0
500.0
500.0
500.0
500.0
500.0
500.0
500.0
500.0
500.0
500.0
500.0
500.0
500.0
500.0
500.0
500.0
500.0
500.0
500.0
500.0
500.0
500.0
500.0
500.0
500.0
500.0
500.0
500.0
500.0
500.0
500.0
500.0
500.0
500.0
500.0
500.0
500.0
500.0
500.0
500.0
500.0
500.0
500.0
500.0
500.0
500.0
500.0
500.0
500.0
500.0
500.0
500.0
500.0
500.0
500.0
500.0
500.0
500.0
500.0
500.0
500.0
500.0
500.0
500.0
500.0
500.0
500.0
500.0
500.0
500.0
500.0
500.0
500.0
500.0
500.0
500.0
500.0
500.0
500.0
500.0
500.0
500.0
500.0
500.0
500.0
500.0
500.0
500.0
500.0
500.0
500.0
500.0
500.0
500.0
500.0
500.0
500.0
500.0
500.0
500.0
500.0
500.0
500.0
500.0
500.0
500.0
500.0
500.0
500.0
500.0
500.0
500.0
500.0
500.0
500.0
500.0
500.0
500.0
500.0
500.0
500.0
500.0
500.0
500.0
500.0
500.0
500.0
500.0
500.0
500.0
500.0
500.0
500.0
500.0
500.0
500.0
500.0
500.0
500.0
500.0
500.0
500.0
500.0
500.0
500.0
500.0
500.0
500.0
500.0
500.0
500.0
500.0
500.0
500.0
500.0
500.0
500.0
500.0
500.0
500.0
500.0
500.0
500.0
500.0
500.0
500.0
500.0
500.0
500.0
500.0
500.0
500.0
500.0
500.0
500.0
500.0
500.0
500.0
500.0
500.0
500.0
500.0
500.0
500.0
500.0
500.0
500.0
500.0
500.0
500.0
500.0
500.0
500.0
500.0
500.0
500.0
500.0
500.0
500.0
500.0
500.0
500.0
500.0
500.0
500.0
500.0
500.0
500.0
500.0
500.0
500.0
500.0
500.0
500.0
500.0
500.0
500.0
500.0
500.0
500.0
500.0
500.0
500.0
500.0
500.0
500.0
500.0
500.0
500.0
500.0
500.0
500.0
500.0
500.0
500.0
500.0
500.0
500.0
500.0
500.0
500.0
500.0
500.0
500.0
500.0
500.0
500.0
500.0
500.0
500.0
500.0
500.0
500.0
500.0
500.0
500.0
500.0
500.0
500.0
500.0
500.0
500.0
500.0
500.0
500.0
500.0
500.0
500.0
500.0
500.0
500.0
500.0
500.0
500.0
500.0
500.0
500.0
500.0
500.0
500.0
500.0
500.0
500.0
500.0
500.0
500.0
500.0
500.0
500.0
500.0
500.0
500.0
500.0
500.0
500.0
500.0
500.0
500.0
500.0
500.0
500.0
500.0
500.0
500.0
500.0
500.0
500.0
500.0
500.0
500.0
500.0
500.0
500.0
500.0
500.0
500.0
500.0
500.0
500.0
500.0
500.0
500.0
500.0
500.0
500.0
500.0
500.0
500.0
500.0
500.0
500.0
500.0
500.0
500.0
500.0
500.0
500.0
500.0
500.0
500.0
500.0
500.0
500.0
500.0
500.0
500.0
500.0
500.0
500.0
500.0
500.0
500.0
500.0
500.0
500.0
500.0
500.0
500.0
500.0
500.0
500.0
500.0
500.0
500.0
500.0
500.0
500.0
500.0
500.0
500.0
500.0
500.0
500.0
500.0
500.0
500.0
500.0
500.0
500.0
500.0
500.0
500.0
500.0
500.0
500.0
500.0
500.0
500.0
500.0
500.0
500.0
500.0
500.0
500.0
500.0
500.0
500.0
500.0
500.0
500.0
500.0
500.0
500.0
500.0
500.0
500.0
500.0
500.0
500.0
500.0
500.0
500.0
500.0
500.0
500.0
500.0
500.0
500.0
500.0
500.0
500.0
500.0
500.0
500.0
500.0
500.0
500.0
500.0
500.0
500.0
500.0
500.0
500.0
500.0
500.0
500.0
500.0
500.0
500.0
500.0
500.0
500.0
500.0
500.0
500.0
500.0
500.0
500.0
500.0
500.0
500.0
500.0
500.0
500.0
500.0
500.0
500.0
500.0
500.0
500.0
500.0
500.0
500.0
500.0
500.0
500.0
500.0
500.0
500.0
500.0
500.0
500.0
500.0
500.0
500.0
500.0
500.0
500.0
500.0
500.0
500.0
500.0
500.0
500.0
500.0
500.0
500.0
500.0
500.0
500.0
500.0
500.0
500.0
500.0
500.0
500.0
500.0
500.0
500.0
500.0
500.0
500.0
500.0
500.0
500.0
500.0
500.0
500.0
500.0
500.0
500.0
500.0
500.0
500.0
500.0
500.0
500.0
500.0
500.0
500.0
500.0
500.0
500.0
500.0
500.0
500.0
500.0
500.0
500.0
500.0
500.0
500.0
500.0
500.0
500.0
500.0
500.0
500.0
500.0
500.0
500.0
500.0
500.0
500.0
500.0
500.0
500.0
500.0
500.0
500.0
500.0
500.0
500.0
500.0
500.0
500.0
500.0
500.0
500.0
500.0
500.0
500.0
500.0
500.0
500.0
500.0
500.0
500.0
500.0
500.0
500.0
500.0
500.0
500.0
500.0
500.0
500.0
500.0
500.0
500.0
500.0
500.0
500.0
500.0
500.0
500.0
500.0
500.0
500.0
500.0
500.0
500.0
500.0
500.0
500.0
500.0
500.0
500.0
500.0
500.0
500.0
500.0
500.0
500.0
500.0
500.0
500.0
500.0
500.0
500.0
500.0
500.0
500.0
500.0
500.0
500.0
500.0
500.0
500.0
500.0
500.0
500.0
500.0
500.0
500.0
500.0
500.0
500.0
500.0
500.0
500.0
500.0
500.0
500.0
500.0
500.0
500.0
500.0
500.0
500.0
500.0
500.0
500.0
500.0
500.0
500.0
500.0
500.0
500.0
500.0
500.0
500.0
500.0
500.0
500.0
500.0
500.0
500.0
500.0
500.0
500.0
500.0
500.0
500.0
500.0
500.0
500.0
500.0
500.0
500.0
500.0
500.0
500.0
500.0
500.0
500.0
500.0
500.0
500.0
500.0
500.0
500.0
500.0
500.0
500.0
500.0
500.0
500.0
500.0
500.0
500.0
500.0
500.0
500.0
500.0
500.0
500.0
500.0
500.0
500.0
500.0
500.0
500.0
500.0
500.0
500.0
500.0
500.0
500.0
500.0
500.0
500.0
500.0
500.0
500.0
500.0
500.0
500.0
500.0
500.0
500.0
500.0
500.0
500.0
500.0
500.0
500.0
500.0
500.0
500.0
500.0
500.0
500.0
500.0
500.0
500.0
500.0
500.0
500.0
500.0
500.0
500.0
500.0
500.0
500.0
500.0
500.0
500.0
500.0
500.0
500.0
500.0
500.0
500.0
500.0
500.0
500.0
500.0
500.0
500.0
500.0
500.0
500.0
500.0
500.0
500.0
500.0
500.0
500.0
500.0
500.0
500.0
500.0
500.0
500.0
500.0
500.0
500.0
500.0
500.0
500.0
500.0
500.0
500.0
500.0
500.0
500.0
500.0
500.0
500.0
500.0
500.0
500.0
500.0
500.0
500.0
500.0
500.0
500.0
500.0
500.0
500.0
500.0
500.0
500.0
500.0
500.0
500.0
500.0
500.0
500.0
500.0
500.0
500.0
500.0
500.0
500.0
500.0
500.0
500.0
500.0
500.0
500.0
500.0
500.0
500.0
500.0
500.0
500.0
500.0
500.0
500.0
500.0
500.0
500.0
500.0
500.0
500.0
500.0
500.0
500.0
500.0
500.0
500.0
500.0
500.0
500.0
500.0
500.0
500.0
500.0
500.0
500.0
500.0
500.0
500.0
500.0
500.0
500.0
500.0
500.0
500.0
500.0
500.0
500.0
500.0
500.0
500.0
500.0
500.0
500.0
500.0
500.0
500.0
500.0
500.0
500.0
500.0
500.0
500.0
500.0
500.0
500.0
500.0
500.0
500.0
500.0
500.0
500.0
500.0
500.0
500.0
500.0
500.0
500.0
500.0
500.0
500.0
500.0
500.0
500.0
500.0
500.0
500.0
500.0
500.0
500.0
500.0
500.0
500.0
500.0
500.0
500.0
500.0
500.0
500.0
500.0
500.0
500.0
500.0
500.0
500.0
500.0
500.0
500.0
500.0
500.0
500.0
500.0
500.0
500.0
500.0
500.0
500.0
500.0
500.0
500.0
500.0
500.0
500.0
500.0
500.0
500.0
500.0
500.0
500.0
500.0
500.0
500.0
500.0
500.0
500.0
500.0
500.0
500.0
500.0
500.0
500.0
500.0
500.0
500.0
500.0
500.0
500.0
500.0
500.0
500.0
500.0
500.0
500.0
500.0
500.0
500.0
500.0
500.0
500.0
500.0
500.0
500.0
500.0
500.0
500.0
500.0
500.0
500.0
500.0
500.0
216.0
500.0
500.0
500.0
500.0
500.0
500.0
500.0
500.0
500.0
500.0
500.0
500.0
500.0
500.0
500.0
500.0
500.0
500.0
500.0
500.0
500.0
500.0
500.0
500.0
500.0
500.0
500.0
500.0
500.0
500.0
500.0
500.0
500.0
500.0
500.0
500.0
500.0
500.0
500.0
500.0
500.0
500.0
500.0
500.0
500.0
500.0
500.0
500.0
500.0
500.0
500.0
500.0
500.0
500.0
500.0
500.0
500.0
500.0
500.0
500.0
500.0
500.0
500.0
500.0
500.0
500.0
500.0
500.0
500.0
500.0
500.0
500.0
500.0
500.0
500.0
500.0
500.0
500.0
500.0
500.0
500.0
500.0
500.0
500.0
500.0
500.0
500.0
500.0
500.0
500.0
500.0
500.0
500.0
500.0
500.0
500.0
500.0
500.0
500.0
500.0
500.0
500.0
500.0
500.0
500.0
500.0
500.0
500.0
500.0
500.0
500.0
500.0
500.0
500.0
500.0
500.0
500.0
500.0
500.0
500.0
500.0
500.0
500.0
500.0
500.0
500.0
500.0
500.0
500.0
500.0
500.0
500.0
500.0
500.0
500.0
500.0
500.0
500.0
500.0
500.0
500.0
500.0
500.0
500.0
500.0
500.0
500.0
500.0
500.0
500.0
500.0
500.0
500.0
500.0
500.0
500.0
500.0
500.0
500.0
500.0
500.0
500.0
500.0
500.0
500.0
500.0
500.0
500.0
500.0
500.0
500.0
500.0
500.0
500.0
500.0
500.0
500.0
500.0
500.0
500.0
500.0
500.0
500.0
500.0
500.0
500.0
500.0
500.0
500.0
500.0
500.0
500.0
500.0
500.0
500.0
500.0
500.0
500.0
500.0
500.0
500.0
500.0
500.0
500.0
500.0
500.0
500.0
500.0
500.0
500.0
500.0
500.0
500.0
500.0
500.0
500.0
500.0
500.0
500.0
500.0
500.0
500.0
500.0
500.0
500.0
500.0
500.0
500.0
500.0
500.0
500.0
500.0
500.0
500.0
500.0
500.0
500.0
500.0
500.0
500.0
500.0
500.0
500.0
500.0
500.0
500.0
500.0
500.0
500.0
500.0
500.0
500.0
500.0
500.0
500.0
500.0
500.0
500.0
500.0
500.0
500.0
500.0
500.0
500.0
500.0
500.0
500.0
500.0
500.0
500.0
500.0
500.0
500.0
500.0
500.0
500.0
500.0
500.0
500.0
500.0
500.0
500.0
500.0
500.0
500.0
500.0
500.0
500.0
500.0
500.0
500.0
500.0
500.0
500.0
500.0
500.0
500.0
500.0
500.0
500.0
500.0
500.0
500.0
500.0
500.0
500.0
500.0
500.0
500.0
500.0
500.0
500.0
500.0
500.0
500.0
500.0
500.0
500.0
500.0
500.0
500.0
500.0
500.0
500.0
500.0
500.0
500.0
500.0
500.0
500.0
500.0
500.0
500.0
500.0
500.0
500.0
500.0
484.0
500.0
500.0
500.0
500.0
500.0
500.0
500.0
500.0
500.0
500.0
500.0
500.0
500.0
500.0
500.0
500.0
500.0
500.0
500.0
500.0
500.0
500.0
500.0
500.0
500.0
500.0
500.0
500.0
500.0
500.0
500.0
500.0
500.0
500.0
500.0
500.0
500.0
500.0
500.0
500.0
500.0
500.0
500.0
500.0
500.0
500.0
500.0
500.0
500.0
500.0
500.0
500.0
500.0
500.0
500.0
500.0
500.0
500.0
500.0
500.0
500.0
500.0
500.0
500.0
500.0
500.0
500.0
500.0
500.0
500.0
500.0
500.0
500.0
500.0
500.0
500.0
500.0
500.0
500.0
500.0
312.0
500.0
500.0
500.0
500.0
500.0
500.0
500.0
500.0
500.0
500.0
500.0
500.0
500.0
500.0
500.0
500.0
500.0
500.0
500.0
500.0
500.0
500.0
500.0
500.0
500.0
500.0
500.0
500.0
500.0
500.0
500.0
500.0
500.0
500.0
500.0
500.0
500.0
500.0
500.0
500.0
500.0
500.0
500.0
500.0
500.0
500.0
500.0
500.0
500.0
500.0
500.0
500.0
500.0
500.0
500.0
500.0
500.0
500.0
500.0
500.0
500.0
500.0
500.0
500.0
500.0
500.0
500.0
500.0
500.0
500.0
500.0
500.0
500.0
500.0
500.0
500.0
500.0
500.0
500.0
500.0
500.0
500.0
500.0
500.0
500.0
500.0
500.0
500.0
500.0
500.0
500.0
500.0
500.0
500.0
500.0
500.0
500.0
500.0
500.0
500.0
500.0
500.0
500.0
500.0
500.0
500.0
500.0
500.0
500.0
500.0
500.0
500.0
500.0
500.0
500.0
500.0
500.0
500.0
500.0
500.0
500.0
500.0
500.0
500.0
500.0
500.0
500.0
500.0
500.0
500.0
500.0
500.0
500.0
500.0
500.0
500.0
500.0
500.0
500.0
500.0
500.0
500.0
500.0
500.0
500.0
500.0
500.0
500.0
500.0
500.0
500.0
500.0
500.0
500.0
500.0
500.0
500.0
500.0
500.0
500.0
500.0
500.0
500.0
500.0
500.0
500.0
500.0
500.0
500.0
500.0
500.0
500.0
500.0
500.0
500.0
500.0
500.0
500.0
500.0
500.0
500.0
500.0
500.0
500.0
500.0
500.0
500.0
500.0
500.0
500.0
500.0
500.0
500.0
500.0
500.0
500.0
500.0
500.0
500.0
500.0
500.0
500.0
500.0
500.0
500.0
500.0
500.0
500.0
500.0
500.0
500.0
500.0
500.0
500.0
500.0
500.0
500.0
500.0
500.0
500.0
500.0
500.0
500.0
500.0
500.0
500.0
500.0
500.0
500.0
500.0
500.0
500.0
500.0
500.0
500.0
500.0
500.0
500.0
500.0
500.0
500.0
500.0
500.0
500.0
500.0
500.0
135.0
500.0
500.0
500.0
500.0
500.0
500.0
500.0
500.0
500.0
500.0
500.0
500.0
500.0
500.0
500.0
500.0
500.0
500.0
500.0
500.0
500.0
500.0
500.0
500.0
500.0
500.0
500.0
500.0
500.0
500.0
500.0
500.0
500.0
500.0
500.0
500.0
500.0
500.0
500.0
500.0
500.0
500.0
500.0
500.0
500.0
500.0
500.0
500.0
500.0
500.0
500.0
500.0
500.0
500.0
500.0
500.0
500.0
500.0
500.0
500.0
500.0
500.0
500.0
500.0
500.0
500.0
500.0
500.0
500.0
500.0
500.0
500.0
500.0
500.0
500.0
500.0
500.0
500.0
500.0
500.0
500.0
500.0
500.0
500.0
500.0
500.0
500.0
500.0
500.0
500.0
500.0
500.0
500.0
500.0
500.0
500.0
500.0
500.0
500.0
500.0
500.0
500.0
500.0
500.0
500.0
500.0
500.0
500.0
500.0
500.0
500.0
500.0
500.0
500.0
500.0
500.0
500.0
500.0
500.0
500.0
500.0
500.0
500.0
500.0
500.0
500.0
500.0
500.0
500.0
500.0
500.0
500.0
500.0
500.0
500.0
500.0
500.0
500.0
500.0
500.0
500.0
500.0
500.0
500.0
500.0
500.0
500.0
500.0
500.0
500.0
500.0
500.0
500.0
500.0
500.0
500.0
500.0
500.0
500.0
500.0
500.0
500.0
500.0
500.0
500.0
500.0
500.0
500.0
500.0
500.0
500.0
500.0
500.0
500.0
500.0
500.0
500.0
500.0
500.0
500.0
500.0
500.0
500.0
500.0
500.0
500.0
500.0
500.0
500.0
500.0
500.0
500.0
500.0
500.0
500.0
500.0
500.0
500.0
500.0
500.0
500.0
500.0
500.0
500.0
500.0
500.0
500.0
500.0
500.0
500.0
500.0
500.0
500.0
500.0
500.0
500.0
500.0
500.0
500.0
500.0
500.0
500.0
500.0
500.0
500.0
500.0
500.0
500.0
500.0
500.0
500.0
500.0
500.0
500.0
500.0
500.0
500.0
500.0
500.0
500.0
500.0
500.0
500.0
500.0
500.0
500.0
500.0
500.0
500.0
500.0
500.0
500.0
500.0
500.0
500.0
500.0
500.0
500.0
500.0
500.0
500.0
500.0
500.0
500.0
500.0
500.0
500.0
500.0
500.0
500.0
500.0
500.0
500.0
500.0
500.0
500.0
500.0
500.0
500.0
500.0
500.0
500.0
500.0
500.0
500.0
500.0
500.0
500.0
500.0
500.0
500.0
500.0
500.0
500.0
500.0
500.0
500.0
500.0
500.0
500.0
500.0
500.0
500.0
500.0
500.0
500.0
500.0
500.0
500.0
500.0
500.0
500.0
500.0
500.0
500.0
500.0
500.0
500.0
500.0
500.0
500.0
500.0
500.0
500.0
500.0
500.0
500.0
500.0
500.0
500.0
500.0
500.0
500.0
500.0
500.0
500.0
500.0
500.0
500.0
500.0
500.0
500.0
500.0
500.0
500.0
500.0
500.0
500.0
500.0
500.0
500.0
500.0
500.0
500.0
500.0
500.0
500.0
500.0
500.0
500.0
500.0
500.0
500.0
500.0
500.0
500.0
500.0
500.0
500.0
500.0
500.0
500.0
500.0
500.0
500.0
500.0
500.0
500.0
500.0
500.0
500.0
500.0
500.0
500.0
500.0
500.0
500.0
500.0
500.0
500.0
500.0
500.0
500.0
500.0
500.0
500.0
500.0
500.0
500.0
500.0
500.0
500.0
500.0
500.0
500.0
500.0
500.0
500.0
500.0
500.0
500.0
500.0
500.0
500.0
500.0
500.0
500.0
500.0
500.0
500.0
263.0
500.0
500.0
500.0
500.0
500.0
500.0
500.0
500.0
500.0
500.0
500.0
500.0
500.0
500.0
500.0
500.0
500.0
500.0
500.0
500.0
500.0
500.0
500.0
500.0
500.0
500.0
500.0
500.0
500.0
500.0
500.0
500.0
500.0
500.0
500.0
500.0
500.0
500.0
500.0
500.0
500.0
500.0
500.0
500.0
197.0
500.0
500.0
500.0
500.0
500.0
500.0
500.0
500.0
500.0
500.0
500.0
500.0
500.0
500.0
500.0
500.0
500.0
500.0
500.0
500.0
500.0
500.0
500.0
500.0
500.0
500.0
500.0
500.0
500.0
500.0
500.0
500.0
500.0
500.0
500.0
500.0
500.0
500.0
500.0
500.0
500.0
500.0
500.0
500.0
500.0
500.0
500.0
500.0
500.0
500.0
500.0
500.0
500.0
500.0
500.0
500.0
500.0
500.0
500.0
500.0
500.0
500.0
500.0
500.0
500.0
500.0
500.0
500.0
500.0
500.0
500.0
500.0
500.0
500.0
500.0
500.0
500.0
500.0
500.0
500.0
500.0
500.0
500.0
500.0
500.0
500.0
500.0
500.0
500.0
500.0
500.0
500.0
500.0
500.0
500.0
500.0
500.0
500.0
500.0
500.0
500.0
500.0
500.0
500.0
500.0
500.0
500.0
500.0
500.0
500.0
500.0
500.0
500.0
500.0
500.0
500.0
500.0
500.0
500.0
500.0
500.0
500.0
500.0
500.0
500.0
500.0
500.0
500.0
500.0
500.0
500.0
500.0
500.0
500.0
500.0
500.0
500.0
500.0
500.0
500.0
500.0
500.0
500.0
500.0
500.0
500.0
500.0
500.0
500.0
500.0
500.0
500.0
500.0
500.0
500.0
500.0
500.0
500.0
500.0
500.0
500.0
500.0
500.0
500.0
500.0
500.0
500.0
500.0
500.0
500.0
500.0
500.0
500.0
500.0
500.0
500.0
500.0
500.0
500.0
500.0
500.0
500.0
500.0
500.0
500.0
500.0
500.0
500.0
500.0
500.0
500.0
500.0
500.0
500.0
500.0
500.0
500.0
500.0
500.0
500.0
500.0
500.0
500.0
500.0
500.0
500.0
500.0
500.0
500.0
500.0
500.0
500.0
500.0
500.0
500.0
500.0
500.0
500.0
500.0
500.0
500.0
500.0
500.0
500.0
500.0
500.0
500.0
500.0
500.0
500.0
500.0
500.0
500.0
500.0
500.0
500.0
500.0
500.0
500.0
500.0
500.0
500.0
500.0
500.0
500.0
500.0
500.0
500.0
500.0
500.0
500.0
500.0
500.0
500.0
500.0
500.0
500.0
500.0
500.0
500.0
500.0
500.0
500.0
500.0
500.0
500.0
500.0
500.0
500.0
500.0
500.0
500.0
500.0
500.0
500.0
500.0
500.0
500.0
500.0
500.0
500.0
500.0
500.0
500.0
500.0
500.0
500.0
500.0
500.0
500.0
500.0
500.0
500.0
500.0
500.0
500.0
500.0
500.0
500.0
500.0
500.0
500.0
500.0
500.0
500.0
500.0
500.0
500.0
500.0
500.0
500.0
500.0
500.0
500.0
500.0
500.0
500.0
500.0
500.0
500.0
500.0
500.0
500.0
500.0
500.0
500.0
500.0
500.0
500.0
500.0
500.0
500.0
500.0
500.0
500.0
500.0
500.0
500.0
500.0
500.0
500.0
500.0
500.0
500.0
500.0
500.0
500.0
500.0
500.0
500.0
500.0
500.0
500.0
500.0
500.0
500.0
500.0
500.0
500.0
500.0
500.0
500.0
500.0
500.0
500.0
500.0
500.0
500.0
500.0
500.0
500.0
500.0
500.0
500.0
500.0
500.0
500.0
500.0
500.0
500.0
500.0
500.0
500.0
500.0
500.0
500.0
500.0
500.0
500.0
500.0
500.0
500.0
500.0
500.0
500.0
500.0
500.0
500.0
500.0
500.0
500.0
500.0
500.0
500.0
500.0
500.0
500.0
500.0
500.0
500.0
500.0
500.0
500.0
500.0
500.0
500.0
500.0
500.0
500.0
500.0
500.0
500.0
500.0
500.0
500.0
500.0
500.0
500.0
500.0
500.0
500.0
500.0
500.0
500.0
500.0
500.0
500.0
500.0
500.0
500.0
500.0
500.0
500.0
500.0
500.0
500.0
500.0
500.0
500.0
500.0
500.0
500.0
500.0
500.0
500.0
500.0
500.0
500.0
500.0
500.0
500.0
500.0
500.0
500.0
500.0
500.0
500.0
500.0
500.0
500.0
500.0
500.0
500.0
500.0
500.0
500.0
500.0
500.0
500.0
500.0
500.0
500.0
500.0
500.0
500.0
500.0
500.0
500.0
500.0
500.0
500.0
500.0
500.0
500.0
500.0
500.0
500.0
500.0
500.0
500.0
500.0
500.0
500.0
500.0
500.0
500.0
500.0
500.0
500.0
500.0
500.0
500.0
500.0
500.0
500.0
500.0
500.0
500.0
500.0
500.0
500.0
500.0
500.0
500.0
500.0
500.0
500.0
500.0
500.0
500.0
500.0
500.0
500.0
500.0
500.0
500.0
500.0
500.0
500.0
500.0
500.0
500.0
500.0
500.0
500.0
500.0
500.0
500.0
500.0
500.0
500.0
500.0
500.0
500.0
500.0
500.0
500.0
500.0
500.0
500.0
500.0
500.0
500.0
500.0
500.0
500.0
500.0
500.0
500.0
500.0
500.0
500.0
500.0
500.0
500.0
500.0
500.0
500.0
500.0
500.0
500.0
500.0
500.0
500.0
500.0
500.0
500.0
500.0
500.0
500.0
500.0
500.0
500.0
500.0
500.0
500.0
500.0
500.0
500.0
500.0
500.0
500.0
500.0
500.0
500.0
500.0
500.0
500.0
500.0
500.0
500.0
500.0
500.0
500.0
500.0
500.0
500.0
500.0
500.0
500.0
500.0
500.0
500.0
500.0
500.0
500.0
500.0
500.0
500.0
500.0
500.0
500.0
500.0
500.0
500.0
500.0
500.0
500.0
500.0
500.0
500.0
500.0
500.0
500.0
500.0
500.0
500.0
500.0
500.0
500.0
500.0
500.0
500.0
500.0
500.0
500.0
500.0
500.0
500.0
500.0
500.0
500.0
500.0
500.0
500.0
500.0
500.0
500.0
500.0
500.0
500.0
500.0
500.0
500.0
500.0
500.0
500.0
500.0
500.0
500.0
500.0
500.0
500.0
500.0
500.0
500.0
500.0
500.0
500.0
500.0
500.0
500.0
500.0
500.0
500.0
500.0
500.0
500.0
500.0
500.0
500.0
500.0
500.0
500.0
500.0
500.0
500.0
500.0
500.0
500.0
500.0
500.0
500.0
500.0
500.0
500.0
500.0
500.0
500.0
500.0
500.0
500.0
500.0
500.0
500.0
500.0
500.0
500.0
500.0
500.0
500.0
500.0
500.0
500.0
500.0
500.0
500.0
500.0
500.0
500.0
500.0
500.0
500.0
500.0
500.0
500.0
500.0
500.0
500.0
500.0
500.0
500.0
500.0
500.0
500.0
500.0
500.0
500.0
500.0
500.0
500.0
500.0
500.0
500.0
500.0
500.0
500.0
500.0
500.0
500.0
500.0
500.0
500.0
500.0
500.0
500.0
500.0
500.0
500.0
500.0
500.0
500.0
500.0
500.0
500.0
500.0
500.0
500.0
500.0
500.0
500.0
500.0
500.0
500.0
500.0
500.0
500.0
500.0
500.0
500.0
500.0
500.0
500.0
500.0
500.0
500.0
500.0
500.0
500.0
500.0
500.0
500.0
500.0
500.0
500.0
500.0
500.0
500.0
500.0
500.0
500.0
500.0
500.0
500.0
500.0
500.0
500.0
500.0
500.0
500.0
500.0
500.0
500.0
500.0
500.0
500.0
500.0
500.0
500.0
500.0
500.0
500.0
500.0
500.0
500.0
500.0
500.0
500.0
500.0
500.0
500.0
500.0
500.0
500.0
500.0
500.0
500.0
500.0
500.0
500.0
500.0
500.0
500.0
500.0
500.0
500.0
500.0
500.0
500.0
500.0
500.0
500.0
500.0
500.0
500.0
500.0
500.0
500.0
500.0
500.0
500.0
500.0
500.0
500.0
500.0
500.0
500.0
500.0
500.0
500.0
500.0
500.0
500.0
500.0
500.0
500.0
500.0
500.0
500.0
500.0
500.0
500.0
500.0
500.0
500.0
500.0
500.0
500.0
500.0
500.0
500.0
500.0
500.0
500.0
500.0
500.0
500.0
500.0
500.0
500.0
500.0
500.0
500.0
500.0
500.0
500.0
500.0
500.0
500.0
500.0
500.0
500.0
500.0
500.0
500.0
500.0
500.0
500.0
500.0
500.0
500.0
500.0
500.0
500.0
500.0
500.0
500.0
500.0
500.0
500.0
500.0
500.0
500.0
500.0
500.0
500.0
500.0
500.0
500.0
500.0
500.0
500.0
500.0
500.0
500.0
500.0
500.0
500.0
500.0
500.0
500.0
500.0
500.0
500.0
500.0
500.0
500.0
500.0
500.0
500.0
500.0
500.0
500.0
500.0
500.0
500.0
500.0
500.0
500.0
500.0
500.0
500.0
500.0
500.0
500.0
500.0
500.0
500.0
500.0
500.0
500.0
500.0
500.0
500.0
500.0
500.0
500.0
500.0
500.0
500.0
500.0
500.0
500.0
500.0
500.0
500.0
500.0
500.0
500.0
500.0
500.0
500.0
500.0
500.0
500.0
500.0
500.0
500.0
500.0
500.0
500.0
500.0
500.0
500.0
500.0
500.0
500.0
500.0
500.0
500.0
500.0
500.0
500.0
500.0
500.0
500.0
500.0
500.0
500.0
500.0
500.0
500.0
500.0
500.0
500.0
500.0
500.0
500.0
500.0
500.0
500.0
500.0
500.0
500.0
500.0
500.0
500.0
500.0
500.0
500.0
500.0
500.0
500.0
500.0
500.0
500.0
500.0
500.0
500.0
500.0
500.0
500.0
500.0
500.0
500.0
500.0
500.0
500.0
500.0
500.0
500.0
500.0
500.0
500.0
500.0
500.0
500.0
500.0
500.0
500.0
500.0
500.0
500.0
500.0
500.0
500.0
500.0
500.0
500.0
500.0
500.0
500.0
500.0
500.0
500.0
500.0
500.0
500.0
500.0
500.0
500.0
500.0
500.0
500.0
500.0
500.0
500.0
500.0
500.0
500.0
500.0
500.0
500.0
500.0
500.0
500.0
500.0
500.0
25.0
500.0
500.0
500.0
500.0
500.0
500.0
500.0
500.0
500.0
500.0
500.0
500.0
500.0
500.0
500.0
500.0
500.0
500.0
500.0
500.0
500.0
500.0
500.0
500.0
500.0
500.0
500.0
500.0
500.0
500.0
500.0
500.0
500.0
500.0
500.0
500.0
500.0
500.0
500.0
500.0
500.0
500.0
500.0
500.0
500.0
500.0
500.0
500.0
500.0
500.0
500.0
500.0
500.0
500.0
500.0
500.0
500.0
500.0
500.0
500.0
500.0
500.0
500.0
500.0
500.0
500.0
500.0
500.0
500.0
500.0
500.0
500.0
500.0