20.0
33.0
19.0
13.0
11.0
12.0
10.0
10.0
10.0
8.0
12.0
9.0
10.0
10.0
10.0
10.0
10.0
11.0
10.0
10.0
10.0
10.0
9.0
8.0
10.0
9.0
11.0
9.0
9.0
13.0
10.0
11.0
10.0
13.0
13.0
14.0
13.0
13.0
11.0
14.0
8.0
14.0
18.0
11.0
10.0
16.0
16.0
19.0
23.0
18.0
20.0
22.0
16.0
15.0
22.0
12.0
16.0
19.0
11.0
24.0
12.0
21.0
11.0
30.0
10.0
39.0
24.0
14.0
14.0
12.0
28.0
9.0
24.0
32.0
13.0
55.0
41.0
30.0
12.0
13.0
13.0
57.0
18.0
12.0
35.0
12.0
21.0
22.0
17.0
25.0
44.0
33.0
31.0
30.0
42.0
11.0
46.0
37.0
36.0
37.0
27.0
41.0
45.0
38.0
85.0
14.0
26.0
39.0
24.0
43.0
53.0
25.0
12.0
41.0
118.0
64.0
79.0
58.0
59.0
43.0
40.0
37.0
41.0
39.0
42.0
47.0
31.0
36.0
68.0
38.0
40.0
50.0
48.0
60.0
75.0
45.0
58.0
71.0
41.0
65.0
66.0
46.0
60.0
102.0
54.0
43.0
36.0
101.0
66.0
79.0
22.0
67.0
60.0
78.0
72.0
91.0
71.0
123.0
119.0
71.0
79.0
106.0
49.0
95.0
76.0
64.0
84.0
116.0
84.0
136.0
83.0
77.0
146.0
93.0
75.0
86.0
95.0
87.0
119.0
50.0
45.0
73.0
148.0
154.0
46.0
56.0
53.0
96.0
81.0
74.0
98.0
115.0
161.0
47.0
106.0
80.0
93.0
148.0
67.0
88.0
47.0
88.0
88.0
95.0
96.0
194.0
89.0
100.0
98.0
86.0
100.0
114.0
103.0
115.0
50.0
86.0
115.0
109.0
114.0
103.0
152.0
154.0
113.0
59.0
180.0
94.0
97.0
120.0
50.0
116.0
106.0
101.0
95.0
122.0
122.0
73.0
95.0
134.0
80.0
108.0
101.0
118.0
103.0
136.0
102.0
129.0
47.0
100.0
162.0
108.0
125.0
127.0
126.0
163.0
142.0
55.0
111.0
115.0
107.0
113.0
151.0
188.0
52.0
115.0
101.0
153.0
95.0
58.0
142.0
134.0
102.0
114.0
103.0
176.0
121.0
117.0
163.0
113.0
147.0
61.0
110.0
147.0
108.0
155.0
148.0
120.0
113.0
132.0
124.0
117.0
117.0
161.0
175.0
161.0
167.0
125.0
111.0
113.0
113.0
135.0
144.0
196.0
125.0
112.0
164.0
111.0
130.0
202.0
165.0
123.0
106.0
114.0
123.0
123.0
42.0
114.0
156.0
119.0
117.0
117.0
116.0
117.0
115.0
158.0
167.0
141.0
157.0
114.0
141.0
114.0
116.0
108.0
109.0
133.0
115.0
145.0
125.0
127.0
171.0
173.0
181.0
128.0
125.0
39.0
130.0
145.0
144.0
174.0
152.0
121.0
163.0
41.0
202.0
127.0
127.0
123.0
207.0
158.0
125.0
183.0
142.0
207.0
191.0
125.0
126.0
126.0
135.0
130.0
198.0
164.0
125.0
165.0
116.0
166.0
133.0
142.0
166.0
143.0
159.0
193.0
149.0
117.0
135.0
164.0
147.0
130.0
182.0
246.0
150.0
156.0
159.0
233.0
173.0
125.0
124.0
212.0
192.0
155.0
168.0
176.0
123.0
124.0
143.0
140.0
127.0
121.0
106.0
185.0
118.0
213.0
117.0
137.0
134.0
178.0
121.0
112.0
143.0
170.0
143.0
123.0
177.0
133.0
155.0
188.0
119.0
148.0
137.0
121.0
145.0
220.0
200.0
126.0
139.0
158.0
109.0
239.0
95.0
150.0
133.0
168.0
114.0
214.0
167.0
190.0
210.0
122.0
103.0
195.0
115.0
193.0
111.0
119.0
132.0
189.0
90.0
84.0
190.0
170.0
121.0
228.0
115.0
137.0
124.0
175.0
97.0
146.0
124.0
142.0
79.0
144.0
138.0
206.0
81.0
85.0
192.0
109.0
168.0
167.0
53.0
152.0
155.0
146.0
92.0
178.0
201.0
99.0
212.0
104.0
83.0
234.0
101.0
224.0
182.0
136.0
202.0
242.0
122.0
169.0
116.0
149.0
115.0
127.0
140.0
197.0
182.0
184.0
193.0
88.0
129.0
87.0
195.0
174.0
186.0
148.0
196.0
146.0
147.0
95.0
113.0
191.0
166.0
119.0
145.0
119.0
155.0
138.0
131.0
121.0
132.0
180.0
143.0
131.0
147.0
49.0
128.0
196.0
169.0
101.0
127.0
112.0
146.0
146.0
186.0
127.0
163.0
149.0
142.0
177.0
161.0
123.0
166.0
93.0
151.0
207.0
157.0
140.0
132.0
126.0
129.0
222.0
124.0
182.0
172.0
145.0
202.0
116.0
199.0
146.0
169.0
167.0
227.0
138.0
91.0
100.0
222.0
171.0
136.0
181.0
152.0
152.0
148.0
185.0
179.0
201.0
235.0
177.0
182.0
153.0
157.0
156.0
182.0
128.0
127.0
122.0
138.0
209.0
125.0
131.0
164.0
203.0
126.0
211.0
130.0
116.0
201.0
171.0
118.0
210.0
141.0
176.0
132.0
172.0
144.0
212.0
123.0
131.0
110.0
144.0
126.0
130.0
203.0
144.0
136.0
224.0
248.0
144.0
123.0
209.0
178.0
185.0
142.0
117.0
116.0
158.0
133.0
133.0
150.0
224.0
133.0
152.0
162.0
206.0
140.0
151.0
177.0
225.0
126.0
215.0
152.0
210.0
124.0
237.0
155.0
141.0
214.0
151.0
200.0
120.0
130.0
140.0
132.0
190.0
223.0
220.0
152.0
207.0
224.0
219.0
163.0
133.0
238.0
133.0
144.0
139.0
264.0
183.0
196.0
122.0
194.0
160.0
128.0
148.0
141.0
191.0
149.0
176.0
144.0
163.0
147.0
185.0
152.0
137.0
207.0
145.0
98.0
218.0
195.0
133.0
242.0
157.0
187.0
164.0
158.0
139.0
138.0
157.0
143.0
184.0
169.0
244.0
173.0
144.0
140.0
192.0
132.0
125.0
161.0
226.0
268.0
191.0
213.0
156.0
157.0
156.0
103.0
197.0
169.0
151.0
175.0
148.0
215.0
100.0
128.0
127.0
82.0
208.0
112.0
178.0
87.0
123.0
173.0
146.0
259.0
215.0
188.0
100.0
243.0
137.0
186.0
177.0
213.0
184.0
221.0
240.0
84.0
161.0
170.0
249.0
187.0
199.0
231.0
201.0
180.0
245.0
200.0
215.0
175.0
224.0
212.0
212.0
198.0
62.0
196.0
245.0
185.0
168.0
99.0
275.0
49.0
138.0
62.0
50.0
37.0
44.0
50.0
141.0
129.0
39.0
40.0
128.0
64.0
60.0
36.0
33.0
36.0
49.0
130.0
86.0
53.0
101.0
54.0
88.0
59.0
46.0
48.0
59.0
48.0
65.0
40.0
82.0
23.0
58.0
16.0
18.0
18.0
74.0
17.0
104.0
48.0
63.0
14.0
34.0
59.0
175.0
58.0
86.0
44.0
44.0
51.0
28.0
91.0
55.0
151.0
29.0
236.0
40.0
14.0
166.0
113.0
73.0
235.0
115.0
77.0
232.0
261.0
500.0
500.0
500.0
500.0
13.0
500.0
35.0
500.0
37.0
500.0
11.0
500.0
58.0
280.0
41.0
60.0
216.0
12.0
289.0
133.0
273.0
125.0
500.0
132.0
500.0
256.0
150.0
500.0
500.0
51.0
500.0
500.0
136.0
180.0
500.0
173.0
500.0
274.0
500.0
182.0
186.0
226.0
155.0
38.0
500.0
34.0
138.0
69.0
500.0
168.0
40.0
39.0
145.0
500.0
30.0
52.0
83.0
148.0
500.0
93.0
168.0
17.0
120.0
134.0
128.0
77.0
500.0
237.0
500.0
60.0
500.0
484.0
500.0
500.0
500.0
500.0
500.0
66.0
500.0
500.0
500.0
500.0
10.0
141.0
500.0
500.0
500.0
500.0
500.0
35.0
500.0
500.0
54.0
500.0
500.0
21.0
71.0
167.0
500.0
197.0
500.0
500.0
338.0
14.0
500.0
500.0
500.0
91.0
500.0
500.0
500.0
500.0
500.0
500.0
500.0
500.0
500.0
500.0
488.0
182.0
385.0
500.0
71.0
500.0
500.0
500.0
500.0
181.0
500.0
500.0
500.0
500.0
500.0
500.0
500.0
500.0
500.0
500.0
500.0
500.0
500.0
172.0
117.0
500.0
387.0
500.0
339.0
500.0
500.0
500.0
500.0
500.0
500.0
500.0
500.0
133.0
500.0
119.0
500.0
76.0
500.0
500.0
500.0
72.0
88.0
500.0
500.0
165.0
500.0
500.0
500.0
500.0
500.0
500.0
135.0
500.0
500.0
49.0
500.0
97.0
500.0
500.0
500.0
487.0
500.0
500.0
148.0
500.0
500.0
500.0
500.0
500.0
500.0
500.0
500.0
500.0
500.0
500.0
500.0
500.0
217.0
500.0
500.0
500.0
500.0
500.0
500.0
500.0
500.0
500.0
500.0
500.0
95.0
500.0
500.0
500.0
500.0
500.0
96.0
500.0
27.0
500.0
500.0
500.0
500.0
22.0
500.0
88.0
38.0
500.0
500.0
81.0
38.0
500.0
500.0
500.0
500.0
500.0
500.0
449.0
67.0
500.0
500.0
500.0
500.0
500.0
98.0
500.0
19.0
459.0
500.0
38.0
35.0
40.0
43.0
37.0
52.0
34.0
51.0
59.0
62.0
150.0
99.0
500.0
41.0
181.0
209.0
139.0
43.0
75.0
500.0
43.0
134.0
85.0
45.0
85.0
24.0
500.0
48.0
500.0
47.0
113.0
65.0
84.0
39.0
500.0
35.0
500.0
43.0
53.0
88.0
53.0
500.0
500.0
119.0
43.0
44.0
500.0
45.0
182.0
201.0
500.0
36.0
37.0
500.0
500.0
43.0
78.0
500.0
83.0
87.0
500.0
58.0
199.0
86.0
487.0
500.0
47.0
108.0
124.0
87.0
59.0
97.0
64.0
51.0
500.0
78.0
73.0
62.0
62.0
61.0
41.0
500.0
107.0
500.0
269.0
103.0
500.0
500.0
500.0
500.0
77.0
500.0
181.0
69.0
500.0
47.0
39.0
116.0
50.0
85.0
500.0
40.0
356.0
500.0
83.0
51.0
45.0
500.0
94.0
500.0
193.0
112.0
500.0
164.0
176.0
500.0
500.0
51.0
500.0
65.0
96.0
47.0
55.0
500.0
500.0
43.0
55.0
205.0
251.0
47.0
101.0
232.0
500.0
200.0
500.0
72.0
356.0
171.0
57.0
45.0
94.0
237.0
240.0
261.0
216.0
258.0
250.0
355.0
269.0
500.0
42.0
230.0
500.0
226.0
107.0
259.0
500.0
500.0
495.0
143.0
54.0
269.0
252.0
135.0
500.0
261.0
291.0
164.0
273.0
500.0
500.0
401.0
500.0
500.0
500.0
500.0
500.0
455.0
496.0
273.0
500.0
397.0
243.0
237.0
500.0
500.0
500.0
343.0
500.0
500.0
459.0
155.0
500.0
500.0
500.0
500.0
500.0
292.0
500.0
182.0
500.0
154.0
500.0
500.0
500.0
500.0
500.0
500.0
500.0
157.0
500.0
500.0
500.0
230.0
500.0
500.0
131.0
500.0
269.0
500.0
500.0
500.0
500.0
471.0
500.0
500.0
496.0
500.0
500.0
383.0
398.0
500.0
500.0
500.0
292.0
500.0
472.0
147.0
274.0
500.0
500.0
500.0
500.0
500.0
500.0
500.0
500.0
500.0
174.0
500.0
68.0
500.0
500.0
500.0
500.0
500.0
500.0
500.0
194.0
500.0
500.0
500.0
500.0
500.0
379.0
500.0
500.0
175.0
500.0
500.0
500.0
500.0
500.0
500.0
500.0
56.0
500.0
500.0
500.0
500.0
500.0
500.0
500.0
500.0
425.0
500.0
500.0
500.0
500.0
438.0
500.0
458.0
500.0
500.0
500.0
500.0
500.0
500.0
500.0
479.0
500.0
500.0
500.0
500.0
500.0
500.0
500.0
391.0
500.0
500.0
500.0
500.0
500.0
147.0
500.0
456.0
485.0
500.0
476.0
500.0
500.0
500.0
500.0
438.0
498.0
419.0
500.0
500.0
500.0
500.0
406.0
500.0
425.0
500.0
459.0
52.0
500.0
500.0
500.0
500.0
135.0
500.0
500.0
500.0
500.0
160.0
125.0
500.0
500.0
500.0
500.0
500.0
500.0
136.0
500.0
500.0
385.0
500.0
500.0
477.0
500.0
448.0
500.0
500.0
500.0
500.0
500.0
500.0
500.0
398.0
500.0
500.0
500.0
500.0
500.0
482.0
467.0
446.0
428.0
500.0
500.0
500.0
451.0
500.0
500.0
500.0
500.0
436.0
500.0
466.0
500.0
489.0
471.0
500.0
500.0
500.0
177.0
500.0
500.0
500.0
500.0
462.0
500.0
500.0
500.0
500.0
500.0
500.0
500.0
500.0
500.0
500.0
500.0
495.0
176.0
500.0
500.0
500.0
180.0
473.0
500.0
500.0
500.0
500.0
500.0
458.0
500.0
500.0
500.0
436.0
467.0
139.0
469.0
500.0
500.0
25.0
500.0
450.0
500.0
500.0
165.0
500.0
500.0
500.0
20.0
500.0
500.0
500.0
500.0
481.0
500.0
476.0
438.0
467.0
500.0
500.0
500.0
500.0
500.0
500.0
500.0
500.0
500.0
500.0
173.0
500.0
500.0
500.0
434.0
500.0
500.0
478.0
447.0
500.0
500.0
179.0
433.0
500.0
500.0
500.0
495.0
434.0
500.0
500.0
500.0
500.0
500.0
500.0
456.0
500.0
500.0
480.0
500.0
358.0
500.0
500.0
500.0
248.0
500.0
500.0
500.0
500.0
500.0
500.0
500.0
500.0
500.0
500.0
500.0
500.0
500.0
466.0
500.0
500.0
500.0
500.0
500.0
386.0
486.0
500.0
500.0
500.0
464.0
500.0
500.0
500.0
500.0
500.0
500.0
500.0
500.0
500.0
500.0
500.0
474.0
500.0
500.0
500.0
500.0
500.0
500.0
500.0
500.0
446.0
500.0
500.0
500.0
497.0
500.0
500.0
500.0
500.0
405.0
500.0
500.0
500.0
500.0
500.0
500.0
500.0
500.0
455.0
500.0
500.0
476.0
500.0
500.0
500.0
500.0
500.0
395.0
495.0
500.0
500.0
500.0
500.0
498.0
490.0
500.0
500.0
500.0
500.0
480.0
500.0
500.0
500.0
500.0
500.0
500.0
500.0
500.0
500.0
500.0
500.0
55.0
500.0
500.0
500.0
472.0
500.0
500.0
500.0
500.0
500.0
500.0
500.0
500.0
500.0
478.0
447.0
500.0
500.0
500.0
500.0
500.0
500.0
494.0
468.0
476.0
500.0
500.0
500.0
487.0
500.0
500.0
500.0
500.0
500.0
500.0
500.0
500.0
500.0
500.0
500.0
500.0
500.0
500.0
500.0
500.0
500.0
500.0
500.0
500.0
492.0
500.0
500.0
500.0
500.0
500.0
500.0
500.0
500.0
500.0
500.0
500.0
500.0
500.0
500.0
500.0
500.0
500.0
500.0
500.0
500.0
500.0
484.0
500.0
500.0
500.0
500.0
500.0
500.0
500.0
500.0
500.0
500.0
500.0
500.0
500.0
500.0
500.0
500.0
500.0
500.0
497.0
500.0
500.0
490.0
500.0
500.0
500.0
500.0
500.0
500.0
500.0
500.0
500.0
500.0
500.0
500.0
487.0
474.0
500.0
500.0
500.0
500.0
484.0
500.0
500.0
500.0
500.0
500.0
500.0
480.0
500.0
500.0
500.0
500.0
500.0
426.0
500.0
500.0
500.0
500.0
500.0
500.0
500.0
500.0
500.0
500.0
500.0
500.0
500.0
500.0
500.0
500.0
500.0
500.0
500.0
500.0
500.0
500.0
500.0
492.0
492.0
500.0
500.0
475.0
500.0
468.0
500.0
50.0
500.0
500.0
500.0
500.0
500.0
500.0
500.0
500.0
500.0
500.0
500.0
500.0
500.0
500.0
500.0
500.0
500.0
500.0
500.0
500.0
500.0
500.0
500.0
500.0
500.0
500.0
500.0
500.0
500.0
500.0
500.0
496.0
500.0
500.0
500.0
500.0
500.0
500.0
61.0
500.0
500.0
500.0
500.0
500.0
500.0
500.0
485.0
459.0
500.0
500.0
430.0
453.0
440.0
500.0
500.0
500.0
500.0
500.0
500.0
500.0
500.0
500.0
500.0
500.0
500.0
500.0
500.0
500.0
500.0
500.0
500.0
500.0
476.0
58.0
486.0
500.0
500.0
500.0
61.0
62.0
500.0
500.0
500.0
500.0
500.0
500.0
385.0
500.0
500.0
500.0
500.0
500.0
500.0
500.0
500.0
500.0
500.0
500.0
500.0
500.0
500.0
500.0
500.0
57.0
500.0
500.0
500.0
499.0
500.0
500.0
500.0
500.0
500.0
500.0
439.0
500.0
498.0
500.0
500.0
500.0
499.0
500.0
500.0
500.0
500.0
500.0
500.0
500.0
500.0
500.0
500.0
500.0
500.0
497.0
500.0
500.0
500.0
500.0
500.0
500.0
500.0
500.0
500.0
500.0
500.0
500.0
500.0
500.0
500.0
500.0
500.0
500.0
500.0
500.0
500.0
500.0
500.0
375.0
500.0
500.0
500.0
500.0
500.0
500.0
500.0
500.0
500.0
61.0
500.0
467.0
500.0
500.0
500.0
500.0
500.0
500.0
500.0
500.0
500.0
500.0
493.0
500.0
500.0
500.0
500.0
492.0
60.0
500.0
500.0
500.0
442.0
500.0
500.0
500.0
500.0
500.0
500.0
500.0
500.0
500.0
500.0
500.0
500.0
500.0
500.0
500.0
485.0
408.0
497.0
500.0
500.0
500.0
500.0
500.0
500.0
494.0
500.0
500.0
469.0
500.0
421.0
500.0
500.0
500.0
500.0
500.0
500.0
500.0
500.0
106.0
500.0
482.0
500.0
500.0
500.0
500.0
500.0
500.0
500.0
500.0
500.0
500.0
480.0
500.0
500.0
491.0
423.0
500.0
500.0
500.0
500.0
500.0
420.0
500.0
500.0
491.0
500.0
500.0
500.0
500.0
500.0
500.0
500.0
386.0
500.0
500.0
500.0
500.0
500.0
500.0
500.0
500.0
500.0
500.0
500.0
500.0
500.0
495.0
394.0
373.0
500.0
500.0
500.0
500.0
500.0
500.0
500.0
500.0
500.0
500.0
73.0
500.0
500.0
421.0
500.0
500.0
500.0
443.0
500.0
500.0
500.0
500.0
500.0
500.0
500.0
487.0
500.0
500.0
500.0
500.0
500.0
500.0
500.0
455.0
500.0
500.0
51.0
500.0
500.0
500.0
500.0
464.0
500.0
497.0
500.0
500.0
500.0
476.0
500.0
500.0
500.0
500.0
500.0
499.0
500.0
400.0
500.0
469.0
500.0
500.0
456.0
500.0
500.0
500.0
500.0
500.0
498.0
500.0
466.0
500.0
500.0
125.0
500.0
500.0
500.0
500.0
500.0
500.0
500.0
500.0
500.0
500.0
500.0
500.0
500.0
500.0
500.0
500.0
500.0
500.0
73.0
500.0
500.0
55.0
500.0
500.0
500.0
500.0
500.0
500.0
500.0
500.0
500.0
500.0
500.0
500.0
500.0
500.0
500.0
500.0
500.0
500.0
500.0
500.0
500.0
500.0
500.0
443.0
500.0
500.0
500.0
500.0
500.0
500.0
500.0
500.0
500.0
500.0
500.0
500.0
500.0
500.0
500.0
500.0
465.0
500.0
500.0
500.0
500.0
438.0
500.0
500.0
500.0
69.0
500.0
500.0
500.0
500.0
500.0
500.0
500.0
500.0
500.0
500.0
500.0
492.0
500.0
500.0
500.0
500.0
500.0
500.0
500.0
456.0
500.0
500.0
500.0
500.0
500.0
500.0
500.0
500.0
500.0
500.0
500.0
411.0
500.0
500.0
500.0
500.0
500.0
500.0
392.0
500.0
500.0
494.0
500.0
417.0
500.0
471.0
500.0
451.0
500.0
500.0
500.0
500.0
500.0
500.0
500.0
500.0
500.0
500.0
500.0
500.0
500.0
500.0
500.0
500.0
500.0
500.0
488.0
500.0
500.0
500.0
500.0
496.0
500.0
473.0
500.0
500.0
500.0
500.0
500.0
500.0
500.0
481.0
500.0
500.0
500.0
401.0
500.0
500.0
500.0
500.0
500.0
492.0
500.0
500.0
450.0
476.0
500.0
500.0
500.0
500.0
500.0
440.0
500.0
500.0
439.0
500.0
500.0
500.0
500.0
500.0
446.0
500.0
500.0
500.0
500.0
500.0
500.0
500.0
500.0
391.0
500.0
500.0
500.0
500.0
500.0
500.0
500.0
500.0
500.0
500.0
495.0
500.0
500.0
500.0
500.0
500.0
500.0
500.0
500.0
500.0
500.0
500.0
500.0
500.0
500.0
500.0
500.0
500.0
500.0
500.0
500.0
500.0
500.0
500.0
355.0
500.0
500.0
500.0
500.0
500.0
472.0
500.0
442.0
500.0
500.0
500.0
466.0
500.0
500.0
500.0
500.0
500.0
500.0
500.0
500.0
500.0
384.0
500.0
500.0
500.0
500.0
500.0
500.0
500.0
500.0
500.0
500.0
500.0
500.0
500.0
500.0
500.0
500.0
500.0
500.0
500.0
500.0
486.0
500.0
500.0
500.0
500.0
500.0
500.0
500.0
500.0
500.0
500.0
500.0
500.0
500.0
500.0
500.0
500.0
500.0
500.0
500.0
500.0
500.0
500.0
500.0
500.0
500.0
500.0
479.0
490.0
500.0
500.0
500.0
500.0
500.0
500.0
500.0
396.0
500.0
500.0
500.0
500.0
500.0
500.0
500.0
500.0
500.0
500.0
500.0
443.0
500.0
500.0
500.0
500.0
500.0
500.0
500.0
500.0
500.0
500.0
500.0
500.0
442.0
500.0
500.0
500.0
500.0
500.0
500.0
500.0
500.0
500.0
500.0
425.0
500.0
500.0
500.0
500.0
500.0
500.0
500.0
500.0
500.0
500.0
399.0
500.0
500.0
500.0
500.0
500.0
500.0
500.0
500.0
500.0
500.0
500.0
500.0
500.0
500.0
500.0
500.0
500.0
500.0
500.0
500.0
500.0
500.0
500.0
500.0
500.0
500.0
500.0
500.0
500.0
500.0
500.0
500.0
500.0
500.0
500.0
500.0
500.0
488.0
500.0
500.0
500.0
500.0
500.0
383.0
500.0
441.0
500.0
500.0
500.0
500.0
500.0
500.0
500.0
500.0
500.0
500.0
500.0
500.0
500.0
500.0
500.0
500.0
500.0
500.0
500.0
500.0
500.0
500.0
500.0
500.0
500.0
500.0
500.0
500.0
500.0
500.0
500.0
500.0
500.0
500.0
500.0
500.0
500.0
500.0
500.0
500.0
500.0
500.0
500.0
500.0
500.0
500.0
500.0
500.0
493.0
500.0
500.0
500.0
500.0
500.0
500.0
500.0
500.0
500.0
500.0
500.0
500.0
500.0
500.0
500.0
500.0
500.0
500.0
500.0
500.0
500.0
462.0
422.0
500.0
500.0
500.0
500.0
500.0
500.0
500.0
65.0
500.0
500.0
500.0
500.0
500.0
500.0
500.0
500.0
500.0
500.0
500.0
500.0
500.0
500.0
412.0
500.0
500.0
500.0
500.0
490.0
500.0
500.0
500.0
500.0
500.0
500.0
500.0
500.0
500.0
500.0
500.0
500.0
500.0
500.0
500.0
500.0
500.0
500.0
500.0
500.0
500.0
500.0
500.0
485.0
500.0
500.0
500.0
500.0
500.0
500.0
500.0
500.0
500.0
500.0
500.0
500.0
500.0
500.0
500.0
500.0
500.0
500.0
500.0
500.0
500.0
500.0
500.0
500.0
500.0
500.0
500.0
500.0
500.0
500.0
500.0
500.0
500.0
500.0
500.0
500.0
500.0
426.0
500.0
500.0
500.0
500.0
500.0
500.0
500.0
500.0
500.0
500.0
500.0
500.0
500.0
500.0
500.0
500.0
500.0
500.0
500.0
500.0
500.0
462.0
500.0
500.0
500.0
500.0
500.0
500.0
500.0
500.0
500.0
500.0
500.0
500.0
460.0
500.0
500.0
500.0
500.0
500.0
500.0
500.0
500.0
500.0
500.0
500.0
500.0
500.0
500.0
500.0
500.0
500.0
500.0
500.0
500.0
500.0
500.0
500.0
500.0
500.0
500.0
500.0
500.0
500.0
500.0
500.0
500.0
500.0
500.0
500.0
500.0
500.0
500.0
500.0
500.0
500.0
500.0
500.0
500.0
500.0
500.0
500.0
500.0
500.0
500.0
500.0
496.0
500.0
500.0
500.0
500.0
500.0
500.0
462.0
500.0
500.0
500.0
500.0
500.0
500.0
500.0
500.0
500.0
500.0
61.0
500.0
500.0
500.0
495.0
500.0
500.0
500.0
500.0
500.0
500.0
500.0
500.0
500.0
441.0
500.0
500.0
500.0
500.0
500.0
80.0
70.0
57.0
74.0
500.0
500.0
500.0
500.0
500.0
500.0
59.0
500.0
500.0
500.0
500.0
500.0
500.0
500.0
500.0
500.0
500.0
500.0
500.0
61.0
500.0
500.0
66.0
500.0
500.0
62.0
71.0
500.0
54.0
500.0
500.0
55.0
500.0
500.0
64.0
500.0
96.0
500.0
66.0
500.0
500.0
73.0
500.0
500.0
485.0
500.0
500.0
500.0
71.0
118.0
500.0
500.0
500.0
63.0
500.0
500.0
500.0
500.0
500.0
500.0
500.0
500.0
500.0
500.0
56.0
58.0
500.0
500.0
500.0
500.0
500.0
62.0
500.0
500.0
500.0
500.0
500.0
500.0
500.0
500.0
94.0
500.0
500.0
500.0
500.0
500.0
500.0
500.0
116.0
500.0
68.0
500.0
500.0
500.0
500.0
500.0
500.0
500.0
500.0
500.0
70.0
500.0
479.0
500.0
500.0
500.0
62.0
500.0
71.0
68.0
500.0
500.0
500.0
500.0
71.0
66.0
70.0
466.0
500.0
500.0
500.0
67.0
500.0
500.0
500.0
500.0
500.0
394.0
500.0
500.0
500.0
500.0
500.0
500.0
500.0
500.0
500.0
500.0
69.0
77.0
493.0
500.0
500.0
500.0
500.0
71.0
500.0
215.0
500.0
500.0
500.0
500.0
500.0
500.0
228.0
500.0
67.0
500.0
62.0
235.0
500.0
500.0
500.0
500.0
500.0
500.0
500.0
78.0
500.0
500.0
73.0
500.0
500.0
500.0
75.0
500.0
500.0
156.0
500.0
500.0
500.0
500.0
500.0
500.0
500.0
500.0
74.0
138.0
500.0
500.0
81.0
500.0
500.0
500.0
500.0
500.0
500.0
500.0
500.0
500.0
500.0
486.0
500.0
88.0
500.0
500.0
500.0
500.0
500.0
500.0
500.0
500.0
500.0
202.0
500.0
500.0
500.0
500.0
500.0
154.0
500.0
500.0
500.0
500.0
500.0
58.0
500.0
500.0
500.0
500.0
500.0
500.0
500.0
500.0
500.0
500.0
500.0
134.0
150.0
500.0
500.0
500.0
500.0
500.0
500.0
331.0
500.0
500.0
500.0
500.0
500.0
500.0
500.0
175.0
500.0
500.0
500.0
65.0
500.0
500.0
500.0
73.0
500.0
500.0
500.0
320.0
500.0
342.0
500.0
500.0
409.0
500.0
500.0
500.0
500.0
500.0
500.0
500.0
500.0
500.0
481.0
77.0
500.0
237.0
500.0
500.0
500.0
500.0
500.0
500.0
141.0
500.0
500.0
500.0
500.0
500.0
75.0
500.0
500.0
500.0
500.0
233.0
500.0
500.0
500.0
500.0
500.0
500.0
500.0
500.0
500.0
500.0
466.0
500.0
500.0
247.0
500.0
415.0
500.0
500.0
500.0
500.0
140.0
378.0
166.0
144.0
500.0
67.0
500.0
500.0
500.0
312.0
500.0
500.0
500.0
500.0
500.0
500.0
500.0
500.0
500.0
72.0
500.0
500.0
500.0
500.0
158.0
140.0
500.0
224.0
500.0
500.0
500.0
500.0
500.0
250.0
500.0
500.0
500.0
500.0
500.0
500.0
500.0
500.0
500.0
173.0
500.0
500.0
500.0
252.0
500.0
500.0
500.0
72.0
500.0
500.0
500.0
500.0
500.0
500.0
500.0
500.0
500.0
500.0
124.0
500.0
500.0
500.0
500.0
500.0
500.0
500.0
500.0
500.0
500.0
500.0
500.0
500.0
500.0
500.0
500.0
142.0
500.0
500.0
500.0
500.0
500.0
500.0
500.0
500.0
500.0
500.0
500.0
500.0
500.0
500.0
500.0
252.0
500.0
500.0
500.0
500.0
319.0
500.0
500.0
500.0
500.0
66.0
500.0
500.0
183.0
500.0
500.0
500.0
500.0
500.0
500.0
500.0
500.0
500.0
450.0
500.0
500.0
500.0
239.0
500.0
500.0
500.0
500.0
500.0
153.0
68.0
500.0
500.0
74.0
500.0
500.0
500.0
500.0
500.0
500.0
500.0
500.0
500.0
500.0
500.0
239.0
500.0
500.0
500.0
500.0
500.0
500.0
500.0
186.0
71.0
500.0
500.0
500.0
500.0
78.0
500.0
486.0
500.0
500.0
500.0
500.0
500.0
138.0
500.0
500.0
500.0
500.0
500.0
500.0
500.0
500.0
500.0
500.0
500.0
500.0
500.0
500.0
500.0
500.0
500.0
500.0
500.0
500.0
500.0
500.0
454.0
500.0
500.0
500.0
435.0
262.0
500.0
500.0
500.0
500.0
500.0
500.0
500.0
139.0
500.0
500.0
500.0
153.0
230.0
233.0
500.0
500.0
500.0
140.0
500.0
237.0
500.0
500.0
482.0
500.0
500.0
500.0
500.0
266.0
500.0
500.0
500.0
500.0
258.0
500.0
500.0
500.0
126.0
144.0
500.0
152.0
500.0
500.0
500.0
500.0
500.0
500.0
500.0
500.0
381.0
500.0
236.0
500.0
500.0
500.0
500.0
500.0
500.0
500.0
151.0
237.0
500.0
500.0
500.0
500.0
500.0
500.0
500.0
500.0
500.0
500.0
500.0
500.0
500.0
397.0
253.0
500.0
500.0
500.0
500.0
145.0
500.0
500.0
500.0
500.0
500.0
500.0
500.0
500.0
500.0
500.0
144.0
500.0
500.0
500.0
241.0
496.0
500.0
500.0
490.0
500.0
500.0
500.0
500.0
500.0
500.0
500.0
500.0
500.0
500.0
500.0
140.0
178.0
500.0
500.0
500.0
500.0
141.0
500.0
500.0
500.0
500.0
500.0
500.0
500.0
500.0
500.0
500.0
500.0
500.0
500.0
500.0
500.0
500.0
257.0
476.0
500.0
500.0
433.0
500.0
500.0
146.0
145.0
500.0
140.0
465.0
468.0
500.0
444.0
500.0
500.0
500.0
500.0
140.0
145.0
256.0
500.0
500.0
139.0
500.0
500.0
500.0
147.0
500.0
147.0
500.0
500.0
500.0
500.0
500.0
500.0
500.0
500.0
500.0
500.0
500.0
500.0
500.0
500.0
500.0
497.0
146.0
500.0
500.0
500.0
500.0
210.0
500.0
294.0
296.0
143.0
500.0
500.0
168.0
500.0
500.0
500.0
274.0
493.0
500.0
500.0
500.0
500.0
500.0
500.0
155.0
256.0
500.0
500.0
500.0
500.0
500.0
500.0
500.0
500.0
163.0
500.0
500.0
500.0
500.0
500.0
378.0
500.0
500.0
500.0
260.0
500.0
165.0
500.0
500.0
500.0
500.0
500.0
153.0
287.0
500.0
251.0
500.0
500.0
500.0
500.0
500.0
500.0
500.0
500.0
500.0
500.0
500.0
163.0
500.0
500.0
408.0
500.0
500.0
500.0
500.0
500.0
500.0
500.0
500.0
500.0
500.0
500.0
266.0
500.0
500.0
500.0
500.0
500.0
500.0
155.0
453.0
500.0
500.0
500.0
500.0
500.0
236.0
140.0
500.0
500.0
500.0
148.0
500.0
500.0
241.0
500.0
151.0
500.0
500.0
500.0
500.0
500.0
500.0
500.0
160.0
500.0
160.0
500.0
500.0
223.0
500.0
500.0
500.0
500.0
500.0
500.0
500.0
500.0
500.0
500.0
500.0
500.0
500.0
500.0
500.0
500.0
500.0
500.0
500.0
500.0
500.0
500.0
500.0
231.0
500.0
500.0
500.0
156.0
500.0
500.0
500.0
500.0
500.0
500.0
500.0
500.0
500.0
500.0
179.0
500.0
500.0
500.0
500.0
500.0
500.0
230.0
500.0
500.0
500.0
500.0
282.0
500.0
500.0
500.0
500.0
500.0
500.0
500.0
500.0
268.0
500.0
500.0
500.0
141.0
500.0
500.0
500.0
500.0
500.0
500.0
500.0
500.0
500.0
500.0
500.0
294.0
500.0
500.0
500.0
500.0
500.0
500.0
500.0
500.0
500.0
500.0
295.0
184.0
500.0
500.0
500.0
500.0
496.0
500.0
500.0
500.0
500.0
500.0
192.0
500.0
500.0
500.0
500.0
183.0
500.0
171.0
500.0
500.0
500.0
169.0
500.0
500.0
500.0
500.0
500.0
500.0
178.0
500.0
500.0
500.0
500.0
481.0
500.0
127.0
144.0
500.0
500.0
123.0
88.0
500.0
500.0
500.0
500.0
500.0
77.0
500.0
500.0
140.0
500.0
500.0
500.0
500.0
77.0
500.0
500.0
139.0
500.0
500.0
500.0
500.0
500.0
500.0
500.0
500.0
500.0
500.0
131.0
500.0
84.0
500.0
500.0
500.0
500.0
500.0
500.0
500.0
79.0
500.0
500.0
500.0
500.0
75.0
500.0
500.0
500.0
500.0
500.0
500.0
79.0
500.0
500.0
500.0
500.0
500.0
500.0
500.0
114.0
500.0
500.0
500.0
500.0
500.0
500.0
500.0
500.0
500.0
500.0
500.0
500.0
118.0
500.0
177.0
500.0
500.0
500.0
500.0
500.0
77.0
500.0
500.0
500.0
141.0
407.0
500.0
500.0
500.0
140.0
102.0
500.0
500.0
139.0
500.0
500.0
94.0
500.0
500.0
500.0
500.0
500.0
500.0
500.0
500.0
91.0
500.0
500.0
500.0
500.0
500.0
500.0
500.0
500.0
500.0
500.0
500.0
500.0
500.0
500.0
500.0
87.0
500.0
500.0
500.0
500.0
500.0
500.0
500.0
500.0
500.0
500.0
500.0
500.0
500.0
500.0
130.0
79.0
130.0
500.0
500.0
500.0
500.0
500.0
500.0
500.0
500.0
500.0
500.0
128.0
500.0
500.0
500.0
130.0
143.0
129.0
500.0
500.0
123.0
500.0
500.0
500.0
500.0
500.0
126.0
500.0
500.0
500.0
125.0
127.0
118.0
157.0
500.0
500.0
134.0
500.0
500.0
128.0
500.0
500.0
500.0
128.0
121.0
500.0
142.0
140.0
117.0
125.0
500.0
500.0
500.0
500.0
147.0
142.0
93.0
129.0
145.0
500.0
500.0
500.0
500.0
500.0
132.0
90.0
500.0
500.0
500.0
137.0
500.0
500.0
153.0
500.0
160.0
500.0
500.0
121.0
151.0
500.0
151.0
168.0
500.0
162.0
500.0
500.0
500.0
123.0
132.0
500.0
157.0
153.0
500.0
500.0
92.0
142.0
114.0
500.0
500.0
500.0
500.0
114.0
500.0
500.0
87.0
107.0
500.0
500.0
500.0
500.0
82.0
500.0
105.0
500.0
500.0
500.0
500.0
500.0
101.0
113.0
500.0
500.0
500.0
500.0
500.0
500.0
500.0
500.0
126.0
500.0
100.0
500.0
500.0
500.0
500.0
500.0
500.0
500.0
500.0
107.0
436.0
500.0
500.0
500.0
500.0
92.0
500.0
500.0
500.0
500.0
103.0
500.0
93.0
500.0
500.0
500.0
464.0
500.0
500.0
104.0
500.0
500.0
500.0
122.0
100.0
500.0
157.0
500.0
500.0
115.0
500.0
500.0
500.0
500.0
116.0
106.0
500.0
500.0
87.0
500.0
120.0
500.0
500.0
500.0
500.0
500.0
136.0
500.0
500.0
500.0
500.0
500.0
500.0
97.0
500.0
500.0
500.0
500.0
500.0
500.0
500.0
500.0
500.0
500.0
500.0
98.0
500.0
80.0
500.0
500.0
500.0
76.0
104.0
500.0
500.0
103.0
500.0
93.0
119.0
88.0
500.0
500.0
438.0
500.0
496.0
500.0
110.0
149.0
500.0
500.0
99.0
93.0
500.0
169.0
91.0
500.0
84.0
94.0
500.0
500.0
500.0
500.0
500.0
500.0
500.0
101.0
500.0
500.0
500.0
109.0
500.0
491.0
500.0
500.0
500.0
500.0
446.0
167.0
202.0
86.0
107.0
473.0
500.0
84.0
500.0
500.0
166.0
500.0
500.0
500.0
451.0
500.0
490.0
500.0
89.0
500.0
87.0
500.0
500.0
106.0
500.0
500.0
80.0
500.0
100.0
500.0
483.0
99.0
500.0
112.0
500.0
500.0
127.0
121.0
500.0
500.0
487.0
500.0
500.0
500.0
500.0
500.0
100.0
500.0
500.0
462.0
500.0
127.0
500.0
111.0
500.0
500.0
500.0
130.0
112.0
99.0
138.0
407.0
500.0
500.0
500.0
500.0
500.0
500.0
130.0
378.0
500.0
500.0
500.0
500.0
495.0
500.0
500.0
110.0
500.0
110.0
500.0
490.0
111.0
500.0
110.0
500.0
113.0
500.0
500.0
500.0
467.0
468.0
498.0
500.0
500.0
500.0
500.0
500.0
500.0
500.0
500.0
411.0
500.0
500.0
500.0
500.0
500.0
490.0
500.0
500.0
500.0
500.0
500.0
105.0
135.0
104.0
500.0
500.0
116.0
92.0
500.0
500.0
101.0
500.0
131.0
97.0
108.0
104.0
500.0
500.0
94.0
500.0
500.0
500.0
500.0
122.0
500.0
500.0
500.0
500.0
500.0
101.0
500.0
123.0
500.0
500.0
105.0
133.0
340.0
500.0
500.0
389.0
500.0
500.0
500.0
500.0
500.0
500.0
500.0
500.0
500.0
112.0
500.0
500.0
500.0
500.0
500.0
152.0
500.0
500.0
500.0
500.0
500.0
500.0
500.0
500.0
500.0
500.0
500.0
500.0
144.0
500.0
500.0
500.0
500.0
500.0
119.0
500.0
500.0
500.0
500.0
500.0
500.0
98.0
500.0
500.0
500.0
118.0
134.0
135.0
500.0
500.0
500.0
500.0
500.0
500.0
98.0
109.0
500.0
500.0
500.0
161.0
500.0
500.0
500.0
131.0
500.0
500.0
500.0
102.0
500.0
116.0
500.0
500.0
500.0
48.0
99.0
103.0
384.0
500.0
500.0
73.0
92.0
500.0
129.0
104.0
112.0
106.0
151.0
500.0
500.0
100.0
122.0
84.0
500.0
500.0
144.0
99.0
138.0
113.0
133.0
500.0
500.0
116.0
136.0
113.0
105.0
131.0
500.0
500.0
136.0
124.0
147.0
500.0
116.0
500.0
148.0
148.0
119.0
118.0
182.0
85.0
114.0
161.0
100.0
247.0
119.0
133.0
125.0
121.0
161.0
103.0
500.0
500.0
122.0
111.0
102.0
94.0
141.0
109.0
105.0
101.0
144.0
500.0
500.0
500.0
500.0
106.0
500.0
149.0
106.0
500.0
500.0
148.0
125.0
139.0
126.0
115.0
127.0
106.0
500.0
169.0
174.0
127.0
124.0
500.0
500.0
500.0
500.0
500.0
131.0
145.0
141.0
130.0
500.0
124.0
128.0
145.0
372.0
98.0
107.0
121.0
94.0
128.0
129.0
118.0
129.0
500.0
105.0
105.0
500.0
123.0
116.0
138.0
133.0
149.0
122.0
500.0
120.0
112.0
134.0
104.0
125.0
107.0
118.0
122.0
133.0
500.0
500.0
137.0
125.0
500.0
134.0
500.0
112.0
142.0
137.0
101.0
174.0
500.0
136.0
500.0
223.0
500.0
163.0
123.0
500.0
143.0
141.0
500.0
130.0
500.0
500.0
121.0
130.0
138.0
165.0
139.0
500.0
500.0
124.0
153.0
114.0
131.0
155.0
165.0
159.0
118.0
146.0
119.0
119.0
136.0
500.0
115.0
152.0
121.0
103.0
116.0
127.0
145.0
129.0
500.0
159.0
106.0
114.0
140.0
500.0
500.0
500.0
103.0
147.0
151.0
500.0
111.0
111.0
500.0
107.0
147.0
153.0
104.0
122.0
161.0
106.0
500.0
184.0
500.0
128.0
155.0
500.0
97.0
500.0
101.0
175.0
121.0
500.0
107.0
500.0
118.0
115.0
143.0
500.0
113.0
120.0
112.0
100.0
148.0
500.0
120.0
141.0
149.0
500.0
139.0
116.0
500.0
139.0
500.0
132.0
120.0
113.0
152.0
116.0
120.0
500.0
115.0
165.0
124.0
122.0
500.0
113.0
177.0
126.0
500.0
121.0
500.0
144.0
117.0
110.0
103.0
105.0
120.0
106.0
143.0
99.0
103.0
193.0
187.0
500.0
500.0
500.0
153.0
143.0
500.0
138.0
133.0
187.0
162.0
170.0
500.0
110.0
151.0
130.0
140.0
106.0
164.0
500.0
144.0
113.0
140.0
500.0
500.0
143.0
106.0
126.0
500.0
500.0
158.0
90.0
141.0
95.0
118.0
90.0
500.0
97.0
500.0
139.0
500.0
135.0
103.0
500.0
500.0
160.0
170.0
151.0
115.0
92.0
500.0
245.0
128.0
158.0
135.0
113.0
101.0
112.0
500.0
96.0
111.0
137.0
153.0
124.0
148.0
500.0
94.0
154.0
500.0
111.0
97.0
111.0
117.0
104.0
109.0
500.0
118.0
99.0
500.0
95.0
160.0
178.0
500.0
101.0
120.0
90.0
123.0
108.0
500.0
92.0
150.0
121.0
109.0
109.0
144.0
133.0
101.0
290.0
167.0
103.0
104.0
125.0
106.0
500.0
140.0
500.0
122.0
144.0
132.0
500.0
104.0
118.0
142.0
500.0
142.0
130.0
500.0
500.0
118.0
500.0
99.0
117.0
105.0
500.0
500.0
171.0
165.0
119.0
116.0
144.0
118.0
500.0
145.0
91.0
500.0
132.0
131.0
125.0
500.0
126.0
114.0
119.0
500.0
129.0
132.0
500.0
122.0
140.0
122.0
106.0
114.0
500.0
143.0
124.0
107.0
113.0
123.0
114.0
150.0
116.0
132.0
500.0
112.0
109.0
152.0
113.0
130.0
136.0
111.0
500.0
500.0
126.0
116.0
141.0
500.0
125.0
500.0
119.0
119.0
500.0
162.0
123.0
170.0
145.0
299.0
113.0
122.0
500.0
129.0
500.0
127.0
97.0
121.0
500.0
147.0
500.0
115.0
119.0
111.0
500.0
144.0
149.0
500.0
122.0
151.0
500.0
105.0
500.0
124.0
164.0
500.0
133.0
500.0
132.0
107.0
500.0
500.0
125.0
119.0
134.0
500.0
144.0
175.0
162.0
126.0
135.0
128.0
500.0
500.0
111.0
500.0
125.0
117.0
500.0
114.0
139.0
149.0
115.0
500.0
121.0
151.0
127.0
119.0
164.0
117.0
134.0
112.0
500.0
500.0
141.0
126.0
134.0
144.0
500.0
160.0
500.0
146.0
126.0
137.0
120.0
122.0
139.0
500.0
101.0
500.0
112.0
139.0
500.0
139.0
125.0
146.0
150.0
500.0
111.0
167.0
99.0
500.0
103.0
148.0
500.0
111.0
500.0
93.0
91.0
114.0
500.0
500.0
111.0
86.0
500.0
500.0
100.0
500.0
119.0
89.0
500.0
112.0
119.0
500.0
118.0
83.0
79.0
500.0
500.0
500.0
90.0
105.0
127.0
500.0
103.0
500.0
500.0
105.0
178.0
103.0
108.0
172.0
500.0
500.0
107.0
500.0
500.0
111.0
105.0
78.0
94.0
149.0
91.0
500.0
500.0
89.0
112.0
500.0
140.0
147.0
71.0
167.0
112.0
122.0
116.0
157.0
147.0
500.0
151.0
132.0
500.0
82.0
500.0
500.0
80.0
500.0
96.0
500.0
125.0
133.0
71.0
113.0
162.0
140.0
166.0
132.0
109.0
127.0
106.0
500.0
138.0
121.0
123.0
500.0
116.0
117.0
95.0
103.0
151.0
112.0
140.0
108.0
83.0
192.0
500.0
144.0
115.0
112.0
500.0
67.0
155.0
147.0
125.0
135.0
79.0
144.0
500.0
62.0
112.0
71.0
182.0
75.0
71.0
500.0
500.0
500.0
101.0
91.0
110.0
116.0
140.0
500.0
500.0
176.0
500.0
162.0
156.0
67.0
500.0
161.0
86.0
89.0
170.0
85.0
82.0
68.0
136.0
124.0
500.0
500.0
131.0
106.0
500.0
500.0
74.0
136.0
92.0
63.0
82.0
129.0
500.0
500.0
108.0
114.0
89.0
500.0
81.0
141.0
70.0
82.0
500.0
57.0
500.0
62.0
69.0
500.0
75.0
108.0
294.0
70.0
66.0
500.0
107.0
127.0
75.0
79.0
85.0
137.0
78.0
72.0
57.0
60.0
61.0
62.0
62.0
56.0
500.0
72.0
500.0
500.0
68.0
151.0
500.0
500.0
72.0
500.0
500.0
102.0
500.0
61.0
76.0
79.0
58.0
81.0
130.0
500.0
500.0
65.0
500.0
77.0
500.0
70.0
73.0
70.0
72.0
75.0
90.0
86.0
70.0
64.0
85.0
64.0
190.0
66.0
76.0
84.0
79.0
104.0
88.0
59.0
83.0
500.0
88.0
500.0
90.0
219.0
96.0
72.0
66.0
500.0
72.0
84.0
79.0
61.0
75.0
62.0
77.0
500.0
83.0
500.0
500.0
118.0
88.0
354.0
500.0
118.0
69.0
69.0
61.0
53.0
50.0
500.0
500.0
63.0
60.0
79.0
500.0
57.0
500.0
63.0
57.0
500.0
86.0
71.0
57.0
54.0
500.0
85.0
76.0
58.0
228.0
68.0
500.0
70.0
96.0
76.0
75.0
500.0
68.0
93.0
500.0
82.0
54.0
100.0
67.0
347.0
77.0
65.0
72.0
57.0
60.0
168.0
500.0
500.0
59.0
196.0
76.0
74.0
50.0
500.0
500.0
47.0
405.0
105.0
441.0
500.0
500.0
313.0
121.0
373.0
46.0
39.0
42.0
500.0
38.0
500.0
443.0
500.0
500.0
59.0
500.0
57.0
47.0
57.0
500.0
186.0
61.0
500.0
478.0
500.0
187.0
49.0
500.0
416.0
500.0
45.0
500.0
183.0
222.0
184.0
217.0
166.0
267.0
271.0
47.0
252.0
309.0
143.0
303.0
32.0
151.0
33.0
250.0
250.0
364.0
269.0
264.0
255.0
246.0
296.0
125.0
158.0
209.0
287.0
401.0
226.0
129.0
292.0
162.0
170.0
206.0
144.0
60.0
191.0
196.0
66.0
189.0
45.0
167.0
48.0
500.0
74.0
152.0
500.0
339.0
468.0
500.0
500.0
459.0
275.0
71.0
475.0
500.0
419.0
500.0
500.0
500.0
500.0
500.0
356.0
312.0
500.0
500.0
500.0
156.0
490.0
500.0
433.0
131.0
257.0
411.0
500.0
121.0
89.0
224.0
159.0
141.0
144.0
69.0
500.0
435.0
500.0
50.0
500.0
500.0
387.0
482.0
271.0
500.0
205.0
220.0
500.0
500.0
500.0
500.0
500.0
500.0
500.0
500.0
477.0
500.0
500.0
242.0
500.0
410.0
109.0
290.0
288.0
500.0
109.0
468.0
500.0
84.0
500.0
310.0
389.0
159.0
404.0
219.0
246.0
195.0
266.0
313.0
288.0
55.0
11.0
267.0
47.0
67.0
32.0
227.0
186.0
50.0
176.0
208.0
33.0
40.0
100.0
39.0
358.0
37.0
38.0
163.0
31.0
36.0
91.0
111.0
139.0
104.0
186.0
385.0
118.0
37.0
19.0
173.0
110.0
12.0
152.0
26.0
280.0
139.0
124.0
92.0
110.0
194.0
312.0
191.0
354.0
496.0
226.0
279.0
289.0
378.0
309.0
357.0
500.0
128.0
492.0
308.0
500.0
500.0
364.0
500.0
500.0
425.0
196.0
403.0
428.0
71.0
286.0
500.0
401.0
500.0
19.0
500.0
500.0
55.0
32.0
233.0
379.0
168.0
274.0
210.0
114.0
53.0
287.0
304.0
43.0
55.0
42.0
78.0
29.0
31.0
35.0
38.0
250.0
25.0
98.0
152.0
81.0
500.0
421.0
25.0
14.0
352.0
218.0
500.0
34.0
500.0
500.0
500.0
382.0
500.0
354.0
371.0
37.0
500.0
411.0
500.0
43.0
39.0
500.0
500.0
37.0
39.0
500.0
500.0
355.0
500.0
49.0
500.0
500.0
500.0
500.0
486.0
500.0
500.0
197.0
40.0
408.0
128.0
19.0
500.0
22.0
36.0
74.0
58.0
105.0
26.0
16.0
88.0
60.0
41.0
500.0
500.0
105.0
101.0
92.0
19.0
124.0
464.0
454.0
500.0
500.0
500.0
468.0
121.0
48.0
11.0
33.0
454.0
71.0
28.0
33.0
41.0
41.0
380.0
373.0
500.0
18.0
18.0
21.0
24.0
43.0
32.0
500.0
132.0
14.0
500.0
500.0
500.0
447.0
152.0
500.0
500.0
480.0
52.0
203.0
211.0
189.0
500.0
29.0
68.0
186.0
346.0
500.0
103.0
111.0
46.0
11.0
19.0
500.0
500.0
32.0
461.0
29.0
23.0
209.0
69.0
153.0
500.0
202.0
500.0
162.0
246.0
500.0
201.0
151.0
154.0
500.0
162.0
216.0
151.0
500.0
145.0
118.0
100.0
27.0
169.0
500.0
78.0
146.0
372.0
96.0
374.0
136.0
26.0
12.0
119.0
11.0
107.0
500.0
90.0
10.0
120.0
115.0
115.0
146.0
500.0
246.0
500.0
399.0
500.0
57.0
500.0
346.0
344.0
29.0
38.0
500.0
500.0
55.0
489.0
277.0
232.0
133.0
285.0
155.0
500.0
191.0
94.0
500.0
500.0
500.0
500.0
108.0
500.0
151.0
257.0
32.0
500.0
101.0
79.0
12.0
101.0
106.0
129.0
110.0
126.0
500.0
216.0
500.0
121.0
141.0
391.0
304.0
153.0
129.0
226.0
266.0
500.0
139.0
52.0
500.0
488.0
500.0
174.0
500.0
144.0
116.0
123.0
303.0
161.0
300.0
73.0
240.0
500.0
442.0
500.0
252.0
114.0
99.0
500.0
95.0
81.0
172.0
192.0
500.0
125.0
101.0
405.0
492.0
255.0
500.0
107.0
348.0
435.0
84.0
500.0
57.0
180.0
442.0
500.0
500.0
500.0
106.0
229.0
94.0
70.0
218.0
106.0
55.0
486.0
447.0
500.0
67.0
86.0
418.0
500.0
114.0
500.0
366.0
500.0
500.0
500.0
499.0
500.0
360.0
500.0
263.0
365.0
500.0
455.0
500.0
127.0
493.0
399.0
446.0
216.0
287.0
500.0
280.0
404.0
500.0
223.0
297.0
254.0
438.0
440.0
313.0
500.0
500.0
140.0
349.0
500.0
258.0
500.0
477.0
473.0
167.0
500.0
500.0
487.0
500.0
500.0
500.0
116.0
500.0
500.0
500.0
500.0
500.0
500.0
277.0
118.0
136.0
500.0
431.0
187.0
329.0
142.0
500.0
210.0
370.0
407.0
500.0
176.0
151.0
303.0
420.0
277.0
391.0
500.0
263.0
124.0
220.0
305.0
254.0
285.0
313.0
500.0
500.0
350.0
200.0
190.0
500.0
235.0
500.0
500.0
478.0
154.0
185.0
186.0
485.0
420.0
500.0
144.0
500.0
500.0
30.0
500.0
141.0
500.0
474.0
462.0
251.0
500.0
145.0
411.0
500.0
168.0
246.0
191.0
137.0
261.0
268.0
499.0
500.0
213.0
236.0
500.0
216.0
218.0
500.0
500.0
398.0
500.0
159.0
500.0
260.0
500.0
359.0
500.0
481.0
266.0
447.0
298.0
307.0
134.0
500.0
316.0
500.0
124.0
500.0
264.0
166.0
287.0
226.0
147.0
154.0
500.0
114.0
274.0
221.0
497.0
500.0
258.0
500.0
253.0
464.0
500.0
439.0
477.0
210.0
152.0
332.0
198.0
500.0
500.0
296.0
233.0
500.0
500.0
500.0
210.0
315.0
500.0
175.0
500.0
291.0
481.0
255.0
500.0
277.0
171.0
466.0
500.0
500.0
242.0
500.0
500.0
283.0
274.0
455.0
468.0
266.0
140.0
303.0
386.0
345.0
257.0
500.0
500.0
500.0
129.0
263.0
248.0
500.0
500.0
429.0
500.0
216.0
430.0
421.0
179.0
500.0
500.0
293.0
172.0
500.0
500.0
315.0
128.0
500.0
166.0
218.0
500.0
281.0
500.0
212.0
500.0
241.0
207.0
500.0
241.0
318.0
280.0
265.0
500.0
152.0
245.0
219.0
165.0
188.0
500.0
425.0
181.0
500.0
491.0
181.0
422.0
457.0
175.0
491.0
464.0
461.0
500.0
494.0
467.0
500.0
270.0
345.0
224.0
447.0
500.0
162.0
169.0
500.0
500.0
500.0
264.0
266.0
284.0
462.0
304.0
443.0
274.0
480.0
305.0
500.0
182.0
500.0
500.0
357.0
500.0
500.0
500.0
242.0
286.0
500.0
154.0
232.0
212.0
500.0
500.0
403.0
500.0
487.0
236.0
494.0
269.0
201.0
500.0
500.0
500.0
500.0
141.0
500.0
450.0
495.0
243.0
222.0
116.0
169.0
477.0
250.0
500.0
269.0
500.0
334.0
500.0
500.0
247.0
341.0
427.0
173.0
500.0
150.0
500.0
250.0
500.0
215.0
433.0
285.0
119.0
350.0
500.0
171.0
229.0
500.0
500.0
175.0
328.0
500.0
220.0
500.0
295.0
500.0
269.0
215.0
500.0
500.0
288.0
500.0
500.0
500.0
418.0
500.0
500.0
500.0
500.0
500.0
500.0
479.0
272.0
126.0
181.0
189.0
500.0
232.0
335.0
261.0
155.0
228.0
500.0
198.0
500.0
244.0
497.0
206.0
500.0
500.0
460.0
500.0
500.0
147.0
178.0
500.0
442.0
479.0
500.0
500.0
500.0
228.0
500.0
500.0
212.0
427.0
245.0
500.0
500.0
318.0
323.0
500.0
381.0
462.0
330.0
500.0
364.0
500.0
112.0
277.0
500.0
114.0
162.0
170.0
230.0
193.0
228.0
224.0
242.0
169.0
313.0
369.0
467.0
500.0
172.0
268.0
119.0
266.0
500.0
500.0
258.0
181.0
500.0
500.0
219.0
149.0
500.0
500.0
218.0
354.0
473.0
125.0
500.0
494.0
262.0
129.0
183.0
500.0
500.0
458.0
197.0
190.0
157.0
299.0
231.0
500.0
478.0
333.0
307.0
248.0
174.0
500.0
172.0
119.0
143.0
500.0
279.0
249.0
168.0
382.0
229.0
320.0
297.0
480.0
203.0
500.0
210.0
444.0
148.0
325.0
390.0
500.0
500.0
484.0
210.0
251.0
500.0
153.0
249.0
307.0
211.0
238.0
141.0
189.0
479.0
246.0
500.0
171.0
262.0
233.0
261.0
139.0
500.0
145.0
500.0
490.0
222.0
249.0
237.0
423.0
261.0
265.0
106.0
191.0
500.0
500.0
500.0
500.0
479.0
159.0
248.0
314.0
385.0
276.0
500.0
296.0
34.0
418.0
500.0
500.0
466.0
138.0
286.0
447.0
483.0
166.0
500.0
500.0
500.0
112.0
35.0
227.0
495.0
500.0
156.0
23.0
427.0
148.0
421.0
428.0
203.0
423.0
178.0
185.0
500.0
211.0
488.0
235.0
500.0
325.0
329.0
500.0
120.0
224.0
237.0
358.0
246.0
491.0
177.0
263.0
500.0
500.0
500.0
143.0
500.0
226.0
276.0
306.0
112.0
152.0
188.0
173.0
130.0
500.0
117.0
500.0
226.0
309.0
500.0
270.0
248.0
210.0
188.0
500.0
445.0
234.0
194.0
500.0
216.0
240.0
500.0
500.0
210.0
500.0
99.0
148.0
500.0
230.0
500.0
96.0
195.0
414.0
500.0
142.0
228.0
218.0
302.0
88.0
102.0
179.0
500.0
103.0
500.0
500.0
225.0
211.0
94.0
500.0
88.0
206.0
500.0
500.0
101.0
134.0
478.0
221.0
500.0
500.0
148.0
500.0
446.0
384.0
500.0
189.0
314.0
483.0
254.0
500.0
434.0
481.0
395.0
202.0
500.0
88.0
461.0
443.0
456.0
500.0
500.0
405.0
500.0
83.0
411.0
400.0
500.0
145.0
148.0
500.0
94.0
500.0
359.0
466.0
216.0
490.0
260.0
110.0
93.0
206.0
167.0
500.0
435.0
500.0
449.0
500.0
469.0
63.0
404.0
500.0
238.0
500.0
174.0
423.0
458.0
500.0
164.0
500.0
107.0
500.0
273.0
391.0
428.0
419.0
164.0
383.0
102.0
500.0
165.0
299.0
398.0
159.0
405.0
463.0
181.0
500.0
96.0
498.0
228.0
491.0
145.0
476.0
500.0
451.0
134.0
309.0
167.0
500.0
500.0
237.0
329.0
462.0
264.0
119.0
474.0
83.0
92.0
469.0
117.0
500.0
500.0
500.0
209.0
500.0
434.0
488.0
500.0
194.0
500.0
500.0
473.0
250.0
467.0
275.0
500.0
155.0
263.0
173.0
174.0
500.0
500.0
459.0
186.0
90.0
230.0
500.0
473.0
500.0
387.0
311.0
500.0
500.0
296.0
173.0
500.0
228.0
126.0
472.0
319.0
500.0
440.0
446.0
248.0
500.0
402.0
500.0
428.0
500.0
113.0
460.0
492.0
412.0
500.0
496.0
338.0
500.0
25.0
446.0
307.0
184.0
474.0
388.0
500.0
500.0
123.0
500.0
220.0
500.0
343.0
500.0
213.0
242.0
500.0
476.0
425.0
424.0
412.0
274.0
196.0
121.0
470.0
363.0
423.0
274.0
473.0
186.0
201.0
87.0
270.0
195.0
382.0
257.0
110.0
230.0
113.0
500.0
416.0
336.0
500.0
152.0
488.0
206.0
381.0
327.0
210.0
500.0
128.0
500.0
432.0
500.0
459.0
266.0
113.0
481.0
160.0
464.0
451.0
458.0
390.0
267.0
210.0
500.0
405.0
128.0
486.0
472.0
259.0
189.0
252.0
490.0
500.0
236.0
500.0
298.0
500.0
500.0
500.0
500.0
500.0
334.0
278.0
215.0
120.0
113.0
215.0
217.0
309.0
500.0
113.0
115.0
101.0
194.0
381.0
500.0
453.0
314.0
151.0
500.0
500.0
231.0
111.0
500.0
498.0
287.0
417.0
500.0
274.0
444.0
448.0
500.0
500.0
254.0
258.0
500.0
187.0
209.0
337.0
412.0
497.0
203.0
117.0
500.0
102.0
500.0
107.0
434.0
500.0
500.0
411.0
496.0
223.0
265.0
246.0
397.0
414.0
183.0
120.0
197.0
416.0
264.0
216.0
295.0
202.0
295.0
419.0
220.0
500.0
129.0
146.0
284.0
264.0
500.0
179.0
141.0
103.0
157.0
232.0
325.0
31.0
500.0
500.0
194.0
424.0
500.0
156.0
500.0
500.0
190.0
63.0
256.0
500.0
156.0
500.0
236.0
128.0
437.0
138.0
129.0
500.0
500.0
270.0
500.0
500.0
198.0
150.0
175.0
272.0
203.0
212.0
500.0
209.0
500.0
301.0
500.0
168.0
239.0
500.0
500.0
179.0
500.0
367.0
500.0
500.0
243.0
373.0
283.0
500.0
500.0
500.0
138.0
207.0
248.0
208.0
500.0
173.0
435.0
500.0
500.0
137.0
157.0
245.0
500.0
500.0
500.0
439.0
500.0
500.0
175.0
500.0
239.0
500.0
268.0
500.0
170.0
500.0
481.0
500.0
220.0
500.0
212.0
500.0
500.0
339.0
260.0
500.0
195.0
500.0
500.0
152.0
469.0
487.0
409.0
500.0
500.0
205.0
500.0
197.0
136.0
500.0
500.0
500.0
174.0
396.0
435.0
159.0
361.0
322.0
213.0
500.0
144.0
219.0
500.0
464.0
119.0
199.0
152.0
161.0
500.0
274.0
127.0
193.0
236.0
176.0
185.0
500.0
411.0
489.0
148.0
193.0
479.0
450.0
448.0
449.0
198.0
500.0
500.0
142.0
141.0
102.0
421.0
500.0
497.0
407.0
500.0
211.0
500.0
151.0
431.0
160.0
109.0
463.0
263.0
500.0
500.0
500.0
500.0
223.0
236.0
500.0
163.0
221.0
231.0
147.0
219.0
284.0
500.0
500.0
314.0
430.0
190.0
500.0
481.0
500.0
483.0
500.0
500.0
497.0
220.0
121.0
345.0
171.0
142.0
500.0
218.0
500.0
500.0
227.0
238.0
500.0
500.0
127.0
168.0
500.0
477.0
224.0
500.0
213.0
200.0
159.0
366.0
294.0
187.0
108.0
189.0
500.0
222.0
198.0
120.0
136.0
500.0
500.0
500.0
167.0
148.0
207.0
167.0
225.0
213.0
144.0
288.0
500.0
277.0
322.0
500.0
500.0
500.0
500.0
196.0
206.0
500.0
258.0
330.0
500.0
221.0
500.0
500.0
500.0
500.0
500.0
98.0
500.0
237.0
422.0
500.0
500.0
362.0
500.0
500.0
500.0
290.0
500.0
194.0
500.0
500.0
500.0
500.0
500.0
500.0
500.0
99.0
448.0
140.0
458.0
303.0
125.0
197.0
200.0
178.0
135.0
500.0
173.0
323.0
500.0
500.0
500.0
253.0
500.0
206.0
500.0
500.0
25.0
500.0
125.0
340.0
247.0
161.0
500.0
352.0
216.0
500.0
168.0
129.0
500.0
500.0
500.0
232.0
256.0
500.0
252.0
500.0
500.0
500.0
500.0
334.0
500.0
278.0
500.0
178.0
281.0
189.0
200.0
104.0
190.0
114.0
500.0
197.0
500.0
500.0
220.0
438.0
129.0
500.0
500.0
108.0
500.0
194.0
500.0
500.0
500.0
500.0
284.0
500.0
286.0
500.0
164.0
500.0
236.0
500.0
500.0
336.0
184.0
500.0
83.0
207.0
500.0
500.0
349.0
500.0
500.0
230.0
178.0
159.0
311.0
500.0
500.0
500.0
500.0
153.0
500.0
123.0
93.0
500.0
500.0
234.0
500.0
500.0
500.0
500.0
500.0
112.0
204.0
500.0
191.0
500.0
500.0
204.0
500.0
265.0
189.0
159.0
500.0
500.0
205.0
500.0
219.0
303.0
117.0
263.0
143.0
233.0
139.0
230.0
500.0
250.0
500.0
500.0
260.0
283.0
500.0
197.0
500.0
499.0
107.0
500.0
500.0
77.0
78.0
276.0
482.0
448.0
500.0
250.0
195.0
384.0
253.0
370.0
430.0
241.0
80.0
333.0
83.0
73.0
247.0
500.0
97.0
233.0
245.0
421.0
135.0
169.0
240.0
96.0
438.0
246.0
126.0
79.0
315.0
119.0
367.0
254.0
343.0
85.0
290.0
313.0
133.0
283.0
139.0
297.0
375.0
274.0
289.0
132.0
293.0
172.0
86.0
163.0
306.0
243.0
163.0
373.0
262.0
126.0
254.0
301.0
181.0
284.0
135.0
309.0
200.0
328.0
224.0
385.0
233.0
254.0
214.0
152.0
267.0
211.0
208.0
323.0
267.0
122.0
249.0
344.0
500.0
250.0
228.0
299.0
324.0
147.0
229.0
331.0
304.0
119.0
121.0
240.0
253.0
239.0
309.0
254.0
264.0
330.0
439.0
280.0
266.0
166.0
195.0
203.0
396.0
258.0
102.0
247.0
256.0
221.0
338.0
305.0
183.0
339.0
115.0
258.0
301.0
255.0
446.0
134.0
263.0
137.0
190.0
315.0
241.0
263.0
249.0
216.0
207.0
258.0
257.0
422.0
367.0
408.0
200.0
309.0
221.0
329.0
265.0
190.0
157.0
232.0
296.0
414.0
319.0
282.0
335.0
162.0
121.0
171.0
249.0
305.0
327.0
259.0
184.0
430.0
216.0
136.0
363.0
242.0
368.0
306.0
233.0
321.0
127.0
221.0
121.0
201.0
124.0
210.0
331.0
259.0
320.0
305.0
211.0
126.0
317.0
209.0
156.0
302.0
313.0
325.0
303.0
258.0
134.0
360.0
458.0
195.0
118.0
119.0
280.0
401.0
129.0
388.0
132.0
160.0
134.0
123.0
125.0
137.0
259.0
226.0
124.0
303.0
253.0
267.0
121.0
261.0
356.0
341.0
234.0
359.0
158.0
332.0
231.0
128.0
253.0
280.0
204.0
117.0
238.0
267.0
166.0
244.0
168.0
142.0
273.0
281.0
298.0
297.0
177.0
125.0
301.0
134.0
182.0
393.0
278.0
273.0
156.0
262.0
195.0
288.0
328.0
359.0
399.0
220.0
228.0
236.0
391.0
234.0
149.0
231.0
183.0
37.0
232.0
220.0
308.0
310.0
232.0
249.0
335.0
362.0
276.0
255.0
146.0
177.0
163.0
155.0
139.0
196.0
338.0
184.0
287.0
372.0
249.0
191.0
290.0
118.0
255.0
182.0
179.0
140.0
129.0
265.0
111.0
208.0
300.0
152.0
101.0
19.0
192.0
224.0
115.0
255.0
154.0
232.0
173.0
346.0
339.0
356.0
238.0
351.0
177.0
293.0
479.0
234.0
248.0
164.0
261.0
142.0
336.0
289.0
245.0
250.0
323.0
163.0
298.0
338.0
335.0
363.0
138.0
143.0
352.0
296.0
203.0
223.0
233.0
280.0
112.0
317.0
314.0
269.0
305.0
226.0
271.0
248.0
209.0
225.0
207.0
361.0
171.0
347.0
214.0
486.0
243.0
291.0
126.0
208.0
133.0
454.0
265.0
102.0
162.0
359.0
336.0
177.0
247.0
143.0
210.0
244.0
212.0
262.0
283.0
336.0
217.0
283.0
282.0
316.0
472.0
345.0
298.0
214.0
229.0
263.0
399.0
213.0
220.0
136.0
156.0
160.0
184.0
246.0
176.0
321.0
152.0
143.0
344.0
219.0
128.0
391.0
229.0
352.0
244.0
131.0
297.0
384.0
301.0
250.0
174.0
317.0
184.0
311.0
283.0
310.0
259.0
311.0
142.0
123.0
241.0
340.0
253.0
242.0
336.0
328.0
310.0
203.0
352.0
232.0
134.0
182.0
230.0
322.0
323.0
492.0
245.0
258.0
194.0
199.0
281.0
347.0
315.0
138.0
155.0
182.0
350.0
220.0
159.0
191.0
371.0
463.0
420.0
210.0
217.0
314.0
189.0
136.0
303.0
200.0
230.0
322.0
276.0
453.0
228.0
387.0
113.0
418.0
331.0
399.0
220.0
120.0
238.0
217.0
132.0
346.0
165.0
132.0
170.0
289.0
227.0
370.0
239.0
235.0
306.0
183.0
214.0
283.0
406.0
357.0
247.0
80.0
232.0
131.0
327.0
500.0
166.0
313.0
283.0
304.0
217.0
345.0
347.0
213.0
205.0
223.0
198.0
272.0
252.0
158.0
201.0
176.0
196.0
286.0
220.0
365.0
152.0
202.0
278.0
260.0
172.0
178.0
316.0
128.0
175.0
165.0
284.0
230.0
147.0
221.0
167.0
149.0
217.0
259.0
248.0
195.0
198.0
112.0
185.0
296.0
114.0
70.0
343.0
199.0
244.0
150.0
61.0
249.0
338.0
274.0
135.0
125.0
232.0
211.0
223.0
214.0
127.0
247.0
232.0
145.0
225.0
199.0
286.0
264.0
130.0
141.0
164.0
243.0
104.0
304.0
296.0
230.0
154.0
397.0
288.0
300.0
232.0
308.0
126.0
128.0
304.0
322.0
192.0
250.0
222.0
207.0
118.0
145.0
105.0
136.0
212.0
119.0
320.0
185.0
149.0
153.0
401.0
243.0
215.0
195.0
81.0
103.0
274.0
297.0
94.0
96.0
172.0
274.0
261.0
190.0
256.0
244.0
172.0
216.0
83.0
152.0
163.0
411.0
193.0
153.0
281.0
130.0
305.0
265.0
269.0
298.0
138.0
163.0
210.0
124.0
229.0
480.0
282.0
258.0
129.0
191.0
181.0
282.0
255.0
143.0
211.0
236.0
297.0
77.0
304.0
219.0
229.0
207.0
187.0
251.0
294.0
190.0
233.0
153.0
73.0
326.0
110.0
83.0
202.0
162.0
277.0
245.0
297.0
110.0
172.0
358.0
265.0
342.0
265.0
196.0
266.0
246.0
327.0
199.0
278.0
172.0
289.0
244.0
150.0
280.0
264.0
285.0
232.0
136.0
166.0
327.0
220.0
360.0
181.0
149.0
181.0
208.0
188.0
266.0
321.0
146.0
181.0
136.0
262.0
210.0
308.0
263.0
255.0
222.0
144.0
500.0
241.0
249.0
343.0
123.0
394.0
164.0
175.0
160.0
115.0
169.0
79.0
144.0
121.0
248.0
82.0
393.0
216.0
116.0
77.0
320.0
345.0
283.0
274.0
181.0
137.0
218.0
246.0
86.0
203.0
302.0
431.0
184.0
272.0
202.0
72.0
261.0
197.0
101.0
215.0
218.0
147.0
106.0
224.0
95.0
382.0
326.0
410.0
346.0
364.0
232.0
500.0
255.0
500.0
486.0
381.0
156.0
340.0
168.0
412.0
212.0
440.0
223.0
480.0
500.0
175.0
93.0
138.0
500.0
127.0
208.0
148.0
230.0
242.0
237.0
82.0
132.0
479.0
242.0
245.0
147.0
232.0
436.0
134.0
158.0
182.0
123.0
143.0
163.0
271.0
203.0
207.0
282.0
307.0
118.0
500.0
81.0
500.0
500.0
349.0
461.0
475.0
241.0
245.0
95.0
226.0
362.0
171.0
143.0
269.0
251.0
178.0
155.0
406.0
143.0
315.0
203.0
242.0
443.0
172.0
476.0
383.0
235.0
488.0
77.0
157.0
130.0
264.0
151.0
304.0
293.0
164.0
500.0
137.0
245.0
156.0
295.0
302.0
281.0
206.0
250.0
206.0
334.0
230.0
332.0
314.0
489.0
425.0
162.0
138.0
223.0
231.0
395.0
91.0
103.0
287.0
280.0
318.0
389.0
99.0
233.0
327.0
251.0
182.0
75.0
162.0
265.0
293.0
129.0
272.0
373.0
352.0
150.0
274.0
284.0
385.0
137.0
143.0
388.0
119.0
150.0
500.0
349.0
326.0
128.0
160.0
73.0
96.0
121.0
254.0
146.0
209.0
202.0
200.0
281.0
120.0
66.0
276.0
215.0
213.0
480.0
144.0
431.0
155.0
357.0
63.0
78.0
130.0
288.0
241.0
233.0
274.0
248.0
117.0
87.0
312.0
151.0
241.0
89.0
500.0
120.0
117.0
159.0
309.0
491.0
303.0
250.0
166.0
276.0
500.0
29.0
110.0
110.0
344.0
96.0
380.0
251.0
280.0
412.0
242.0
248.0
158.0
291.0
164.0
108.0
144.0
359.0
285.0
238.0
500.0
293.0
166.0
99.0
500.0
304.0
283.0
32.0
500.0
295.0
444.0
182.0
500.0
171.0
500.0
203.0
401.0
500.0
101.0
99.0
194.0
185.0
105.0
87.0
478.0
500.0
332.0
221.0
102.0
188.0
114.0
166.0
76.0
91.0
93.0
200.0
500.0
87.0
500.0
500.0
343.0
205.0
235.0
266.0
500.0
161.0
185.0
180.0
127.0
500.0
338.0
500.0
448.0
351.0
274.0
364.0
500.0
258.0
112.0
89.0
73.0
245.0
76.0
186.0
88.0
97.0
74.0
500.0
114.0
148.0
268.0
206.0
262.0
354.0
220.0
179.0
256.0
113.0
145.0
203.0
116.0
315.0
393.0
233.0
378.0
500.0
386.0
355.0
500.0
154.0
163.0
358.0
208.0
500.0
500.0
171.0
219.0
307.0
102.0
214.0
121.0
97.0
305.0
108.0
156.0
217.0
500.0
271.0
500.0
500.0
500.0
382.0
500.0
197.0
117.0
500.0
500.0
179.0
109.0
500.0
71.0
208.0
95.0
97.0
116.0
500.0
290.0
136.0
146.0
97.0
141.0
142.0
224.0
154.0
385.0
198.0
239.0
115.0
500.0
276.0
201.0
393.0
120.0
500.0
99.0
196.0
49.0
178.0
135.0
401.0
126.0
101.0
256.0
151.0
251.0
170.0
131.0
500.0
160.0
234.0
258.0
328.0
255.0
348.0
219.0
149.0
500.0
144.0
221.0
134.0
167.0
184.0
262.0
384.0
117.0
151.0
265.0
193.0
87.0
266.0
115.0
241.0
309.0
142.0
264.0
234.0
236.0
334.0
360.0
301.0
283.0
474.0
143.0
379.0
175.0
500.0
129.0
355.0
126.0
491.0
397.0
152.0
258.0
500.0
460.0
262.0
500.0
363.0
179.0
190.0
216.0
387.0
345.0
223.0
161.0
133.0
368.0
305.0
200.0
256.0
233.0
151.0
252.0
313.0
500.0
417.0
174.0
333.0
267.0
244.0
210.0
255.0
250.0
330.0
307.0
101.0
247.0
449.0
270.0
214.0
500.0
500.0
422.0
441.0
250.0
191.0
500.0
392.0
299.0
246.0
176.0
500.0
191.0
500.0
387.0
313.0
77.0
195.0
500.0
227.0
203.0
297.0
500.0
284.0
206.0
474.0
203.0
337.0
187.0
222.0
377.0
218.0
298.0
385.0
229.0
207.0
175.0
123.0
311.0
201.0
500.0
305.0
272.0
229.0
500.0
342.0
305.0
208.0
339.0
223.0
209.0
295.0
268.0
188.0
302.0
373.0
184.0
295.0
32.0
431.0
289.0
94.0
246.0
216.0
272.0
254.0
333.0
292.0
250.0
385.0
256.0
377.0
210.0
186.0
259.0
371.0
372.0
409.0
288.0
362.0
500.0
148.0
158.0
170.0
403.0
500.0
239.0
231.0
216.0
307.0
381.0
470.0
108.0
209.0
191.0
229.0
396.0
301.0
189.0
222.0
121.0
97.0
177.0
351.0
199.0
237.0
268.0
242.0
194.0
175.0
285.0
500.0
500.0
196.0
293.0
145.0
500.0
210.0
240.0
237.0
470.0
117.0
282.0
123.0
98.0
229.0
157.0
219.0
500.0
261.0
70.0
436.0
211.0
235.0
45.0
205.0
268.0
116.0
258.0
167.0
74.0
415.0
250.0
37.0
249.0
115.0
68.0
95.0
209.0
66.0
159.0
246.0
249.0
223.0
253.0
104.0
270.0
100.0
319.0
123.0
64.0
237.0
378.0
480.0
232.0
249.0
60.0
500.0
205.0
248.0
279.0
251.0
264.0
343.0
252.0
315.0
321.0
258.0
253.0
252.0
310.0
500.0
494.0
393.0
230.0
271.0
254.0
293.0
303.0
234.0
385.0
212.0
344.0
482.0
214.0
151.0
185.0
40.0
403.0
463.0
500.0
459.0
417.0
253.0
368.0
359.0
141.0
500.0
361.0
427.0
441.0
377.0
172.0
185.0
208.0
244.0
280.0
274.0
289.0
415.0
149.0
248.0
237.0
267.0
236.0
330.0
87.0
270.0
441.0
397.0
22.0
353.0
202.0
86.0
72.0
295.0
500.0
259.0
365.0
500.0
365.0
429.0
282.0
366.0
143.0
292.0
500.0
401.0
285.0
81.0
312.0
289.0
353.0
213.0
275.0
359.0
432.0
384.0
356.0
170.0
300.0
500.0
302.0
129.0
381.0
226.0
72.0
237.0
81.0
356.0
308.0
228.0
143.0
299.0
213.0
170.0
138.0
360.0
156.0
290.0
32.0
159.0
237.0
138.0
69.0
171.0
335.0
98.0
250.0
239.0
147.0
220.0
370.0
198.0
150.0
110.0
290.0
91.0
203.0
270.0
189.0
336.0
315.0
334.0
207.0
252.0
179.0
190.0
131.0
500.0
153.0
235.0
261.0
289.0
301.0
98.0
240.0
281.0
258.0
232.0
201.0
125.0
294.0
143.0
174.0
188.0
118.0
102.0
165.0
40.0
46.0
227.0
194.0
254.0
409.0
221.0
249.0
268.0
107.0
173.0
33.0
146.0
59.0
93.0
252.0
108.0
126.0
193.0
53.0
55.0
124.0
250.0
252.0
48.0
32.0
124.0
163.0
93.0
173.0
37.0
212.0
337.0
300.0
240.0
263.0
33.0
275.0
217.0
330.0
47.0
61.0
69.0
210.0
358.0
45.0
159.0
229.0
313.0
258.0
253.0
244.0
226.0
388.0
280.0
279.0
258.0
429.0
270.0
316.0
39.0
152.0
27.0
303.0
22.0
119.0
239.0
47.0
146.0
69.0
59.0
31.0
226.0
164.0
57.0
245.0
127.0
326.0
257.0
500.0
500.0
242.0
298.0
327.0
275.0
270.0
154.0
251.0
216.0
222.0
287.0
54.0
288.0
45.0
500.0
500.0
172.0
311.0
226.0
250.0
57.0
173.0
216.0
132.0
242.0
284.0
500.0
178.0
138.0
500.0
185.0
255.0
167.0
500.0
177.0
19.0
41.0
142.0
107.0
29.0
22.0
180.0
423.0
500.0
26.0
88.0
500.0
34.0
500.0
31.0
21.0
500.0
500.0
188.0
97.0
246.0
324.0
98.0
500.0
194.0
392.0
75.0
90.0
185.0
132.0
198.0
135.0
51.0
92.0
57.0
73.0
239.0
99.0
235.0
55.0
233.0
126.0
160.0
204.0
108.0
118.0
105.0
134.0
42.0
96.0
40.0
105.0
25.0
182.0
32.0
39.0
26.0
127.0
19.0
18.0
18.0
20.0
94.0
25.0
13.0
38.0
44.0
16.0
66.0
25.0
27.0
244.0
132.0
10.0
78.0
20.0
88.0
26.0
83.0
76.0
20.0
64.0
87.0
124.0
94.0
11.0
43.0
23.0
99.0
145.0
73.0
74.0
93.0
10.0
79.0
153.0
119.0
120.0
136.0
92.0
182.0
316.0
33.0
53.0
17.0
333.0
409.0
66.0
250.0
175.0
80.0
299.0
249.0
94.0
46.0
251.0
108.0
79.0
37.0
216.0
129.0
309.0
146.0
90.0
46.0
84.0
10.0
190.0
299.0
53.0
280.0
239.0
69.0
274.0
79.0
84.0
92.0
329.0
89.0
61.0
10.0
192.0
97.0
105.0
181.0
162.0
87.0
290.0
39.0
393.0
256.0
319.0
167.0
150.0
105.0
84.0
74.0
114.0
86.0
129.0
66.0
84.0
91.0
47.0
277.0
76.0
54.0
236.0
45.0
153.0
256.0
193.0
500.0
67.0
241.0
60.0
196.0
187.0
190.0
51.0
424.0
72.0
145.0
47.0
59.0
256.0
57.0
73.0
172.0
281.0
324.0
111.0
38.0
93.0
35.0
225.0
117.0
202.0
90.0
95.0
162.0
98.0
45.0
203.0
88.0
191.0
39.0
294.0
120.0
108.0
235.0
144.0
56.0
165.0
260.0
113.0
166.0
84.0
261.0
293.0
55.0
106.0
74.0
73.0
88.0
82.0
72.0
209.0
182.0
66.0
185.0
61.0
63.0
73.0
376.0
255.0
166.0
216.0
204.0
247.0
204.0
213.0
144.0
188.0
198.0
175.0
189.0
222.0
213.0
208.0
189.0
318.0
189.0
194.0
138.0
226.0
191.0
232.0
223.0
134.0
258.0
190.0
119.0
161.0
93.0
204.0
127.0
200.0
306.0
111.0
232.0
214.0
196.0
204.0
187.0
172.0
308.0
42.0
194.0
281.0
195.0
167.0
237.0
236.0
105.0
167.0
283.0
215.0
150.0
64.0
294.0
217.0
61.0
85.0
125.0
250.0
224.0
221.0
207.0
161.0
123.0
34.0
98.0
163.0
195.0
207.0
97.0
96.0
116.0
110.0
42.0
132.0
96.0
80.0
109.0
124.0
162.0
83.0
91.0
106.0
122.0
181.0
121.0
67.0
146.0
121.0
197.0
182.0
154.0
107.0
39.0
42.0
127.0
99.0
102.0
103.0
10.0
136.0
158.0
127.0
151.0
142.0
144.0
155.0
101.0
122.0
128.0
85.0
157.0
139.0
93.0
88.0
157.0
146.0
222.0
110.0
181.0
118.0
149.0
148.0
147.0
74.0
131.0
106.0
138.0
153.0
117.0
139.0
140.0
108.0
139.0
107.0
128.0
142.0
111.0
48.0
142.0
139.0
150.0
147.0
100.0
22.0
30.0
24.0
160.0
26.0
26.0
25.0
33.0
27.0
10.0
18.0
213.0
28.0
60.0
35.0
139.0
143.0
115.0
167.0
158.0
90.0
114.0
112.0
38.0
147.0
147.0
121.0
104.0
125.0
86.0
107.0
114.0
135.0
127.0
145.0
45.0
108.0
48.0
116.0
104.0
92.0
122.0
110.0
41.0
34.0
134.0
99.0
125.0
121.0
174.0
44.0
102.0
88.0
110.0
122.0
137.0
41.0
133.0
141.0
135.0
83.0
46.0
144.0
11.0
93.0
111.0
120.0
109.0
106.0
70.0
99.0
86.0
68.0
147.0
77.0
96.0
121.0
74.0
79.0
98.0
74.0
34.0
140.0
89.0
121.0
37.0
91.0
78.0
136.0
96.0
98.0
106.0
75.0
140.0
70.0
125.0
80.0
114.0
90.0
70.0
70.0
66.0
78.0
160.0
133.0
80.0
110.0
131.0
105.0
115.0
116.0
10.0
34.0
39.0
73.0
66.0
96.0
38.0
35.0
84.0
138.0
97.0
93.0
93.0
34.0
110.0
41.0
157.0
72.0
68.0
45.0
102.0
87.0
71.0
82.0
70.0
161.0
145.0
154.0
72.0
146.0
154.0
215.0
112.0
73.0
80.0
242.0
83.0
80.0
70.0
11.0
62.0
41.0
60.0
64.0
72.0
77.0
70.0
10.0
61.0
71.0
87.0
76.0
74.0
117.0
88.0
79.0
53.0
72.0
70.0
88.0
123.0
73.0
92.0
43.0
92.0
130.0
123.0
91.0
45.0
96.0
97.0
107.0
107.0
123.0
84.0
10.0
92.0
209.0
81.0
105.0
87.0
97.0
82.0
62.0
90.0
139.0
138.0
88.0
107.0
81.0
44.0
111.0
122.0
106.0
122.0
100.0
70.0
108.0
107.0
149.0
101.0
10.0
109.0
94.0
132.0
48.0
97.0
107.0
99.0
104.0
57.0
106.0
152.0
106.0
64.0
64.0
158.0
36.0
104.0
150.0
106.0
101.0
94.0
10.0
111.0
102.0
101.0
160.0
88.0
158.0
107.0
90.0
135.0
157.0
113.0
67.0
129.0
107.0
148.0
100.0
175.0
155.0
108.0
24.0
100.0
104.0
92.0
138.0
90.0
37.0
93.0
152.0
45.0
101.0
93.0
160.0
64.0
104.0
110.0
95.0
175.0
93.0
113.0
163.0
152.0
151.0
91.0
100.0
171.0
89.0
192.0
103.0
92.0
111.0
101.0
95.0
108.0
64.0
106.0
93.0
101.0
110.0
96.0
95.0
118.0
109.0
102.0
108.0
105.0
145.0
105.0
105.0
87.0
116.0
101.0
109.0
94.0
90.0
101.0
10.0
104.0
105.0
109.0
103.0
162.0
99.0
10.0
85.0
80.0
91.0
137.0
99.0
87.0
93.0
60.0
57.0
87.0
89.0
87.0
11.0
139.0
94.0
106.0
97.0
141.0
111.0
89.0
36.0
93.0
91.0
10.0
87.0
91.0
36.0
113.0
114.0
104.0
106.0
102.0
98.0
112.0
102.0
100.0
97.0
117.0
149.0
107.0
157.0
108.0
105.0
27.0
112.0
117.0
103.0
108.0
111.0
111.0
106.0
25.0
112.0
82.0
27.0
113.0
27.0
130.0
148.0
65.0
121.0
257.0
109.0
117.0
105.0
64.0
118.0
109.0
118.0
64.0
94.0
168.0
114.0
97.0
226.0
105.0
84.0
141.0
28.0
106.0
166.0
106.0
63.0
59.0
40.0
166.0
43.0
106.0
11.0
65.0
57.0
109.0
115.0
61.0
114.0
110.0
107.0
108.0
123.0
119.0
111.0
11.0
61.0
100.0
107.0
63.0
119.0
93.0
105.0
110.0
31.0
10.0
110.0
154.0
108.0
116.0
34.0
110.0
128.0
11.0
115.0
111.0
138.0
105.0
110.0
115.0
129.0
67.0
142.0
105.0
110.0
112.0
162.0
113.0
55.0
115.0
106.0
48.0
120.0
109.0
138.0
110.0
57.0
181.0
106.0
127.0
41.0
164.0
108.0
63.0
104.0
57.0
107.0
120.0
100.0
105.0
125.0
143.0
83.0
95.0
60.0
122.0
109.0
125.0
122.0
109.0
108.0
156.0
110.0
106.0
100.0
148.0
41.0
158.0
66.0
150.0
108.0
108.0
46.0
111.0
108.0
111.0
165.0
111.0
133.0
106.0
106.0
112.0
109.0
102.0
104.0
117.0
290.0
101.0
143.0
109.0
104.0
111.0
108.0
110.0
111.0
102.0
205.0
110.0
147.0
111.0
40.0
107.0
126.0
108.0
111.0
98.0
104.0
98.0
103.0
303.0
181.0
141.0
101.0
104.0
117.0
95.0
18.0
20.0
103.0
107.0
120.0
14.0
98.0
108.0
54.0
18.0
103.0
159.0
97.0
183.0
95.0
45.0
140.0
212.0
164.0
123.0
99.0
125.0
100.0
218.0
12.0
97.0
128.0
96.0
20.0
101.0
163.0
94.0
118.0
126.0
149.0
147.0
10.0
110.0
100.0
94.0
122.0
96.0
10.0
10.0
130.0
90.0
124.0
107.0
103.0
101.0
110.0
101.0
104.0
103.0
114.0
115.0
88.0
113.0
89.0
10.0
106.0
102.0
86.0
106.0
125.0
110.0
104.0
106.0
106.0
82.0
100.0
209.0
85.0
113.0
107.0
86.0
109.0
99.0
114.0
204.0
81.0
129.0
164.0
105.0
104.0
82.0
122.0
193.0
30.0
127.0
111.0
118.0
114.0
120.0
152.0
78.0
116.0
83.0
119.0
172.0
103.0
92.0
35.0
92.0
327.0
104.0
103.0
195.0
153.0
202.0
115.0
78.0
116.0
105.0
106.0
114.0
105.0
88.0
104.0
101.0
205.0
87.0
252.0
91.0
110.0
80.0
253.0
80.0
257.0
79.0
197.0
362.0
84.0
83.0
115.0
128.0
216.0
120.0
95.0
101.0
256.0
192.0
189.0
98.0
98.0
194.0
154.0
111.0
105.0
86.0
71.0
111.0
98.0
113.0
97.0
189.0
45.0
161.0
175.0
183.0
266.0
93.0
108.0
208.0
89.0
61.0
116.0
305.0
130.0
102.0
228.0
73.0
131.0
30.0
293.0
100.0
91.0
102.0
266.0
10.0
220.0
103.0
100.0
234.0
99.0
111.0
107.0
163.0
305.0
101.0
98.0
199.0
88.0
150.0
288.0
114.0
80.0
448.0
184.0
216.0
286.0
67.0
128.0
191.0
261.0
198.0
44.0
236.0
171.0
130.0
109.0
100.0
165.0
201.0
402.0
124.0
265.0
168.0
156.0
201.0
127.0
230.0
208.0
171.0
182.0
98.0
149.0
190.0
119.0
214.0
351.0
78.0
291.0
58.0
113.0
240.0
245.0
97.0
107.0
349.0
270.0
26.0