14.0
15.0
11.0
13.0
11.0
9.0
9.0
9.0
11.0
8.0
9.0
9.0
9.0
10.0
11.0
9.0
9.0
10.0
10.0
14.0
10.0
10.0
10.0
9.0
12.0
10.0
10.0
13.0
11.0
15.0
12.0
17.0
12.0
15.0
11.0
11.0
12.0
16.0
18.0
18.0
17.0
15.0
15.0
18.0
13.0
24.0
17.0
17.0
16.0
21.0
14.0
11.0
19.0
24.0
11.0
16.0
9.0
22.0
23.0
10.0
11.0
15.0
24.0
18.0
16.0
23.0
43.0
17.0
27.0
13.0
14.0
29.0
30.0
37.0
26.0
34.0
37.0
35.0
23.0
42.0
27.0
15.0
36.0
31.0
38.0
40.0
39.0
30.0
15.0
36.0
34.0
40.0
10.0
36.0
29.0
20.0
14.0
37.0
53.0
41.0
43.0
47.0
95.0
35.0
40.0
45.0
94.0
32.0
30.0
20.0
41.0
39.0
12.0
48.0
128.0
36.0
46.0
51.0
33.0
10.0
52.0
44.0
15.0
54.0
77.0
12.0
13.0
35.0
40.0
54.0
57.0
44.0
23.0
33.0
11.0
50.0
25.0
10.0
36.0
37.0
10.0
29.0
40.0
50.0
50.0
50.0
52.0
24.0
37.0
33.0
31.0
59.0
20.0
47.0
28.0
49.0
29.0
53.0
45.0
31.0
64.0
44.0
43.0
63.0
46.0
44.0
45.0
47.0
63.0
57.0
62.0
47.0
59.0
60.0
83.0
70.0
65.0
51.0
46.0
11.0
12.0
86.0
63.0
59.0
69.0
29.0
86.0
10.0
83.0
75.0
9.0
77.0
77.0
105.0
95.0
111.0
78.0
36.0
67.0
100.0
73.0
44.0
77.0
47.0
83.0
71.0
70.0
53.0
76.0
70.0
77.0
105.0
75.0
30.0
89.0
77.0
131.0
54.0
71.0
61.0
148.0
124.0
79.0
54.0
91.0
90.0
45.0
85.0
72.0
107.0
55.0
58.0
42.0
196.0
68.0
125.0
86.0
81.0
54.0
78.0
82.0
67.0
87.0
90.0
54.0
89.0
143.0
99.0
73.0
87.0
59.0
109.0
123.0
41.0
78.0
91.0
98.0
95.0
75.0
61.0
78.0
73.0
114.0
96.0
52.0
73.0
132.0
100.0
67.0
220.0
96.0
68.0
96.0
147.0
115.0
88.0
269.0
105.0
117.0
55.0
289.0
268.0
153.0
63.0
236.0
236.0
130.0
255.0
110.0
170.0
421.0
189.0
93.0
156.0
417.0
122.0
121.0
127.0
118.0
278.0
358.0
120.0
217.0
126.0
104.0
361.0
378.0
117.0
109.0
77.0
137.0
388.0
298.0
130.0
113.0
131.0
114.0
120.0
166.0
124.0
301.0
329.0
218.0
325.0
112.0
395.0
299.0
371.0
184.0
343.0
121.0
394.0
154.0
149.0
393.0
127.0
119.0
112.0
108.0
128.0
392.0
116.0
446.0
128.0
122.0
125.0
347.0
119.0
383.0
161.0
128.0
344.0
200.0
124.0
119.0
129.0
289.0
373.0
385.0
201.0
129.0
113.0
222.0
124.0
358.0
427.0
434.0
121.0
129.0
188.0
122.0
158.0
110.0
352.0
124.0
455.0
123.0
166.0
373.0
409.0
384.0
190.0
147.0
466.0
389.0
386.0
183.0
143.0
217.0
380.0
437.0
450.0
132.0
71.0
85.0
304.0
448.0
127.0
143.0
119.0
370.0
114.0
109.0
224.0
172.0
125.0
355.0
115.0
410.0
273.0
138.0
157.0
138.0
165.0
413.0
138.0
124.0
175.0
144.0
328.0
330.0
121.0
121.0
263.0
383.0
173.0
372.0
135.0
249.0
337.0
375.0
131.0
390.0
140.0
115.0
422.0
134.0
412.0
159.0
125.0
417.0
404.0
166.0
358.0
395.0
130.0
401.0
329.0
400.0
382.0
122.0
425.0
399.0
128.0
121.0
471.0
328.0
258.0
413.0
420.0
145.0
399.0
127.0
424.0
379.0
122.0
189.0
248.0
116.0
401.0
364.0
127.0
331.0
367.0
249.0
258.0
263.0
435.0
380.0
472.0
113.0
133.0
127.0
125.0
431.0
402.0
369.0
124.0
464.0
420.0
500.0
355.0
343.0
500.0
362.0
458.0
500.0
137.0
428.0
376.0
129.0
137.0
361.0
136.0
491.0
434.0
170.0
363.0
129.0
144.0
129.0
355.0
335.0
323.0
229.0
163.0
173.0
134.0
118.0
140.0
116.0
402.0
384.0
426.0
116.0
471.0
123.0
421.0
426.0
133.0
500.0
475.0
168.0
500.0
500.0
190.0
160.0
442.0
500.0
146.0
249.0
203.0
428.0
500.0
413.0
191.0
127.0
177.0
500.0
125.0
125.0
500.0
500.0
203.0
255.0
500.0
202.0
128.0
353.0
227.0
154.0
473.0
122.0
104.0
190.0
142.0
302.0
123.0
437.0
471.0
463.0
368.0
500.0
449.0
384.0
473.0
186.0
134.0
305.0
136.0
377.0
474.0
484.0
294.0
128.0
298.0
355.0
204.0
431.0
178.0
165.0
117.0
370.0
448.0
440.0
165.0
447.0
500.0
373.0
491.0
138.0
125.0
400.0
120.0
124.0
248.0
465.0
141.0
441.0
120.0
210.0
480.0
487.0
409.0
138.0
478.0
500.0
142.0
151.0
255.0
500.0
156.0
480.0
257.0
177.0
431.0
114.0
147.0
135.0
253.0
468.0
122.0
134.0
500.0
458.0
498.0
194.0
217.0
500.0
150.0
184.0
141.0
424.0
157.0
280.0
500.0
389.0
454.0
183.0
445.0
190.0
183.0
500.0
114.0
258.0
438.0
133.0
191.0
496.0
172.0
495.0
133.0
500.0
500.0
135.0
500.0
500.0
291.0
500.0
118.0
137.0
174.0
211.0
205.0
369.0
500.0
207.0
500.0
500.0
315.0
292.0
500.0
500.0
268.0
187.0
500.0
500.0
216.0
500.0
225.0
155.0
204.0
500.0
500.0
500.0
181.0
183.0
500.0
233.0
500.0
231.0
261.0
175.0
500.0
500.0
216.0
227.0
192.0
500.0
122.0
255.0
500.0
202.0
221.0
500.0
500.0
234.0
388.0
500.0
267.0
193.0
500.0
500.0
500.0
85.0
500.0
108.0
214.0
500.0
252.0
412.0
500.0
500.0
500.0
500.0
193.0
243.0
218.0
500.0
205.0
221.0
296.0
268.0
212.0
75.0
138.0
500.0
193.0
240.0
226.0
227.0
500.0
500.0
500.0
216.0
229.0
271.0
210.0
256.0
500.0
254.0
273.0
500.0
206.0
176.0
500.0
500.0
500.0
500.0
500.0
500.0
500.0
500.0
500.0
500.0
177.0
500.0
500.0
500.0
500.0
500.0
500.0
500.0
500.0
500.0
500.0
326.0
323.0
500.0
500.0
500.0
83.0
490.0
500.0
500.0
90.0
487.0
500.0
500.0
500.0
344.0
500.0
500.0
500.0
371.0
120.0
80.0
500.0
500.0
500.0
500.0
420.0
500.0
500.0
500.0
500.0
113.0
500.0
500.0
473.0
389.0
500.0
475.0
433.0
500.0
88.0
500.0
500.0
500.0
500.0
500.0
500.0
443.0
500.0
500.0
500.0
500.0
486.0
500.0
500.0
500.0
500.0
500.0
500.0
352.0
421.0
82.0
178.0
479.0
500.0
500.0
500.0
419.0
500.0
500.0
500.0
90.0
500.0
500.0
500.0
500.0
137.0
500.0
500.0
500.0
362.0
500.0
350.0
500.0
459.0
500.0
500.0
500.0
500.0
500.0
500.0
500.0
500.0
500.0
213.0
500.0
500.0
297.0
500.0
500.0
500.0
500.0
500.0
500.0
500.0
500.0
261.0
500.0
500.0
382.0
500.0
500.0
76.0
500.0
500.0
89.0
389.0
500.0
500.0
500.0
500.0
500.0
500.0
87.0
500.0
500.0
500.0
500.0
500.0
500.0
500.0
500.0
387.0
500.0
500.0
442.0
500.0
500.0
500.0
500.0
500.0
500.0
500.0
500.0
500.0
500.0
500.0
500.0
500.0
500.0
500.0
88.0
500.0
500.0
500.0
462.0
500.0
500.0
500.0
500.0
500.0
500.0
500.0
500.0
500.0
500.0
391.0
500.0
130.0
500.0
500.0
452.0
500.0
500.0
95.0
500.0
500.0
500.0
500.0
500.0
500.0
500.0
500.0
500.0
500.0
500.0
500.0
422.0
500.0
375.0
500.0
500.0
500.0
500.0
500.0
85.0
500.0
500.0
500.0
500.0
84.0
500.0
500.0
125.0
500.0
500.0
500.0
500.0
500.0
500.0
492.0
500.0
500.0
433.0
102.0
500.0
500.0
500.0
500.0
93.0
500.0
500.0
452.0
500.0
500.0
500.0
500.0
500.0
500.0
91.0
349.0
500.0
500.0
500.0
500.0
193.0
352.0
110.0
500.0
500.0
500.0
500.0
189.0
500.0
375.0
500.0
500.0
500.0
500.0
500.0
500.0
500.0
500.0
500.0
500.0
500.0
500.0
480.0
500.0
500.0
500.0
500.0
427.0
354.0
500.0
500.0
500.0
500.0
443.0
265.0
500.0
500.0
482.0
175.0
500.0
500.0
206.0
500.0
500.0
500.0
500.0
500.0
500.0
500.0
500.0
500.0
500.0
500.0
500.0
492.0
500.0
500.0
500.0
500.0
500.0
500.0
500.0
155.0
500.0
500.0
500.0
500.0
500.0
500.0
500.0
500.0
466.0
500.0
500.0
500.0
500.0
500.0
500.0
500.0
500.0
500.0
500.0
500.0
500.0
500.0
431.0
500.0
500.0
500.0
500.0
500.0
500.0
389.0
500.0
95.0
500.0
315.0
500.0
448.0
500.0
500.0
500.0
500.0
500.0
500.0
500.0
448.0
500.0
500.0
500.0
362.0
482.0
500.0
500.0
500.0
500.0
500.0
500.0
478.0
500.0
500.0
500.0
500.0
500.0
500.0
500.0
147.0
500.0
500.0
500.0
492.0
500.0
500.0
500.0
500.0
500.0
500.0
500.0
500.0
500.0
500.0
500.0
500.0
500.0
500.0
500.0
500.0
500.0
500.0
500.0
500.0
383.0
500.0
500.0
500.0
105.0
500.0
500.0
500.0
500.0
500.0
500.0
500.0
500.0
500.0
500.0
174.0
108.0
500.0
318.0
500.0
500.0
500.0
500.0
500.0
500.0
500.0
500.0
500.0
500.0
500.0
500.0
15.0
500.0
500.0
500.0
500.0
228.0
500.0
500.0
500.0
500.0
500.0
500.0
500.0
500.0
500.0
500.0
195.0
500.0
500.0
500.0
500.0
500.0
500.0
500.0
500.0
500.0
500.0
500.0
500.0
500.0
500.0
500.0
500.0
500.0
500.0
500.0
500.0
500.0
500.0
500.0
500.0
500.0
500.0
500.0
500.0
142.0
500.0
500.0
500.0
500.0
500.0
500.0
500.0
500.0
53.0
500.0
500.0
500.0
500.0
500.0
497.0
121.0
160.0
209.0
162.0
123.0
115.0
106.0
39.0
123.0
99.0
131.0
61.0
133.0
120.0
223.0
167.0
43.0
79.0
215.0
159.0
74.0
406.0
142.0
213.0
160.0
202.0
157.0
159.0
46.0
32.0
53.0
326.0
59.0
67.0
98.0
288.0
60.0
198.0
444.0
213.0
390.0
191.0
236.0
86.0
30.0
500.0
227.0
68.0
96.0
45.0
12.0
46.0
15.0
140.0
500.0
375.0
496.0
46.0
500.0
500.0
500.0
24.0
500.0
181.0
500.0
457.0
444.0
442.0
500.0
500.0
186.0
468.0
500.0
122.0
362.0
500.0
500.0
500.0
500.0
439.0
499.0
500.0
475.0
446.0
500.0
478.0
76.0
95.0
451.0
500.0
500.0
489.0
365.0
398.0
486.0
472.0
485.0
401.0
467.0
500.0
500.0
500.0
500.0
500.0
500.0
500.0
500.0
404.0
135.0
447.0
500.0
488.0
401.0
500.0
480.0
420.0
446.0
500.0
464.0
500.0
474.0
424.0
500.0
500.0
498.0
500.0
500.0
500.0
500.0
500.0
500.0
500.0
500.0
454.0
409.0
500.0
500.0
448.0
495.0
500.0
396.0
500.0
397.0
393.0
500.0
413.0
500.0
500.0
500.0
500.0
500.0
500.0
500.0
490.0
409.0
155.0
500.0
500.0
494.0
109.0
487.0
434.0
500.0
500.0
437.0
319.0
500.0
500.0
451.0
500.0
500.0
500.0
500.0
490.0
500.0
412.0
500.0
147.0
468.0
78.0
500.0
395.0
465.0
415.0
453.0
469.0
477.0
478.0
367.0
500.0
101.0
500.0
63.0
425.0
415.0
500.0
500.0
85.0
500.0
500.0
500.0
423.0
500.0
500.0
440.0
500.0
387.0
500.0
500.0
426.0
430.0
500.0
500.0
165.0
481.0
500.0
500.0
419.0
500.0
500.0
500.0
469.0
432.0
117.0
500.0
500.0
500.0
461.0
465.0
500.0
452.0
500.0
500.0
500.0
500.0
500.0
429.0
90.0
500.0
432.0
500.0
500.0
500.0
500.0
433.0
485.0
500.0
441.0
439.0
437.0
78.0
500.0
500.0
500.0
500.0
413.0
500.0
500.0
471.0
449.0
500.0
500.0
436.0
478.0
500.0
500.0
500.0
500.0
426.0
489.0
439.0
84.0
500.0
500.0
464.0
406.0
500.0
468.0
78.0
500.0
476.0
430.0
456.0
500.0
401.0
500.0
499.0
223.0
500.0
500.0
500.0
404.0
500.0
500.0
500.0
472.0
428.0
500.0
406.0
500.0
500.0
427.0
500.0
454.0
429.0
403.0
475.0
500.0
75.0
488.0
500.0
500.0
500.0
500.0
500.0
72.0
500.0
500.0
400.0
500.0
77.0
500.0
500.0
500.0
82.0
462.0
500.0
450.0
500.0
500.0
484.0
487.0
500.0
488.0
500.0
500.0
388.0
477.0
450.0
155.0
499.0
477.0
471.0
68.0
112.0
500.0
500.0
500.0
500.0
500.0
500.0
500.0
463.0
448.0
494.0
500.0
439.0
500.0
435.0
500.0
500.0
432.0
228.0
438.0
500.0
500.0
500.0
500.0
483.0
498.0
64.0
500.0
500.0
491.0
500.0
68.0
401.0
406.0
85.0
500.0
123.0
109.0
90.0
500.0
500.0
500.0
442.0
500.0
413.0
494.0
431.0
56.0
500.0
486.0
164.0
500.0
500.0
500.0
500.0
464.0
466.0
500.0
446.0
500.0
500.0
448.0
500.0
500.0
500.0
500.0
469.0
500.0
500.0
500.0
500.0
500.0
500.0
500.0
500.0
500.0
500.0
500.0
445.0
500.0
500.0
500.0
500.0
500.0
500.0
500.0
500.0
500.0
500.0
500.0
394.0
500.0
500.0
500.0
500.0
500.0
500.0
485.0
500.0
500.0
490.0
500.0
489.0
500.0
500.0
500.0
500.0
500.0
500.0
500.0
500.0
500.0
500.0
500.0
500.0
500.0
500.0
500.0
500.0
500.0
500.0
471.0
500.0
500.0
500.0
500.0
500.0
500.0
485.0
500.0
500.0
500.0
500.0
500.0
499.0
500.0
500.0
500.0
500.0
500.0
500.0
500.0
500.0
500.0
500.0
500.0
500.0
500.0
500.0
500.0
500.0
494.0
500.0
500.0
500.0
500.0
500.0
500.0
500.0
500.0
500.0
500.0
500.0
500.0
500.0
500.0
500.0
500.0
500.0
393.0
500.0
500.0
500.0
500.0
500.0
500.0
500.0
500.0
500.0
500.0
500.0
500.0
500.0
500.0
500.0
500.0
500.0
500.0
500.0
28.0
500.0
473.0
500.0
500.0
500.0
500.0
500.0
500.0
500.0
493.0
500.0
500.0
500.0
500.0
500.0
500.0
500.0
500.0
500.0
500.0
500.0
500.0
500.0
500.0
500.0
500.0
500.0
500.0
500.0
500.0
418.0
500.0
500.0
500.0
500.0
500.0
500.0
500.0
500.0
500.0
500.0
500.0
500.0
500.0
500.0
500.0
500.0
500.0
500.0
500.0
500.0
500.0
500.0
500.0
489.0
500.0
500.0
500.0
500.0
500.0
500.0
500.0
500.0
500.0
500.0
500.0
500.0
500.0
500.0
500.0
500.0
500.0
500.0
500.0
500.0
500.0
500.0
500.0
500.0
499.0
500.0
500.0
500.0
500.0
500.0
500.0
500.0
500.0
500.0
500.0
500.0
500.0
500.0
500.0
500.0
500.0
500.0
500.0
495.0
500.0
500.0
500.0
500.0
500.0
500.0
500.0
500.0
481.0
500.0
500.0
500.0
500.0
500.0
500.0
500.0
500.0
500.0
500.0
500.0
500.0
500.0
500.0
500.0
500.0
500.0
500.0
500.0
500.0
500.0
500.0
500.0
500.0
500.0
500.0
500.0
500.0
500.0
500.0
500.0
500.0
500.0
500.0
500.0
500.0
493.0
500.0
500.0
500.0
500.0
500.0
500.0
500.0
500.0
500.0
474.0
500.0
500.0
500.0
500.0
500.0
500.0
500.0
500.0
500.0
500.0
500.0
500.0
500.0
500.0
500.0
500.0
500.0
500.0
489.0
460.0
500.0
500.0
500.0
500.0
500.0
500.0
500.0
500.0
500.0
500.0
500.0
500.0
500.0
500.0
500.0
500.0
500.0
480.0
500.0
500.0
500.0
500.0
500.0
500.0
500.0
500.0
500.0
500.0
500.0
500.0
500.0
500.0
500.0
500.0
500.0
481.0
500.0
500.0
500.0
500.0
500.0
500.0
500.0
500.0
500.0
500.0
500.0
500.0
500.0
500.0
490.0
500.0
500.0
500.0
500.0
500.0
500.0
500.0
500.0
500.0
500.0
500.0
500.0
500.0
500.0
500.0
500.0
500.0
500.0
500.0
500.0
500.0
500.0
500.0
500.0
500.0
500.0
500.0
500.0
500.0
500.0
500.0
500.0
500.0
500.0
500.0
500.0
500.0
500.0
500.0
471.0
500.0
500.0
500.0
500.0
500.0
500.0
500.0
500.0
500.0
500.0
500.0
500.0
500.0
500.0
484.0
500.0
500.0
500.0
500.0
500.0
500.0
500.0
500.0
500.0
500.0
500.0
500.0
500.0
500.0
500.0
500.0
500.0
500.0
500.0
500.0
500.0
500.0
500.0
500.0
500.0
500.0
500.0
500.0
500.0
500.0
500.0
500.0
500.0
500.0
500.0
500.0
500.0
500.0
500.0
500.0
500.0
500.0
500.0
500.0
500.0
500.0
500.0
500.0
500.0
500.0
500.0
500.0
500.0
500.0
500.0
500.0
500.0
500.0
500.0
500.0
500.0
500.0
500.0
500.0
500.0
500.0
500.0
500.0
500.0
500.0
500.0
500.0
500.0
500.0
500.0
500.0
500.0
500.0
500.0
500.0
500.0
500.0
500.0
500.0
500.0
500.0
500.0
500.0
500.0
500.0
500.0
500.0
500.0
500.0
500.0
500.0
500.0
500.0
500.0
482.0
500.0
500.0
500.0
500.0
500.0
500.0
500.0
500.0
500.0
500.0
500.0
500.0
500.0
500.0
500.0
500.0
500.0
500.0
500.0
500.0
500.0
500.0
500.0
500.0
500.0
500.0
500.0
500.0
500.0
500.0
500.0
500.0
500.0
500.0
500.0
500.0
500.0
500.0
500.0
500.0
500.0
500.0
500.0
500.0
500.0
500.0
500.0
500.0
500.0
500.0
500.0
500.0
500.0
500.0
500.0
500.0
500.0
500.0
500.0
500.0
500.0
500.0
500.0
500.0
500.0
500.0
500.0
500.0
500.0
500.0
500.0
500.0
500.0
500.0
500.0
500.0
500.0
500.0
500.0
453.0
500.0
500.0
500.0
493.0
500.0
500.0
500.0
500.0
500.0
500.0
500.0
500.0
500.0
500.0
500.0
500.0
500.0
500.0
500.0
500.0
500.0
500.0
500.0
500.0
500.0
500.0
500.0
500.0
500.0
500.0
500.0
500.0
500.0
500.0
500.0
500.0
500.0
500.0
500.0
500.0
500.0
500.0
500.0
500.0
500.0
500.0
500.0
500.0
500.0
500.0
500.0
500.0
500.0
500.0
500.0
500.0
500.0
500.0
500.0
500.0
500.0
500.0
500.0
500.0
500.0
500.0
500.0
500.0
500.0
500.0
500.0
500.0
500.0
500.0
500.0
500.0
500.0
500.0
500.0
500.0
500.0
500.0
500.0
500.0
500.0
500.0
500.0
500.0
500.0
500.0
500.0
500.0
500.0
500.0
500.0
500.0
500.0
500.0
500.0
500.0
500.0
500.0
500.0
500.0
500.0
500.0
500.0
500.0
500.0
500.0
500.0
500.0
500.0
500.0
500.0
500.0
500.0
500.0
500.0
500.0
500.0
491.0
500.0
500.0
500.0
500.0
500.0
500.0
500.0
500.0
500.0
500.0
470.0
500.0
500.0
500.0
500.0
500.0
500.0
500.0
500.0
500.0
500.0
500.0
500.0
500.0
500.0
500.0
500.0
500.0
500.0
500.0
500.0
500.0
500.0
500.0
500.0
500.0
500.0
500.0
500.0
500.0
500.0
500.0
500.0
500.0
500.0
500.0
500.0
500.0
500.0
500.0
500.0
500.0
500.0
500.0
500.0
500.0
500.0
500.0
500.0
500.0
500.0
500.0
500.0
500.0
500.0
500.0
500.0
500.0
500.0
500.0
500.0
500.0
500.0
500.0
500.0
500.0
500.0
500.0
500.0
500.0
500.0
500.0
500.0
500.0
500.0
500.0
500.0
476.0
500.0
500.0
500.0
500.0
500.0
500.0
500.0
500.0
500.0
500.0
500.0
500.0
500.0
500.0
500.0
500.0
500.0
500.0
500.0
500.0
500.0
500.0
500.0
500.0
500.0
500.0
500.0
500.0
500.0
500.0
500.0
500.0
500.0
500.0
500.0
500.0
500.0
500.0
500.0
500.0
500.0
500.0
500.0
500.0
500.0
500.0
500.0
500.0
500.0
500.0
500.0
500.0
500.0
500.0
500.0
500.0
500.0
500.0
500.0
500.0
500.0
500.0
500.0
500.0
500.0
500.0
500.0
500.0
500.0
500.0
500.0
500.0
500.0
500.0
500.0
500.0
500.0
500.0
500.0
500.0
500.0
500.0
500.0
500.0
500.0
500.0
500.0
500.0
500.0
500.0
500.0
500.0
500.0
500.0
500.0
500.0
500.0
500.0
500.0
500.0
500.0
500.0
500.0
500.0
500.0
500.0
500.0
500.0
500.0
500.0
500.0
500.0
500.0
500.0
500.0
500.0
500.0
500.0
500.0
500.0
500.0
500.0
500.0
500.0
500.0
500.0
500.0
500.0
500.0
500.0
500.0
500.0
500.0
500.0
500.0
500.0
500.0
500.0
500.0
500.0
500.0
500.0
500.0
500.0
500.0
500.0
500.0
500.0
500.0
500.0
500.0
500.0
500.0
500.0
500.0
500.0
500.0
500.0
500.0
500.0
500.0
500.0
500.0
500.0
500.0
500.0
500.0
500.0
500.0
500.0
500.0
500.0
500.0
500.0
500.0
500.0
500.0
500.0
500.0
500.0
500.0
500.0
500.0
500.0
500.0
500.0
500.0
500.0
493.0
500.0
500.0
431.0
500.0
500.0
500.0
500.0
500.0
500.0
500.0
500.0
500.0
500.0
500.0
500.0
500.0
500.0
500.0
500.0
500.0
500.0
500.0
500.0
500.0
500.0
500.0
500.0
500.0
500.0
500.0
500.0
500.0
500.0
500.0
500.0
500.0
500.0
500.0
500.0
500.0
500.0
500.0
500.0
500.0
500.0
500.0
500.0
500.0
500.0
500.0
500.0
500.0
500.0
500.0
500.0
500.0
500.0
500.0
500.0
500.0
500.0
500.0
500.0
500.0
500.0
500.0
500.0
500.0
500.0
500.0
500.0
500.0
500.0
500.0
500.0
500.0
500.0
500.0
500.0
500.0
500.0
500.0
500.0
500.0
500.0
500.0
500.0
500.0
500.0
500.0
500.0
500.0
500.0
500.0
500.0
500.0
500.0
500.0
500.0
500.0
500.0
500.0
500.0
500.0
500.0
500.0
500.0
500.0
500.0
500.0
500.0
440.0
500.0
500.0
500.0
500.0
500.0
500.0
500.0
500.0
500.0
500.0
500.0
500.0
500.0
500.0
500.0
500.0
500.0
500.0
500.0
500.0
500.0
500.0
500.0
500.0
500.0
500.0
500.0
500.0
500.0
500.0
500.0
500.0
500.0
500.0
500.0
448.0
500.0
500.0
500.0
500.0
500.0
500.0
500.0
500.0
500.0
500.0
500.0
500.0
500.0
500.0
500.0
500.0
500.0
500.0
500.0
500.0
500.0
500.0
500.0
500.0
500.0
500.0
500.0
500.0
500.0
500.0
500.0
500.0
500.0
500.0
500.0
500.0
500.0
500.0
500.0
500.0
500.0
500.0
500.0
500.0
500.0
500.0
500.0
500.0
500.0
500.0
500.0
500.0
500.0
500.0
500.0
500.0
500.0
500.0
500.0
500.0
500.0
500.0
500.0
500.0
500.0
500.0
500.0
500.0
500.0
500.0
500.0
500.0
500.0
500.0
500.0
500.0
500.0
500.0
500.0
500.0
500.0
500.0
500.0
500.0
500.0
500.0
500.0
500.0
500.0
500.0
500.0
500.0
500.0
500.0
500.0
500.0
500.0
500.0
500.0
500.0
500.0
500.0
500.0
500.0
500.0
500.0
500.0
500.0
500.0
500.0
500.0
500.0
500.0
500.0
500.0
500.0
500.0
500.0
500.0
500.0
500.0
500.0
500.0
500.0
500.0
500.0
500.0
500.0
500.0
500.0
500.0
500.0
500.0
500.0
500.0
500.0
500.0
500.0
500.0
500.0
500.0
500.0
500.0
500.0
500.0
500.0
500.0
500.0
500.0
500.0
500.0
500.0
500.0
500.0
500.0
500.0
500.0
500.0
500.0
500.0
500.0
500.0
497.0
500.0
500.0
500.0
500.0
500.0
500.0
500.0
500.0
500.0
500.0
500.0
500.0
500.0
500.0
500.0
500.0
500.0
500.0
500.0
500.0
500.0
500.0
500.0
500.0
500.0
500.0
500.0
500.0
500.0
500.0
500.0
500.0
500.0
500.0
500.0
500.0
500.0
500.0
500.0
500.0
500.0
500.0
500.0
500.0
500.0
500.0
500.0
493.0
500.0
500.0
500.0
500.0
500.0
500.0
500.0
500.0
500.0
500.0
500.0
500.0
500.0
500.0
500.0
500.0
500.0
500.0
500.0
500.0
500.0
500.0
500.0
500.0
500.0
500.0
500.0
500.0
500.0
500.0
500.0
500.0
500.0
500.0
500.0
500.0
500.0
500.0
500.0
500.0
500.0
500.0
500.0
500.0
500.0
500.0
500.0
500.0
500.0
500.0
500.0
500.0
500.0
500.0
500.0
500.0
500.0
500.0
500.0
500.0
500.0
500.0
500.0
500.0
500.0
500.0
500.0
500.0
500.0
500.0
500.0
500.0
500.0
500.0
500.0
500.0
500.0
500.0
500.0
500.0
500.0
500.0
500.0
500.0
500.0
500.0
500.0
500.0
500.0
500.0
500.0
500.0
500.0
500.0
500.0
500.0
500.0
500.0
500.0
500.0
500.0
500.0
500.0
500.0
500.0
500.0
500.0
500.0
500.0
500.0
500.0
500.0
500.0
500.0
500.0
500.0
500.0
500.0
500.0
500.0
500.0
500.0
500.0
500.0
500.0
500.0
500.0
500.0
500.0
500.0
500.0
500.0
500.0
500.0
500.0
500.0
500.0
488.0
474.0
500.0
500.0
500.0
500.0
500.0
500.0
500.0
500.0
500.0
500.0
500.0
500.0
500.0
500.0
500.0
500.0
500.0
500.0
500.0
500.0
500.0
500.0
500.0
500.0
500.0
500.0
500.0
500.0
500.0
500.0
500.0
500.0
500.0
500.0
500.0
500.0
500.0
500.0
500.0
500.0
500.0
500.0
500.0
500.0
500.0
500.0
500.0
500.0
500.0
500.0
500.0
500.0
500.0
500.0
500.0
500.0
500.0
500.0
500.0
500.0
500.0
500.0
500.0
500.0
500.0
500.0
500.0
500.0
500.0
500.0
500.0
500.0
500.0
500.0
500.0
500.0
500.0
500.0
500.0
500.0
500.0
500.0
500.0
500.0
500.0
499.0
500.0
500.0
500.0
500.0
500.0
500.0
500.0
500.0
500.0
500.0
500.0
500.0
500.0
500.0
500.0
500.0
453.0
500.0
500.0
500.0
500.0
500.0
500.0
500.0
500.0
500.0
500.0
500.0
500.0
500.0
500.0
500.0
500.0
500.0
500.0
469.0
500.0
500.0
500.0
500.0
462.0
500.0
461.0
500.0
500.0
500.0
500.0
500.0
500.0
500.0
500.0
500.0
500.0
500.0
500.0
500.0
500.0
500.0
500.0
500.0
500.0
500.0
500.0
500.0
500.0
500.0
500.0
500.0
500.0
500.0
500.0
500.0
500.0
500.0
500.0
500.0
500.0
441.0
500.0
500.0
500.0
500.0
500.0
500.0
500.0
500.0
500.0
500.0
500.0
500.0
500.0
500.0
500.0
500.0
500.0
500.0
500.0
500.0
500.0
500.0
500.0
500.0
500.0
500.0
500.0
491.0
500.0
500.0
500.0
500.0
500.0
500.0
500.0
500.0
500.0
500.0
500.0
500.0
500.0
500.0
500.0
500.0
500.0
500.0
500.0
500.0
500.0
500.0
500.0
500.0
500.0
500.0
500.0
500.0
500.0
500.0
500.0
500.0
500.0
500.0
500.0
500.0
500.0
500.0
500.0
500.0
500.0
500.0
500.0
500.0
500.0
500.0
500.0
500.0
500.0
500.0
500.0
500.0
500.0
500.0
500.0
500.0
500.0
500.0
500.0
500.0
500.0
500.0
500.0
500.0
449.0
466.0
500.0
500.0
500.0
422.0
500.0
500.0
500.0
500.0
500.0
500.0
435.0
500.0
500.0
500.0
500.0
500.0
500.0
500.0
500.0
500.0
500.0
500.0
500.0
500.0
500.0
500.0
500.0
500.0
500.0
500.0
500.0
500.0
500.0
500.0
500.0
500.0
500.0
500.0
500.0
500.0
500.0
500.0
500.0
500.0
500.0
500.0
500.0
500.0
500.0
500.0
500.0
500.0
500.0
500.0
500.0
500.0
500.0
500.0
500.0
500.0
500.0
500.0
500.0
500.0
500.0
500.0
500.0
500.0
500.0
465.0
500.0
500.0
500.0
500.0
500.0
500.0
500.0
500.0
500.0
500.0
500.0
500.0
500.0
500.0
500.0
465.0
500.0
500.0
500.0
500.0
500.0
500.0
383.0
500.0
500.0
500.0
500.0
500.0
500.0
500.0
500.0
500.0
500.0
500.0
500.0
500.0
500.0
500.0
500.0
500.0
500.0
500.0
500.0
500.0
500.0
500.0
500.0
500.0
500.0
500.0
500.0
500.0
500.0
500.0
500.0
500.0
500.0
500.0
500.0
500.0
500.0
500.0
500.0
500.0
500.0
500.0
500.0
500.0
500.0
500.0
500.0
500.0
500.0
500.0
500.0
500.0
500.0
500.0
500.0
500.0
500.0
500.0
500.0
500.0
500.0
500.0
500.0
500.0
500.0
500.0
500.0
500.0
500.0
500.0
500.0
500.0
500.0
500.0
500.0
500.0
500.0
500.0
500.0
500.0
500.0
500.0
500.0
500.0
500.0
500.0
500.0
500.0
500.0
500.0
500.0
500.0
500.0
500.0
500.0
500.0
500.0
500.0
500.0
500.0
500.0
500.0
500.0
500.0
477.0
500.0
500.0
500.0
500.0
500.0
500.0
500.0
500.0
500.0
500.0
500.0
500.0
500.0
500.0
500.0
500.0
500.0
500.0
500.0
500.0
500.0
500.0
500.0
500.0
500.0
500.0
500.0
500.0
500.0
500.0
500.0
500.0
500.0
500.0
500.0
500.0
500.0
500.0
500.0
500.0
500.0
500.0
500.0
500.0
500.0
500.0
500.0
500.0
500.0
500.0
500.0
500.0
500.0
500.0
500.0
500.0
500.0
500.0
500.0
500.0
500.0
500.0
500.0
500.0
500.0
500.0
500.0
500.0
500.0
500.0
500.0
500.0
500.0
500.0
500.0
500.0
500.0
500.0
500.0
500.0
500.0
500.0
500.0
500.0
500.0
500.0
153.0
500.0
500.0
500.0
500.0
500.0
500.0
500.0
500.0
500.0
500.0
500.0
500.0
500.0
500.0
500.0
500.0
500.0
500.0
500.0
500.0
500.0
500.0
500.0
500.0
500.0
500.0
500.0
500.0
500.0
500.0
500.0
500.0
500.0
500.0
500.0
500.0
500.0
500.0
500.0
500.0
500.0
500.0
500.0
500.0
500.0
500.0
500.0
500.0
500.0
500.0
500.0
500.0
500.0
500.0
500.0
500.0
500.0
500.0
500.0
500.0
500.0
500.0
500.0
500.0
500.0
500.0
500.0
500.0
500.0
500.0
500.0
500.0
500.0
500.0
500.0
500.0
500.0
500.0
500.0
500.0
500.0
500.0
500.0
500.0
500.0
500.0
500.0
500.0
500.0
500.0
500.0
500.0
500.0
500.0
490.0
500.0
500.0
500.0
500.0
500.0
500.0
500.0
500.0
500.0
500.0
500.0
500.0
500.0
500.0
500.0
500.0
500.0
500.0
500.0
500.0
500.0
500.0
500.0
500.0
500.0
500.0
500.0
500.0
500.0
500.0
500.0
500.0
500.0
500.0
500.0
500.0
500.0
500.0
500.0
500.0
500.0
500.0
500.0
500.0
500.0
500.0
500.0
500.0
500.0
500.0
500.0
500.0
500.0
500.0
500.0
500.0
500.0
500.0
500.0
500.0
500.0
500.0
500.0
500.0
500.0
500.0
500.0
500.0
500.0
500.0
500.0
500.0
500.0
500.0
500.0
500.0
500.0
500.0
500.0
500.0
500.0
500.0
500.0
500.0
500.0
500.0
500.0
500.0
500.0
500.0
500.0
500.0
500.0
500.0
500.0
500.0
500.0
500.0
500.0
500.0
500.0
500.0
500.0
500.0
500.0
500.0
500.0
455.0
500.0
500.0
500.0
500.0
500.0
500.0
500.0
500.0
500.0
500.0
500.0
500.0
500.0
500.0
500.0
500.0
500.0
500.0
500.0
500.0
500.0
500.0
500.0
500.0
500.0
500.0
500.0
500.0
500.0
500.0
500.0
500.0
500.0
500.0
500.0
500.0
500.0
500.0
500.0
500.0
500.0
500.0
500.0
500.0
500.0
500.0
500.0
500.0
500.0
500.0
500.0
500.0
500.0
500.0
500.0
500.0
500.0
500.0
500.0
500.0
500.0
500.0
500.0
500.0
500.0
500.0
500.0
500.0
500.0
500.0
500.0
500.0
500.0
500.0
500.0
500.0
500.0
500.0
500.0
500.0
500.0
167.0
500.0
500.0
500.0
500.0
500.0
500.0
500.0
500.0
500.0
500.0
495.0
500.0
500.0
500.0
500.0
500.0
500.0
500.0
500.0
500.0
500.0
500.0
500.0
500.0
500.0
500.0
500.0
500.0
500.0
500.0
500.0
500.0
500.0
500.0
500.0
500.0
500.0
500.0
500.0
500.0
500.0
500.0
500.0
500.0
500.0
500.0
500.0
500.0
500.0
500.0
500.0
500.0
500.0
500.0
500.0
500.0
500.0
500.0
500.0
500.0
500.0
500.0
500.0
500.0
500.0
500.0
500.0
500.0
500.0
468.0
500.0
500.0
500.0
500.0
500.0
500.0
500.0
500.0
433.0
500.0
500.0
500.0
500.0
500.0
500.0
500.0
500.0
500.0
500.0
500.0
500.0
500.0
500.0
500.0
500.0
500.0
500.0
500.0
500.0
500.0
500.0
500.0
500.0
435.0
500.0
500.0
500.0
500.0
500.0
500.0
500.0
500.0
500.0
500.0
500.0
500.0
500.0
500.0
500.0
500.0
500.0
500.0
500.0
500.0
500.0
500.0
500.0
500.0
500.0
500.0
500.0
500.0
500.0
500.0
500.0
500.0
500.0
500.0
500.0
500.0
500.0
500.0
500.0
500.0
500.0
123.0
500.0
500.0
500.0
500.0
500.0
500.0
500.0
500.0
500.0
500.0
500.0
500.0
500.0
496.0
500.0
500.0
500.0
500.0
500.0
500.0
500.0
500.0
500.0
500.0
500.0
500.0
500.0
500.0
500.0
500.0
500.0
500.0
500.0
500.0
500.0
500.0
500.0
500.0
500.0
449.0
500.0
500.0
500.0
500.0
500.0
500.0
500.0
500.0
500.0
500.0
500.0
500.0
500.0
500.0
500.0
500.0
500.0
500.0
500.0
500.0
500.0
500.0
500.0
500.0
500.0
500.0
500.0
500.0
500.0
500.0
500.0
500.0
500.0
500.0
500.0
500.0
500.0
500.0
500.0
500.0
500.0
500.0
500.0
500.0
500.0
500.0
500.0
500.0
500.0
500.0
500.0
500.0
500.0
500.0
500.0
500.0
500.0
500.0
500.0
500.0
500.0
500.0
500.0
500.0
500.0
500.0
500.0
500.0
500.0
500.0
500.0
500.0
500.0
500.0
500.0
500.0
500.0
500.0
500.0
500.0
500.0
500.0
500.0
500.0
500.0
500.0
409.0
500.0
500.0
500.0
500.0
500.0
500.0
500.0
500.0
500.0
500.0
500.0
500.0
500.0
500.0
500.0
500.0
500.0
500.0
500.0
500.0
500.0
500.0
500.0
500.0
500.0
500.0
500.0
500.0
500.0
500.0
500.0
500.0
500.0
500.0
500.0
500.0
500.0
500.0
500.0
500.0
500.0
500.0
500.0
500.0
500.0
500.0
500.0
500.0
500.0
500.0
500.0
500.0
500.0
500.0
500.0
500.0
500.0
500.0
500.0
500.0
500.0
500.0
500.0
500.0
500.0
500.0
500.0
500.0
500.0
500.0
500.0
500.0
500.0
500.0
500.0
500.0
500.0
500.0
500.0
500.0
500.0
500.0
500.0
500.0
500.0
500.0
500.0
500.0
500.0
500.0
500.0
500.0
500.0
500.0
500.0
500.0
500.0
500.0
500.0
500.0
500.0
500.0
500.0
500.0
500.0
500.0
500.0
500.0
500.0
500.0
369.0
500.0
493.0
500.0
500.0
500.0
500.0
500.0
500.0
500.0
500.0
500.0
500.0
500.0
500.0
500.0
500.0
500.0
139.0
500.0
500.0
500.0
500.0
500.0
500.0
500.0
500.0
500.0
500.0
500.0
500.0
500.0
500.0
500.0
500.0
500.0
500.0
500.0
500.0
500.0
500.0
500.0
500.0
500.0
500.0
500.0
500.0
500.0
500.0
500.0
500.0
500.0
500.0
500.0
500.0
500.0
500.0
500.0
500.0
500.0
500.0
500.0
500.0
500.0
500.0
500.0
500.0
500.0
500.0
500.0
500.0
500.0
500.0
500.0
500.0
226.0
500.0
500.0
500.0
500.0
500.0
500.0
500.0
500.0
500.0
500.0
500.0
500.0
500.0
500.0
500.0
500.0
500.0
500.0
500.0
500.0
500.0
500.0
500.0
500.0
500.0
500.0
500.0
500.0
500.0
500.0
500.0
500.0
500.0
500.0
500.0
500.0
500.0
500.0
500.0
500.0
500.0
500.0
500.0
500.0
500.0
500.0
500.0
500.0
500.0
500.0
500.0
500.0
500.0
500.0
500.0
500.0
500.0
500.0
500.0
500.0
500.0
500.0
500.0
500.0
500.0
500.0
500.0
500.0
500.0
500.0
500.0
500.0
500.0
500.0
500.0
500.0
500.0
500.0
500.0
500.0
500.0
500.0
500.0
500.0
500.0
500.0
500.0
500.0
500.0
500.0
500.0
500.0
500.0
500.0
500.0
500.0
500.0
500.0
500.0
500.0
500.0
500.0
500.0
500.0
500.0
500.0
500.0
500.0
500.0
500.0
500.0
500.0
500.0
500.0
500.0
500.0
500.0
500.0
500.0
76.0
500.0
500.0
500.0
500.0
500.0
500.0
500.0
500.0
500.0
500.0
500.0
500.0
500.0
500.0
500.0
500.0
500.0
500.0
500.0
500.0
500.0
500.0
500.0
500.0
500.0
500.0
500.0
500.0
500.0
500.0
500.0
500.0
500.0
500.0
500.0
500.0
500.0
500.0
500.0
500.0
500.0
500.0
500.0
500.0
500.0
500.0
500.0
500.0
500.0
500.0
500.0
462.0
500.0
500.0
500.0
500.0
500.0
500.0
500.0
500.0
500.0
500.0
500.0
500.0
500.0
500.0
500.0
500.0
500.0
500.0
500.0
500.0
500.0
500.0
500.0
500.0
500.0
500.0
500.0
500.0
500.0
500.0
500.0
500.0
500.0
500.0
500.0
500.0
500.0
500.0
500.0
500.0
500.0
500.0
500.0
500.0
500.0
500.0
500.0
500.0
500.0
500.0
500.0
500.0
500.0
500.0
500.0
500.0
500.0
500.0
500.0
500.0
500.0
500.0
500.0
500.0
500.0
500.0
500.0
500.0
500.0
500.0
500.0
500.0
500.0
80.0
500.0
500.0
500.0
500.0
500.0
500.0
500.0
500.0
500.0
500.0
500.0
500.0
500.0
500.0
500.0
500.0
500.0
500.0
500.0
500.0
500.0
500.0
500.0
500.0
500.0
500.0
500.0
500.0
500.0
500.0
500.0
500.0
500.0
500.0
500.0
500.0
500.0
500.0
500.0
500.0
500.0
500.0
500.0
500.0
500.0
500.0
500.0
500.0
500.0
500.0
500.0
500.0
500.0
500.0
500.0
500.0
500.0
500.0
500.0
500.0
500.0
500.0
500.0
500.0
500.0
500.0
500.0
500.0
500.0
500.0
500.0
500.0
500.0
500.0
500.0
500.0
500.0
500.0
500.0
500.0
500.0
500.0
500.0
500.0
500.0
500.0
500.0
500.0
500.0
500.0
500.0
500.0
500.0
500.0
500.0
500.0
500.0
500.0
500.0
500.0
500.0
500.0
500.0
500.0
500.0
500.0
500.0
500.0
499.0
500.0
500.0
500.0
500.0
500.0
500.0
500.0
500.0
500.0
500.0
500.0
500.0
500.0
500.0
500.0
500.0
500.0
500.0
500.0
472.0
500.0
500.0
500.0
500.0
500.0
500.0
500.0
500.0
500.0
500.0
500.0
500.0
500.0
500.0
500.0
500.0
500.0
500.0
500.0
500.0
500.0
500.0
500.0
500.0
500.0
500.0
500.0
500.0
500.0
500.0
500.0
500.0
500.0
500.0
500.0
500.0
500.0
500.0
500.0
500.0
491.0
500.0
500.0
500.0
500.0
500.0
500.0
500.0
500.0
500.0
500.0
500.0
500.0
500.0
500.0
500.0
500.0
500.0
500.0
500.0
500.0
500.0
500.0
500.0
500.0
500.0
500.0
500.0
500.0
399.0
500.0
500.0
500.0
500.0
500.0
500.0
500.0
500.0
500.0
500.0
500.0
500.0
500.0
500.0
500.0
500.0
500.0
500.0
500.0
500.0
500.0
500.0
500.0
500.0
500.0
500.0
500.0
500.0
500.0
500.0
500.0
500.0
500.0
500.0
500.0
500.0
500.0
500.0
500.0
500.0
500.0
500.0
479.0
500.0
500.0
456.0
459.0
500.0
500.0
500.0
500.0
500.0
500.0
500.0
500.0
500.0
500.0
500.0
500.0
500.0
500.0
500.0
500.0
500.0
500.0
500.0
500.0
500.0
500.0
500.0
500.0
500.0
500.0
500.0
500.0
500.0
500.0
500.0
500.0
500.0
452.0
500.0
500.0
500.0
500.0
500.0
500.0
500.0
500.0
500.0
500.0
500.0
500.0
500.0
500.0
500.0
500.0
500.0
500.0
500.0
500.0
500.0
500.0
500.0
500.0
500.0
500.0
500.0
500.0
500.0
500.0
500.0
500.0
500.0
500.0
500.0
500.0
500.0
500.0
500.0
500.0
500.0
500.0
500.0
500.0
500.0
500.0
500.0
500.0
500.0
496.0
500.0
500.0
500.0
500.0
500.0
500.0
500.0
500.0
500.0
500.0
500.0
500.0
500.0
500.0
500.0
500.0
500.0
500.0
500.0
500.0
500.0
500.0
500.0
500.0
500.0
500.0
500.0
500.0
500.0
490.0
441.0
500.0
500.0
500.0
500.0
443.0
500.0
500.0
500.0
500.0
500.0
500.0
500.0
500.0
500.0
500.0
500.0
500.0
500.0
500.0
500.0
500.0
500.0
500.0
500.0
500.0
500.0
500.0
500.0
500.0
500.0
500.0
500.0
500.0
500.0
500.0
500.0
500.0
500.0
500.0
500.0
500.0
500.0
500.0
500.0
500.0
500.0
500.0
500.0
500.0
500.0
500.0
500.0
500.0
500.0
500.0
500.0
500.0
500.0
500.0
500.0
500.0
500.0
500.0
500.0
500.0
500.0
500.0
500.0
500.0
461.0
500.0
500.0
500.0
500.0
500.0
500.0
500.0
500.0
500.0
500.0
500.0
500.0
500.0
500.0
500.0
500.0
500.0
486.0
500.0
500.0
500.0
500.0
500.0
500.0
500.0
475.0
500.0
500.0
500.0
500.0
500.0
500.0
500.0
500.0
500.0
500.0
500.0
500.0
500.0
500.0
500.0
500.0
500.0
421.0
500.0
500.0
500.0
500.0
500.0
500.0
500.0
500.0
500.0
500.0
500.0
500.0
500.0
500.0
500.0
500.0
500.0
500.0
500.0
500.0
500.0
500.0
500.0
500.0
500.0
500.0
500.0
500.0
500.0
500.0
500.0
500.0
500.0
500.0
500.0
500.0
500.0
500.0
500.0
500.0
500.0
500.0
500.0
351.0
500.0
500.0
500.0
500.0
500.0
500.0
500.0
500.0
500.0
500.0
500.0
500.0
500.0
500.0
500.0
500.0
500.0
500.0
500.0
500.0
438.0
500.0
500.0
500.0
500.0
500.0
500.0
500.0
500.0
488.0
500.0
500.0
500.0
500.0
500.0
500.0
500.0
500.0
500.0
500.0
500.0
500.0
500.0
500.0
500.0
500.0
500.0
500.0
500.0
500.0
500.0
500.0
500.0
500.0
437.0
500.0
500.0
500.0
500.0
500.0
500.0
500.0
500.0
500.0
500.0
500.0
500.0
500.0
500.0
500.0
500.0
500.0
500.0
500.0
500.0
500.0
500.0
500.0
500.0
500.0
500.0
500.0
500.0
500.0
500.0
500.0
500.0
500.0
500.0
500.0
500.0
500.0
500.0
500.0
500.0
500.0
500.0
500.0
500.0
500.0
500.0
500.0
500.0
500.0
500.0
500.0
500.0
500.0
500.0
500.0
500.0
500.0
500.0
500.0
500.0
500.0
500.0
500.0
500.0
500.0
500.0
500.0
500.0
500.0
500.0
500.0
500.0
500.0
500.0
500.0
500.0
500.0
500.0
500.0
500.0
500.0
500.0
500.0
500.0
500.0
500.0
500.0
500.0
500.0
472.0
500.0
500.0
500.0
500.0
500.0
500.0
500.0
500.0
500.0
500.0
500.0
500.0
500.0
445.0
500.0
500.0
500.0
500.0
500.0
500.0
500.0
500.0
500.0
500.0
500.0
500.0
500.0
500.0
413.0
500.0
500.0
500.0
500.0
500.0
500.0
500.0
500.0
500.0
500.0
500.0
500.0
500.0
500.0
500.0
500.0
500.0
500.0
500.0
500.0
500.0
500.0
500.0
500.0
381.0
500.0
500.0
500.0
500.0
500.0
500.0
500.0
500.0
500.0
500.0
500.0
500.0
500.0
500.0
500.0
500.0
500.0
500.0
500.0
500.0
500.0
434.0
500.0
500.0
500.0
500.0
500.0
500.0
500.0
500.0
500.0
500.0
500.0
500.0
405.0
500.0
500.0
500.0
500.0
500.0
492.0
500.0
500.0
500.0
500.0
500.0
500.0
500.0
500.0
500.0
500.0
500.0
500.0
500.0
500.0
500.0
500.0
500.0
500.0
500.0
500.0
500.0
500.0
500.0
500.0
500.0
500.0
500.0
500.0
500.0
492.0
500.0
500.0
500.0
500.0
500.0
500.0
500.0
500.0
500.0
500.0
500.0
500.0
500.0
500.0
82.0
500.0
500.0
500.0
500.0
500.0
500.0
500.0
500.0
500.0
500.0
500.0
500.0
500.0
500.0
500.0
500.0
500.0
500.0
500.0
500.0
500.0
500.0
500.0
500.0
500.0
500.0
500.0
500.0
500.0
500.0
500.0
500.0
500.0
500.0
500.0
500.0
500.0
500.0
414.0
500.0
500.0
500.0
500.0
500.0
500.0
500.0
500.0
500.0
500.0
500.0
500.0
500.0
500.0
500.0
500.0
500.0
500.0
500.0
500.0
500.0
500.0
500.0
500.0
500.0
500.0
500.0
437.0
500.0
500.0
500.0
500.0
500.0
500.0
500.0
500.0
500.0
500.0
500.0
500.0
500.0
500.0
500.0
500.0
500.0
500.0
500.0
500.0
500.0
500.0
500.0
500.0
500.0
500.0
500.0
500.0
500.0
500.0
500.0
500.0
500.0
500.0
500.0
500.0
500.0
500.0
500.0
500.0
500.0
500.0
500.0
500.0
500.0
500.0
500.0
442.0
500.0
500.0
500.0
500.0
500.0
500.0
500.0
500.0
500.0
500.0
500.0
500.0
500.0
500.0
500.0
500.0
500.0
500.0
500.0
500.0
500.0
500.0
500.0
500.0
500.0
500.0
500.0
500.0
500.0
500.0
500.0
500.0
500.0
500.0
500.0
500.0
500.0
500.0
500.0
500.0
500.0
500.0
500.0
500.0
500.0
500.0
500.0
500.0
500.0
500.0
500.0
500.0
500.0
480.0
500.0
500.0
500.0
500.0
500.0
500.0
500.0
500.0
500.0
500.0
500.0
500.0
500.0
500.0
500.0
500.0
500.0
500.0
500.0
500.0
500.0
500.0
500.0
500.0
500.0
500.0
500.0
500.0
500.0
500.0
500.0
500.0
500.0
500.0
500.0
500.0
500.0
500.0
500.0
500.0
500.0
500.0
500.0
500.0
500.0
500.0
500.0
500.0
500.0
500.0
500.0
500.0
500.0
500.0
500.0
500.0
500.0
500.0
500.0
500.0
500.0
500.0
500.0
500.0
500.0
500.0
500.0
500.0
500.0
500.0
500.0
500.0
500.0
500.0
500.0
500.0
500.0
500.0
500.0
500.0
500.0
500.0
500.0
500.0
500.0
500.0
500.0
500.0
500.0
500.0
500.0
500.0
500.0
500.0
500.0
500.0
500.0
500.0
500.0
500.0
500.0
500.0
500.0
500.0
500.0
500.0
500.0
500.0
500.0
500.0
500.0
500.0
500.0
500.0
500.0
500.0
500.0
500.0
500.0
500.0
500.0
500.0
500.0
500.0
500.0
500.0
500.0
500.0
500.0
500.0
500.0
500.0
500.0
500.0
500.0
500.0
500.0
500.0
500.0
465.0
441.0
500.0
500.0
500.0
500.0
500.0
500.0
480.0
328.0
500.0
500.0
492.0
481.0
500.0
360.0
500.0
419.0
85.0
486.0
494.0
455.0
500.0
500.0
500.0
500.0
500.0
500.0
500.0
500.0
500.0
500.0
498.0
478.0
500.0
500.0
500.0
80.0
500.0
500.0
500.0
500.0
457.0
470.0
500.0
259.0
498.0
500.0
456.0
500.0
500.0
500.0
500.0
500.0
500.0
472.0
500.0
500.0
484.0
492.0
466.0
500.0
142.0
500.0
500.0
494.0
500.0
500.0
500.0
500.0
500.0
500.0
116.0
115.0
500.0
500.0
82.0
500.0
500.0
500.0
500.0
102.0
500.0
500.0
500.0
500.0
464.0
473.0
108.0
500.0
479.0
500.0
448.0
500.0
500.0
205.0
500.0
500.0
500.0
500.0
489.0
500.0
81.0
464.0
500.0
500.0
500.0
500.0
500.0
500.0
500.0
500.0
500.0
109.0
500.0
500.0
500.0
500.0
500.0
493.0
500.0
500.0
500.0
500.0
500.0
500.0
500.0
500.0
500.0
466.0
500.0
500.0
500.0
500.0
500.0
500.0
487.0
500.0
500.0
490.0
500.0
500.0
500.0
148.0
500.0
493.0
236.0
129.0
500.0
500.0
491.0
500.0
497.0
500.0
190.0
500.0
97.0
500.0
500.0
446.0
500.0
500.0
500.0
500.0
500.0
442.0
500.0
494.0
500.0
85.0
163.0
130.0
482.0
500.0
500.0
455.0
492.0
500.0
500.0
500.0
500.0
500.0
500.0
500.0
500.0
500.0
500.0
492.0
500.0
500.0
274.0
500.0
500.0
500.0
224.0
211.0
500.0
168.0
230.0
91.0
111.0
89.0
157.0
250.0
115.0
500.0
192.0
500.0
500.0
500.0
264.0
424.0
500.0
294.0
500.0
235.0
159.0
500.0
500.0
280.0
500.0
500.0
500.0
500.0
255.0
500.0
228.0
500.0
500.0
420.0
500.0
500.0
500.0
254.0
176.0
164.0
60.0
231.0
136.0
76.0
89.0
255.0
76.0
192.0
74.0
89.0
169.0
162.0
348.0
313.0
66.0
80.0
428.0
496.0
500.0
131.0
500.0
500.0
179.0
346.0
448.0
500.0
97.0
105.0
155.0
95.0
237.0
192.0
287.0
131.0
197.0
213.0
201.0
262.0
186.0
234.0
201.0
385.0
200.0
173.0
223.0
262.0
379.0
334.0
500.0
114.0
500.0
275.0
428.0
285.0
500.0
500.0
500.0
354.0
500.0
408.0
287.0
426.0
488.0
500.0
226.0
500.0
500.0
500.0
406.0
500.0
331.0
313.0
500.0
500.0
290.0
457.0
286.0
192.0
500.0
500.0
208.0
76.0
500.0
500.0
500.0
500.0
500.0
500.0
500.0
500.0
500.0
500.0
359.0
415.0
500.0
500.0
290.0
500.0
480.0
500.0
500.0
500.0
436.0
180.0
208.0
500.0
176.0
258.0
198.0
260.0
100.0
186.0
332.0
356.0
208.0
152.0
326.0
300.0
212.0
286.0
147.0
204.0
270.0
187.0
253.0
208.0
182.0
274.0
227.0
162.0
183.0
196.0
219.0
228.0
175.0
169.0
200.0
203.0
210.0
226.0
198.0
166.0
191.0
226.0
208.0
161.0
222.0
337.0
256.0
242.0
185.0
256.0
254.0
252.0
152.0
279.0
196.0
238.0
230.0
275.0
276.0
162.0
186.0
262.0
219.0
245.0
206.0
146.0
219.0
212.0
294.0
214.0
176.0
257.0
283.0
254.0
308.0
265.0
322.0
299.0
178.0
312.0
218.0
260.0
249.0
399.0
299.0
237.0
203.0
289.0
95.0
188.0
203.0
169.0
209.0
154.0
263.0
235.0
381.0
195.0
230.0
255.0
183.0
230.0
262.0
247.0
271.0
232.0
162.0
264.0
252.0
280.0
263.0
159.0
203.0
196.0
219.0
253.0
149.0
211.0
306.0
175.0
313.0
203.0
265.0
185.0
204.0
308.0
211.0
385.0
253.0
265.0
367.0
203.0
286.0
161.0
82.0
259.0
238.0
288.0
244.0
208.0
268.0
233.0
184.0
200.0
282.0
196.0
263.0
226.0
186.0
329.0
193.0
230.0
270.0
297.0
267.0
219.0
500.0
500.0
192.0
260.0
153.0
300.0
203.0
123.0
197.0
156.0
318.0
154.0
180.0
216.0
218.0
188.0
167.0
194.0
196.0
202.0
188.0
186.0
251.0
158.0
199.0
238.0
116.0
207.0
385.0
414.0
181.0
311.0
374.0
296.0
409.0
156.0
210.0
170.0
191.0
145.0
133.0
215.0
194.0
226.0
133.0
198.0
243.0
176.0
141.0
156.0
285.0
110.0
285.0
153.0
190.0
160.0
209.0
355.0
334.0
200.0
281.0
138.0
147.0
200.0
325.0
162.0
273.0
364.0
163.0
251.0
269.0
329.0
175.0
111.0
143.0
111.0
213.0
127.0
203.0
141.0
157.0
316.0
112.0
183.0
179.0
223.0
207.0
212.0
224.0
257.0
268.0
231.0
323.0
209.0
179.0
195.0
270.0
277.0
161.0
143.0
181.0
143.0
166.0
123.0
210.0
239.0
104.0
107.0
227.0
299.0
191.0
113.0
229.0
271.0
196.0
135.0
328.0
153.0
230.0
138.0
213.0
169.0
211.0
191.0
167.0
184.0
257.0
271.0
121.0
295.0
246.0
177.0
215.0
251.0
174.0
127.0
224.0
150.0
158.0
244.0
205.0
186.0
298.0
187.0
160.0
190.0
275.0
231.0
123.0
129.0
141.0
192.0
197.0
219.0
140.0
321.0
243.0
112.0
228.0
147.0
232.0
232.0
256.0
357.0
243.0
182.0
136.0
242.0
207.0
158.0
112.0
287.0
268.0
154.0
239.0
170.0
271.0
314.0
166.0
254.0
262.0
215.0
233.0
128.0
202.0
165.0
195.0
177.0
162.0
292.0
269.0
267.0
302.0
142.0
249.0
231.0
204.0
165.0
259.0
211.0
220.0
293.0
134.0
169.0
183.0
168.0
130.0
134.0
208.0
250.0
118.0
242.0
194.0
319.0
127.0
262.0
216.0
254.0
232.0
257.0
119.0
221.0
257.0
177.0
202.0
268.0
366.0
252.0
191.0
210.0
218.0
338.0
291.0
210.0
196.0
208.0
113.0
100.0
152.0
187.0
206.0
320.0
235.0
197.0
282.0
225.0
250.0
240.0
137.0
301.0
249.0
301.0
239.0
196.0
286.0
228.0
314.0
174.0
171.0
265.0
384.0
164.0
237.0
145.0
194.0
281.0
182.0
187.0
149.0
184.0
124.0
228.0
232.0
185.0
188.0
168.0
196.0
238.0
144.0
144.0
180.0
258.0
233.0
245.0
215.0
227.0
148.0
127.0
361.0
150.0
124.0
395.0
226.0
300.0
242.0
175.0
280.0
155.0
261.0
138.0
287.0
192.0
225.0
339.0
250.0
398.0
321.0
241.0
231.0
371.0
132.0
304.0
252.0
221.0
184.0
182.0
204.0
170.0
272.0
242.0
329.0
226.0
179.0
235.0
255.0
266.0
121.0
193.0
187.0
238.0
248.0
338.0
116.0
187.0
146.0
186.0
132.0
164.0
195.0
189.0
137.0
236.0
187.0
226.0
159.0
247.0
323.0
255.0
144.0
179.0
166.0
312.0
253.0
191.0
141.0
178.0
317.0
199.0
151.0
206.0
301.0
286.0
168.0
196.0
165.0
227.0
163.0
346.0
184.0
200.0
166.0
158.0
368.0
210.0
252.0
239.0
235.0
271.0
214.0
161.0
238.0
277.0
134.0
257.0
173.0
156.0
213.0
248.0
178.0
211.0
253.0
212.0
245.0
148.0
268.0
218.0
230.0
300.0
214.0
219.0
212.0
135.0
254.0
260.0
177.0
152.0
254.0
239.0
298.0
179.0
236.0
163.0
162.0
289.0
235.0
237.0
161.0
151.0
210.0
236.0
273.0
180.0
257.0
195.0
112.0
262.0
318.0
127.0
243.0
215.0
363.0
206.0
168.0
259.0
119.0
268.0
177.0
115.0
127.0
190.0
286.0
194.0
258.0
213.0
110.0
251.0
209.0
269.0
182.0
272.0
220.0
325.0
129.0
171.0
302.0
253.0
203.0
142.0
167.0
133.0
356.0
169.0
216.0
212.0
207.0
249.0
352.0
200.0
165.0
211.0
254.0
213.0
257.0
170.0
259.0
143.0
217.0
144.0
220.0
130.0
145.0
257.0
200.0
149.0
79.0
240.0
373.0
306.0
135.0
145.0
170.0
176.0
218.0
212.0
168.0
173.0
154.0
110.0
196.0
263.0
327.0
181.0
298.0
126.0
157.0
184.0
372.0
235.0
169.0
107.0
190.0
101.0
171.0
250.0
124.0
193.0
236.0
181.0
223.0
111.0
139.0
297.0
181.0
250.0
196.0
292.0
144.0
228.0
278.0
151.0
178.0
182.0
202.0
209.0
135.0
157.0
211.0
247.0
189.0
97.0
187.0
107.0
213.0
107.0
137.0
190.0
260.0
226.0
245.0
197.0
199.0
132.0
262.0
146.0
156.0
167.0
238.0
200.0
209.0
223.0
141.0
128.0
277.0
240.0
122.0
296.0
194.0
180.0
266.0
266.0
151.0
231.0
196.0
187.0
176.0
414.0
142.0
253.0
100.0
132.0
168.0
131.0
172.0
192.0
277.0
231.0
250.0
214.0
171.0
114.0
185.0
300.0
254.0
216.0
214.0
173.0
223.0
107.0
311.0
95.0
97.0
186.0
114.0
259.0
170.0
129.0
102.0
213.0
186.0
159.0
133.0
219.0
275.0
163.0
136.0
227.0
180.0
125.0
241.0
175.0
79.0
143.0
126.0
163.0
167.0
238.0
306.0
314.0
379.0
119.0
386.0
389.0
189.0
293.0
346.0
400.0
500.0
91.0
126.0
346.0
133.0
113.0
106.0
163.0
286.0
108.0
80.0
175.0
264.0
253.0
169.0
442.0
197.0
308.0
411.0
445.0
300.0
418.0
342.0
340.0
371.0
465.0
389.0
222.0
369.0
241.0
188.0
173.0
149.0
168.0
126.0
163.0
417.0
217.0
228.0
81.0
64.0
104.0
121.0
235.0
176.0
70.0
194.0
158.0
116.0
252.0
158.0
56.0
76.0
155.0
62.0
337.0
56.0
231.0
130.0
127.0
209.0
200.0
46.0
120.0
82.0
107.0
97.0
134.0
113.0
91.0
46.0
58.0
55.0
48.0
88.0
38.0
53.0
93.0
73.0
104.0
117.0
369.0
78.0
45.0
117.0
84.0
96.0
93.0
54.0
55.0
61.0
70.0
62.0
30.0
71.0
88.0
84.0
24.0
179.0
94.0
86.0
82.0
208.0
92.0
100.0
358.0
369.0
48.0
500.0
369.0
72.0
48.0
365.0
352.0
40.0
90.0
500.0
381.0
35.0
38.0
74.0
433.0
500.0
203.0
500.0
397.0
500.0
403.0
286.0
196.0
382.0
500.0
302.0
290.0
404.0
500.0
465.0
185.0
500.0
269.0
68.0
424.0
500.0
500.0
500.0
500.0
500.0
422.0
401.0
73.0
500.0
474.0
260.0
220.0
414.0
464.0
214.0
34.0
24.0
221.0
271.0
225.0
291.0
324.0
213.0
65.0
400.0
50.0
201.0
269.0
373.0
209.0
220.0
485.0
409.0
338.0
500.0
500.0
203.0
55.0
159.0
471.0
36.0
500.0
500.0
436.0
448.0
456.0
500.0
19.0
325.0
305.0
179.0
111.0
49.0
76.0
275.0
217.0
117.0
235.0
500.0
500.0
145.0
14.0
84.0
295.0
154.0
25.0
134.0
293.0
206.0
32.0
281.0
422.0
312.0
223.0
73.0
61.0
65.0
73.0
29.0
31.0
37.0
172.0
38.0
178.0
136.0
117.0
302.0
108.0
332.0
35.0
112.0
60.0
27.0
43.0
137.0
41.0
33.0
226.0
40.0
224.0
38.0
24.0
29.0
31.0
389.0
34.0
93.0
46.0
33.0
43.0
97.0
182.0
129.0
31.0
26.0
43.0
128.0
44.0
41.0
30.0
150.0
42.0
30.0
18.0
143.0
37.0
88.0
500.0
102.0
500.0
16.0
35.0
19.0
283.0
271.0
30.0
25.0
31.0
473.0
19.0
500.0
20.0
500.0
25.0
20.0
235.0
21.0
500.0
193.0
29.0
352.0
500.0
24.0
500.0
398.0
382.0
94.0
81.0
58.0
268.0
134.0
14.0
306.0
133.0
319.0
192.0
138.0
260.0
23.0
14.0
149.0
267.0
299.0
215.0
449.0
104.0
173.0
189.0
283.0
196.0
172.0
331.0
259.0
114.0
269.0
86.0
259.0
243.0
108.0
214.0
75.0
228.0
179.0
84.0
207.0
84.0
54.0
63.0
329.0
89.0
66.0
134.0
205.0
132.0
188.0
286.0
99.0
86.0
70.0
148.0
173.0
53.0
162.0
500.0
288.0
316.0
237.0
211.0
88.0
11.0
90.0
291.0
222.0
23.0
300.0
101.0
77.0
186.0
90.0
224.0
170.0
87.0
157.0
413.0
214.0
192.0
272.0
107.0
179.0
415.0
73.0
182.0
248.0
81.0
190.0
155.0
376.0
322.0
52.0
40.0
155.0
182.0
45.0
11.0
134.0
230.0
323.0
60.0
193.0
186.0
53.0
54.0
12.0
11.0
111.0
241.0
65.0
167.0
146.0
128.0
164.0
167.0
471.0
203.0
160.0
262.0
112.0
215.0
500.0
161.0
211.0
181.0
419.0
160.0
125.0
259.0
143.0
308.0
149.0
110.0
315.0
197.0
372.0
402.0
229.0
166.0
236.0
171.0
195.0
183.0
500.0
153.0
182.0
222.0
154.0
76.0
187.0
12.0
77.0
278.0
186.0
363.0
500.0
273.0
488.0
500.0
203.0
286.0
289.0
151.0
500.0
174.0
206.0
169.0
80.0
148.0
274.0
263.0
99.0
145.0
367.0
214.0
180.0
157.0
137.0
151.0
186.0
174.0
166.0
127.0
160.0
244.0
161.0
110.0
388.0
224.0
98.0
179.0
213.0
139.0
175.0
339.0
44.0
128.0
160.0
209.0
190.0
161.0
189.0
260.0
230.0
246.0
425.0
152.0
96.0
301.0
286.0
84.0
500.0
240.0
229.0
214.0
247.0
300.0
57.0
107.0
259.0
245.0
224.0
115.0
127.0
206.0
134.0
167.0
214.0
294.0
187.0
115.0
380.0
298.0
96.0
168.0
87.0
74.0
304.0
127.0
84.0
133.0
244.0
102.0
80.0
80.0
80.0
204.0
125.0
214.0
96.0
91.0
174.0
27.0
67.0
85.0
198.0
401.0
108.0
175.0
177.0
143.0
220.0
116.0
36.0
183.0
145.0
142.0
254.0
500.0
429.0
358.0
222.0
325.0
301.0
183.0
107.0
213.0
130.0
38.0
97.0
179.0
129.0
58.0
77.0
127.0
101.0
82.0
102.0
87.0
68.0
176.0
97.0
231.0
131.0
186.0
90.0
96.0
45.0
339.0
86.0
107.0
127.0
137.0
180.0
40.0
211.0
141.0
42.0
126.0
56.0
76.0
58.0
122.0
222.0
84.0
63.0
61.0
288.0
360.0
238.0
210.0
262.0
243.0
97.0
117.0
128.0
90.0
112.0
116.0
59.0
70.0
152.0
219.0
141.0
53.0
63.0
57.0
182.0
69.0
84.0
176.0
62.0
153.0
156.0
224.0
79.0
113.0
84.0
51.0
120.0
48.0
58.0
233.0
105.0
232.0
257.0
325.0
63.0
58.0
52.0
73.0
59.0
90.0
256.0
62.0
252.0
296.0
136.0
104.0
178.0
184.0
290.0
85.0
363.0
53.0
140.0
101.0
95.0
54.0
312.0
169.0
256.0
211.0
58.0
148.0
103.0
150.0
118.0
104.0
225.0
143.0
178.0
500.0
66.0
119.0
68.0
97.0
167.0
197.0
285.0
296.0
196.0
296.0
160.0
66.0
129.0
141.0
183.0
71.0
63.0
84.0
91.0
63.0
235.0
69.0
152.0
68.0
128.0
47.0
180.0
104.0
49.0
230.0
49.0
39.0
83.0
129.0
77.0
72.0
190.0
344.0
79.0
70.0
153.0
37.0
64.0
51.0
101.0
198.0
273.0
287.0
95.0
137.0
187.0
166.0
113.0
78.0
335.0
173.0
63.0
82.0
36.0
137.0
170.0
210.0
226.0
111.0
316.0
202.0
191.0
76.0
254.0
309.0
34.0
100.0
168.0
85.0
98.0
293.0
179.0
66.0
178.0
87.0
284.0
141.0
113.0
81.0
184.0
137.0
106.0
113.0
76.0
125.0
141.0
204.0
98.0
115.0
110.0
111.0
113.0
217.0
71.0
213.0
162.0
105.0
100.0
69.0
143.0
78.0
172.0
194.0
160.0
27.0
116.0
310.0
195.0
111.0
78.0
124.0
238.0
103.0
88.0
108.0
58.0
67.0
88.0
97.0
88.0
107.0
195.0
151.0
116.0
80.0
140.0
63.0
146.0
71.0
74.0
82.0
67.0
102.0
228.0
55.0
52.0
61.0
86.0
180.0
138.0
142.0
40.0
73.0
126.0
79.0
54.0
27.0
48.0
62.0
27.0
45.0
29.0
129.0
35.0
43.0
55.0
122.0
146.0
53.0
37.0
70.0
133.0
112.0
115.0
161.0
198.0
199.0
93.0
124.0
86.0
245.0
46.0
122.0
129.0
98.0
200.0
84.0
109.0
107.0
86.0
143.0
278.0
102.0
98.0
126.0
105.0
77.0
168.0
114.0
105.0
125.0
57.0
108.0
118.0
51.0
107.0
279.0
193.0
113.0
291.0
207.0
137.0
81.0
156.0
108.0
115.0
112.0
55.0
232.0
177.0
103.0
105.0
99.0
49.0
100.0
155.0
115.0
242.0
110.0
123.0
94.0
279.0
215.0
101.0
103.0
98.0
103.0
95.0
85.0
96.0
109.0
79.0
46.0
129.0
101.0
89.0
78.0
216.0
47.0
92.0
103.0
171.0
104.0
112.0
154.0
90.0
164.0
114.0
96.0
154.0
215.0
235.0
106.0
97.0
97.0
45.0
214.0
134.0
162.0
110.0
207.0
114.0
123.0
95.0
184.0
113.0
120.0
176.0
101.0
110.0
99.0
105.0
97.0
132.0
137.0
135.0
155.0
134.0
106.0
97.0
135.0
242.0
105.0
118.0
96.0
86.0
219.0
227.0
106.0
104.0
278.0
98.0
133.0
151.0
121.0
168.0
101.0
95.0
119.0
116.0
85.0
111.0
71.0
40.0
126.0
94.0
115.0
122.0
228.0
72.0
109.0
102.0
117.0
43.0
186.0
211.0
184.0
107.0
114.0
98.0
50.0
129.0
103.0
91.0
84.0
101.0
72.0
55.0
107.0
88.0
36.0
134.0
122.0
59.0
94.0
184.0
81.0
73.0
76.0
103.0
123.0
90.0
77.0
84.0
115.0
164.0
183.0
109.0
139.0
123.0
78.0
112.0
124.0
85.0
106.0
217.0
120.0
121.0
391.0
160.0
101.0
107.0
102.0
90.0
89.0
106.0
104.0
95.0
85.0
86.0
81.0
199.0
146.0
147.0
83.0
171.0
158.0
91.0
144.0
98.0
87.0
315.0
80.0
74.0
38.0
90.0
128.0
78.0
120.0
82.0
71.0
74.0
88.0
90.0
88.0
114.0
71.0
92.0
74.0
165.0
83.0
80.0
183.0
88.0
151.0
113.0
111.0
112.0
88.0
137.0
101.0
95.0
186.0
174.0
98.0
87.0
115.0
98.0
101.0
113.0
100.0
131.0
195.0
94.0
109.0
176.0
249.0
186.0
113.0
110.0
156.0
204.0
270.0
149.0
96.0
72.0
105.0
84.0
95.0
118.0
83.0
57.0
63.0
94.0
76.0
164.0
53.0
57.0
108.0
156.0
164.0
136.0
100.0
102.0
112.0
97.0
186.0
125.0
151.0
105.0
46.0
89.0
114.0
115.0
128.0
51.0
102.0
137.0
181.0
109.0
127.0
76.0
124.0
214.0
94.0
119.0
216.0
115.0
114.0
48.0
113.0
101.0
271.0
168.0
94.0
104.0
149.0
124.0
124.0
114.0
125.0
132.0
87.0
81.0
57.0
60.0
57.0
120.0
66.0
321.0
276.0
98.0
61.0
289.0
161.0
100.0
127.0
91.0
194.0
310.0
72.0
112.0
75.0
110.0
71.0
201.0
72.0
75.0
482.0
87.0
181.0
136.0
179.0
183.0
79.0
67.0
178.0
105.0
170.0
66.0
60.0
85.0
212.0
106.0
165.0
124.0
81.0
191.0
148.0
221.0
55.0
334.0
196.0
47.0
319.0
192.0
199.0
175.0
173.0
223.0
195.0
156.0
198.0
207.0
200.0
332.0
183.0
147.0
201.0
236.0
184.0
228.0
193.0
214.0
216.0
135.0
193.0
352.0
215.0
251.0
211.0
185.0
203.0
201.0
144.0
191.0
185.0
198.0
175.0
53.0
317.0
216.0
339.0
148.0
140.0
249.0
191.0
51.0
137.0
177.0
265.0
169.0
210.0
196.0
194.0
84.0
205.0
219.0
216.0
196.0
182.0
318.0
191.0
107.0
155.0
118.0
335.0
257.0
192.0
244.0
190.0
172.0
180.0
307.0
185.0
246.0
173.0
185.0
311.0
181.0
280.0
172.0
286.0
208.0
191.0
311.0
184.0
288.0
177.0
376.0
240.0
186.0
134.0
144.0
179.0
237.0
145.0
217.0
341.0
223.0
346.0
148.0
246.0
136.0
202.0
278.0
167.0
175.0
155.0
176.0
277.0
207.0
217.0
216.0
171.0
199.0
197.0
265.0
229.0
281.0
230.0
231.0
98.0
179.0
136.0
257.0
204.0
181.0
142.0
194.0
258.0
281.0
312.0
158.0
211.0
214.0
137.0
246.0
199.0
229.0
231.0
109.0
137.0
141.0
214.0
175.0
239.0
199.0
151.0
224.0
169.0
180.0
152.0
157.0
157.0
223.0
314.0
246.0
186.0
139.0
159.0
156.0
188.0
169.0
205.0
161.0
171.0
153.0
184.0
170.0
202.0
188.0
240.0
352.0
186.0
200.0
181.0
377.0
263.0
166.0
131.0
140.0
154.0
242.0
252.0
168.0
231.0
220.0
287.0
228.0
124.0
233.0
128.0
189.0
276.0
299.0
280.0
292.0
233.0
296.0
213.0
132.0
189.0
110.0
125.0
329.0
330.0
143.0
272.0
189.0
359.0
153.0
135.0
247.0
165.0
135.0
203.0
135.0
174.0
165.0
247.0
129.0
174.0
142.0
133.0
207.0
185.0
138.0
218.0
137.0
146.0
124.0
122.0
151.0
136.0
113.0
173.0
285.0
167.0
157.0
199.0
139.0
125.0
236.0
308.0
172.0
142.0
126.0
129.0
216.0
243.0
193.0
188.0
130.0
290.0
182.0
282.0
135.0
171.0
180.0
193.0
152.0
194.0
134.0
236.0
256.0
116.0
130.0
168.0
169.0
136.0
178.0
142.0
192.0
255.0
157.0
232.0
148.0
189.0
192.0
252.0
240.0
243.0
210.0
168.0
171.0
165.0
237.0
146.0
188.0
200.0
184.0
127.0
198.0
223.0
200.0
194.0
181.0
301.0
182.0
153.0
137.0
171.0
257.0
177.0
180.0
178.0
171.0
228.0
235.0
197.0
146.0
191.0
172.0
346.0
181.0
156.0
400.0
200.0
234.0
217.0
213.0
207.0
128.0
209.0
140.0
13.0
154.0
277.0
268.0
269.0
217.0
186.0
211.0
132.0
205.0
207.0
162.0
203.0
337.0
199.0
223.0
316.0
206.0
186.0
150.0
206.0
280.0
187.0
174.0
166.0
184.0
159.0
193.0
273.0
223.0
227.0
222.0
255.0
173.0
260.0
234.0
215.0
220.0
34.0
250.0
193.0
195.0
171.0
171.0
360.0
249.0
135.0
192.0
190.0
221.0
205.0
275.0
149.0
276.0
163.0
165.0
203.0
278.0
227.0
207.0
315.0
232.0
221.0
157.0
136.0
300.0
295.0
198.0
181.0
138.0
243.0
148.0
24.0
203.0
500.0
236.0
126.0
146.0
262.0
327.0
254.0
129.0
343.0
128.0
197.0
499.0
154.0
142.0
220.0
246.0
374.0
190.0
206.0
157.0
138.0
116.0
305.0
206.0
450.0
124.0
200.0
276.0
344.0
15.0
199.0
137.0
331.0
362.0
117.0
334.0
190.0
352.0
244.0
350.0
191.0
141.0
270.0
306.0
285.0
309.0
357.0
229.0
212.0
315.0
263.0
265.0
217.0
429.0
500.0
361.0
265.0
290.0
210.0
248.0
250.0
225.0
311.0
222.0
387.0
155.0
288.0
359.0
172.0
217.0
263.0
398.0
261.0
301.0
325.0
184.0
214.0
238.0
371.0
186.0
187.0
198.0
192.0
214.0
262.0
286.0
311.0
308.0
172.0
191.0
207.0
231.0
173.0
241.0
113.0
175.0
315.0
185.0
185.0
199.0
123.0
58.0
47.0
235.0
220.0
183.0
182.0
205.0
292.0
268.0
291.0
205.0
35.0
233.0
238.0
373.0
242.0
162.0
35.0
196.0
227.0
239.0
291.0
420.0
214.0
65.0
283.0
189.0
238.0
228.0
217.0
235.0
226.0
185.0
228.0
175.0
170.0
275.0
393.0
29.0
189.0
213.0
236.0
298.0
150.0
207.0
241.0
22.0
178.0
231.0
347.0
234.0
224.0
167.0
213.0
181.0
292.0
362.0
223.0
329.0
232.0
207.0
102.0
326.0
275.0
426.0
500.0
389.0
500.0
276.0
370.0
432.0
348.0
123.0
306.0
267.0
275.0
148.0
214.0
185.0
248.0
245.0
223.0
276.0
118.0
231.0
144.0
367.0
478.0
482.0
298.0
468.0
213.0
161.0
235.0
500.0
207.0
419.0
298.0
306.0
324.0
500.0
342.0
274.0
408.0
500.0
500.0
375.0
448.0
500.0
254.0
500.0
211.0
144.0
287.0
500.0
500.0
390.0
241.0
500.0
156.0
349.0
339.0
82.0
442.0
281.0
378.0
96.0
88.0
246.0
500.0
410.0
242.0
267.0
284.0
99.0
344.0
33.0
462.0
338.0
263.0
292.0
324.0
270.0
317.0
500.0
232.0
48.0
87.0
165.0
248.0
500.0
146.0
106.0
100.0
464.0
350.0
276.0
173.0
83.0
280.0
176.0
190.0
119.0
30.0
304.0
31.0
89.0
53.0
186.0
161.0
207.0
27.0
329.0
113.0
150.0
41.0
219.0
153.0
130.0
79.0
244.0
420.0
177.0
186.0
159.0
174.0
222.0
201.0
240.0
147.0
150.0
332.0
112.0
108.0
40.0
272.0
35.0
246.0
324.0
257.0
112.0
108.0
115.0
122.0
145.0
101.0
174.0
10.0
124.0
500.0
302.0
433.0
41.0
41.0
123.0
11.0
100.0
500.0
17.0
500.0
22.0
500.0
500.0
500.0
500.0
500.0
500.0
12.0
75.0
500.0
500.0
500.0
500.0
500.0
46.0
500.0
500.0
500.0
500.0
500.0
500.0
500.0
500.0
500.0
500.0
500.0
97.0
12.0
500.0
500.0
500.0
86.0
84.0
500.0
500.0
500.0
500.0
500.0
215.0
500.0
500.0
192.0
12.0
500.0
500.0
500.0
500.0
500.0
500.0
500.0
500.0
500.0
500.0
16.0
500.0
500.0
16.0
500.0
500.0
500.0
500.0
500.0
500.0
500.0
500.0
500.0
500.0
500.0
133.0
500.0
500.0
500.0
500.0
500.0
500.0
500.0
276.0
500.0
500.0
82.0
500.0
500.0
500.0
500.0
500.0
500.0
500.0
500.0
500.0
500.0
500.0
500.0
500.0
500.0
500.0
500.0
500.0
197.0
500.0
500.0
292.0
377.0
500.0
500.0
500.0
500.0
500.0
500.0
500.0
500.0
500.0
239.0
500.0
500.0
500.0
500.0
120.0
500.0
500.0
500.0
500.0
500.0
500.0
500.0
500.0
500.0
500.0
318.0
118.0
500.0
500.0
500.0
500.0
500.0
500.0
500.0
500.0
500.0
500.0
500.0
500.0
500.0
500.0
500.0
500.0
500.0
119.0
500.0
500.0
500.0
500.0
500.0
500.0
500.0
500.0
500.0
500.0
500.0
500.0
500.0
128.0
500.0
500.0
500.0
500.0
500.0
500.0
500.0
500.0
500.0
212.0
500.0
500.0
500.0
83.0
500.0
500.0
500.0
500.0
500.0
500.0
500.0
500.0
500.0
500.0
500.0
500.0
500.0
500.0
500.0
500.0
500.0
500.0
91.0
500.0
500.0
25.0
500.0
500.0
500.0
500.0
500.0
500.0
75.0
500.0
500.0
500.0
500.0
500.0
500.0
500.0
500.0
500.0
500.0
500.0
500.0
500.0
500.0
500.0
500.0
500.0
500.0
500.0
500.0
500.0
500.0
500.0
500.0
500.0
500.0
500.0
500.0
500.0
500.0
500.0
500.0
500.0
500.0
500.0
500.0
500.0
500.0
500.0
500.0
500.0
500.0
500.0
500.0
500.0
500.0
500.0
500.0
160.0
500.0
500.0
500.0
500.0
500.0
500.0
500.0
500.0
500.0
500.0
500.0
500.0
500.0
500.0
500.0
500.0
500.0
500.0
500.0
500.0
500.0
500.0
500.0
500.0
500.0
500.0
183.0
500.0
500.0
500.0
500.0
500.0
500.0
500.0
500.0
150.0
500.0
500.0
500.0
500.0
500.0
500.0
500.0
500.0
500.0
177.0
500.0
500.0
500.0
500.0
500.0
500.0
500.0
500.0
500.0
500.0
500.0
500.0
500.0
500.0
500.0
500.0
500.0
500.0
500.0
500.0
500.0
500.0
500.0
500.0
500.0
500.0
500.0
500.0
118.0
500.0
500.0
500.0
500.0
74.0
500.0
53.0
81.0
500.0
500.0
500.0
500.0
500.0
500.0
500.0
80.0
500.0
500.0
500.0
500.0
500.0
500.0
500.0
500.0
500.0
500.0
500.0
500.0
500.0
500.0
500.0
500.0
500.0
500.0
500.0
500.0
500.0
500.0
500.0
500.0
500.0
500.0
500.0
500.0
500.0
500.0
500.0
500.0
500.0
500.0
500.0
500.0
500.0
500.0
500.0
500.0
500.0
500.0
500.0
500.0
500.0
500.0
500.0
500.0
500.0
124.0
500.0
500.0
500.0
500.0
500.0
500.0
500.0
500.0
500.0
500.0
500.0
500.0
500.0
500.0
500.0
326.0
500.0
500.0
500.0
500.0
500.0
500.0
500.0
500.0
500.0
500.0
500.0
500.0
500.0
500.0
500.0
500.0
500.0
500.0
500.0
500.0
500.0
500.0
500.0
500.0
500.0
500.0
500.0
500.0
500.0
500.0
500.0
500.0
500.0
500.0
500.0
500.0
167.0
500.0
500.0
500.0
500.0
293.0
500.0
500.0
171.0
500.0
500.0
500.0
500.0
500.0
500.0
500.0
500.0
500.0
500.0
500.0
500.0
500.0
500.0
500.0
500.0
500.0
500.0
500.0
500.0
500.0
500.0
500.0
500.0
500.0
500.0
500.0
500.0
500.0
500.0
500.0
500.0
500.0
500.0
500.0
500.0
500.0
500.0
500.0
180.0
500.0
500.0
500.0
500.0
500.0
500.0
500.0
500.0
500.0
500.0
500.0
500.0
500.0
500.0
500.0
500.0
500.0
500.0
500.0
500.0
500.0
500.0
500.0
500.0
500.0
500.0
500.0
500.0
500.0
500.0
500.0
500.0
500.0
500.0
500.0
500.0
500.0
87.0
26.0
500.0
500.0
500.0
500.0
500.0
500.0
500.0
500.0
500.0
500.0
500.0
144.0
500.0
500.0
500.0
500.0
500.0
500.0
500.0
500.0
500.0
500.0
500.0
500.0
500.0
500.0
500.0
500.0
500.0
500.0
500.0
500.0
69.0
500.0
500.0
500.0
500.0
500.0
500.0
500.0
500.0
500.0
500.0
67.0
500.0
500.0
500.0
112.0
500.0
500.0
500.0
500.0
500.0
500.0
500.0
500.0
500.0
500.0
500.0
500.0
149.0
500.0
500.0
500.0
500.0
500.0
500.0
500.0
500.0
500.0
500.0
500.0
500.0
500.0
500.0
500.0
500.0
500.0
500.0
500.0
500.0
500.0
500.0
500.0
500.0
500.0
500.0
500.0
500.0
500.0
500.0
500.0
500.0
500.0
500.0
500.0
500.0
500.0
500.0
500.0
500.0
500.0
500.0
500.0
500.0
500.0
500.0
500.0
500.0
500.0
500.0
500.0
500.0
500.0
500.0
500.0
500.0
500.0
500.0
500.0
500.0
500.0
500.0
500.0
500.0
500.0
500.0
500.0
500.0
500.0
500.0
500.0
500.0
500.0
500.0
500.0
500.0
500.0
500.0
500.0
500.0
500.0
500.0
500.0
500.0
500.0
500.0
500.0
500.0
500.0
500.0
500.0
500.0
500.0
500.0
500.0
500.0
500.0
500.0
500.0
500.0
500.0
500.0
500.0
500.0
500.0
500.0
500.0
500.0
500.0
500.0
500.0
500.0
500.0
500.0
500.0
500.0
500.0
500.0
500.0
500.0
500.0
500.0
500.0
500.0
500.0
500.0
95.0
500.0
500.0
500.0
53.0
500.0
500.0
500.0
500.0
500.0
500.0
500.0
500.0
500.0
500.0
500.0
114.0
500.0
500.0
500.0
500.0
500.0
500.0
500.0
500.0
500.0
500.0
500.0
500.0
500.0
500.0
500.0
500.0
500.0
500.0
143.0
500.0
500.0
500.0
500.0
500.0
500.0
500.0
500.0
500.0
500.0
500.0
54.0
500.0
500.0
500.0
500.0
500.0
500.0
500.0
500.0
500.0
500.0
500.0
500.0
500.0
500.0
500.0
140.0
500.0
500.0
500.0
500.0
500.0
500.0
500.0
114.0
500.0
500.0
500.0
244.0
500.0
500.0
500.0
500.0
500.0
500.0
500.0
500.0
500.0
500.0
500.0
500.0
500.0
500.0
500.0
500.0
500.0
500.0
500.0
500.0
500.0
500.0
500.0
500.0
500.0
500.0
500.0
500.0
500.0
500.0
500.0
500.0
500.0
500.0
500.0
500.0
500.0
500.0
500.0
500.0
500.0
500.0
500.0
52.0
500.0
500.0
500.0
500.0
500.0
500.0
500.0
500.0
500.0
500.0
500.0
500.0
500.0
500.0
500.0
500.0
500.0
500.0
500.0
500.0
500.0
81.0
500.0
88.0
500.0
500.0
500.0
500.0
500.0
78.0
500.0
500.0
500.0
500.0
500.0
500.0
500.0
500.0
500.0
500.0
500.0
500.0
500.0
500.0
500.0
500.0
500.0
500.0
500.0
500.0
500.0
500.0
500.0
500.0
500.0
79.0
118.0
500.0
500.0
500.0
500.0
500.0
500.0
500.0
500.0
500.0
500.0
500.0
208.0
500.0
500.0
500.0
42.0
500.0
69.0
500.0
500.0
500.0
500.0
46.0
75.0
500.0
500.0
500.0
500.0
500.0
500.0
500.0
500.0
500.0
500.0
500.0
500.0
500.0
500.0
500.0
88.0
157.0
500.0
500.0
500.0
500.0
500.0
500.0
20.0
500.0
500.0
500.0
500.0
500.0
500.0
500.0
500.0
500.0
500.0
500.0
500.0
500.0
500.0
500.0
500.0
500.0
500.0
500.0
500.0
500.0
500.0
500.0
71.0
500.0
500.0
500.0
500.0
500.0
500.0
500.0
500.0
500.0
58.0
500.0
500.0
500.0
500.0
500.0
500.0
500.0
500.0
500.0
500.0
29.0
500.0
500.0
500.0
500.0
500.0
500.0
500.0
500.0
500.0
500.0
500.0
500.0
59.0
500.0
500.0
500.0
500.0
500.0
500.0
500.0
500.0
500.0
500.0
500.0
500.0
500.0
500.0
500.0
489.0
500.0
24.0
500.0
500.0
139.0
500.0
500.0
500.0
500.0
23.0
500.0
500.0
500.0
500.0
500.0
500.0
500.0
500.0
500.0
500.0
500.0
500.0
500.0
500.0
500.0
500.0
500.0
500.0
500.0
500.0
500.0
500.0
500.0
500.0
500.0
500.0
500.0
111.0
500.0
24.0
500.0
500.0
500.0
500.0
500.0
500.0
500.0
500.0
500.0
500.0
500.0
26.0
68.0
500.0
500.0
500.0
500.0
500.0
500.0
500.0
500.0
500.0
500.0
500.0
500.0
500.0
500.0
500.0
500.0
500.0
500.0
500.0
500.0
500.0
28.0
500.0
500.0
500.0
500.0
500.0
500.0
500.0
500.0
500.0
25.0
500.0
500.0
500.0
500.0
500.0
500.0