12.0
9.0
10.0
9.0
10.0
9.0
9.0
10.0
9.0
12.0
8.0
9.0
9.0
10.0
11.0
9.0
10.0
10.0
10.0
14.0
12.0
10.0
10.0
12.0
10.0
9.0
12.0
11.0
12.0
10.0
14.0
17.0
13.0
13.0
16.0
8.0
17.0
21.0
16.0
16.0
22.0
20.0
17.0
40.0
9.0
11.0
34.0
39.0
45.0
16.0
27.0
10.0
40.0
48.0
84.0
78.0
26.0
108.0
35.0
65.0
28.0
40.0
33.0
48.0
34.0
33.0
52.0
128.0
20.0
27.0
36.0
45.0
48.0
45.0
45.0
63.0
72.0
60.0
40.0
32.0
156.0
55.0
13.0
46.0
63.0
99.0
39.0
76.0
82.0
61.0
72.0
58.0
212.0
96.0
147.0
59.0
67.0
61.0
53.0
87.0
88.0
83.0
119.0
36.0
205.0
278.0
124.0
134.0
114.0
164.0
103.0
100.0
244.0
128.0
256.0
173.0
157.0
296.0
162.0
76.0
186.0
148.0
115.0
112.0
149.0
175.0
183.0
111.0
95.0
310.0
170.0
75.0
169.0
94.0
96.0
15.0
168.0
131.0
182.0
184.0
192.0
122.0
145.0
183.0
56.0
144.0
140.0
90.0
241.0
154.0
149.0
179.0
205.0
156.0
179.0
216.0
175.0
217.0
229.0
64.0
63.0
141.0
232.0
181.0
93.0
226.0
171.0
123.0
210.0
219.0
100.0
178.0
250.0
168.0
120.0
138.0
27.0
156.0
232.0
237.0
289.0
178.0
158.0
126.0
159.0
199.0
98.0
229.0
48.0
24.0
27.0
101.0
47.0
25.0
152.0
83.0
148.0
230.0
152.0
96.0
17.0
248.0
109.0
125.0
121.0
88.0
90.0
124.0
36.0
18.0
84.0
92.0
296.0
147.0
108.0
80.0
166.0
194.0
170.0
141.0
70.0
200.0
44.0
40.0
250.0
121.0
132.0
203.0
34.0
240.0
157.0
48.0
150.0
64.0
185.0
74.0
66.0
108.0
130.0
236.0
280.0
209.0
87.0
238.0
227.0
216.0
108.0
148.0
73.0
282.0
39.0
158.0
131.0
236.0
50.0
160.0
59.0
130.0
146.0
166.0
175.0
152.0
167.0
188.0
250.0
117.0
205.0
68.0
284.0
137.0
222.0
283.0
110.0
245.0
168.0
31.0
145.0
48.0
108.0
221.0
149.0
180.0
370.0
258.0
500.0
149.0
229.0
343.0
148.0
161.0
135.0
289.0
113.0
500.0
203.0
489.0
364.0
232.0
173.0
125.0
71.0
372.0
236.0
142.0
178.0
223.0
159.0
171.0
500.0
65.0
441.0
259.0
215.0
246.0
177.0
183.0
193.0
328.0
131.0
162.0
254.0
156.0
106.0
122.0
284.0
208.0
109.0
193.0
113.0
500.0
46.0
97.0
209.0
500.0
283.0
230.0
105.0
271.0
136.0
249.0
138.0
146.0
379.0
318.0
254.0
167.0
70.0
307.0
248.0
96.0
220.0
393.0
248.0
221.0
248.0
291.0
186.0
181.0
236.0
267.0
56.0
274.0
76.0
156.0
181.0
257.0
368.0
247.0
133.0
216.0
369.0
288.0
394.0
56.0
307.0
262.0
161.0
262.0
145.0
160.0
314.0
261.0
118.0
163.0
320.0
279.0
122.0
134.0
299.0
198.0
395.0
174.0
158.0
371.0
160.0
263.0
108.0
123.0
233.0
227.0
120.0
352.0
364.0
158.0
296.0
279.0
215.0
288.0
274.0
448.0
396.0
255.0
306.0
234.0
319.0
223.0
335.0
298.0
225.0
256.0
285.0
234.0
302.0
227.0
315.0
163.0
336.0
258.0
233.0
251.0
334.0
212.0
234.0
122.0
220.0
268.0
221.0
259.0
494.0
274.0
265.0
129.0
500.0
177.0
218.0
166.0
417.0
218.0
373.0
101.0
184.0
281.0
327.0
73.0
149.0
260.0
254.0
233.0
249.0
256.0
240.0
304.0
103.0
207.0
315.0
245.0
215.0
257.0
147.0
166.0
237.0
150.0
327.0
387.0
155.0
326.0
247.0
281.0
248.0
232.0
80.0
65.0
212.0
154.0
318.0
258.0
364.0
318.0
337.0
311.0
335.0
267.0
179.0
263.0
250.0
329.0
235.0
237.0
213.0
245.0
201.0
253.0
253.0
308.0
346.0
167.0
316.0
320.0
442.0
247.0
284.0
163.0
152.0
191.0
177.0
172.0
66.0
292.0
217.0
38.0
272.0
76.0
273.0
211.0
214.0
104.0
64.0
197.0
113.0
331.0
297.0
162.0
200.0
244.0
233.0
155.0
325.0
114.0
122.0
130.0
93.0
64.0
90.0
159.0
342.0
121.0
294.0
236.0
81.0
69.0
155.0
123.0
216.0
152.0
160.0
120.0
86.0
149.0
115.0
212.0
137.0
247.0
209.0
279.0
278.0
233.0
111.0
281.0
83.0
500.0
132.0
251.0
88.0
109.0
80.0
105.0
93.0
109.0
270.0
283.0
339.0
271.0
213.0
164.0
236.0
100.0
59.0
96.0
154.0
125.0
109.0
167.0
257.0
211.0
193.0
112.0
320.0
134.0
176.0
237.0
175.0
58.0
185.0
276.0
68.0
210.0
200.0
206.0
162.0
104.0
277.0
196.0
169.0
120.0
129.0
231.0
103.0
222.0
475.0
117.0
240.0
295.0
156.0
250.0
289.0
224.0
396.0
315.0
214.0
298.0
500.0
156.0
216.0
83.0
232.0
119.0
361.0
324.0
208.0
310.0
262.0
143.0
165.0
183.0
249.0
78.0
263.0
212.0
407.0
158.0
165.0
280.0
294.0
225.0
320.0
219.0
185.0
84.0
227.0
158.0
232.0
223.0
402.0
170.0
68.0
292.0
198.0
330.0
66.0
154.0
243.0
491.0
204.0
274.0
226.0
200.0
304.0
189.0
101.0
137.0
245.0
388.0
248.0
500.0
370.0
227.0
269.0
292.0
228.0
318.0
136.0
152.0
336.0
209.0
93.0
189.0
328.0
359.0
152.0
196.0
260.0
226.0
177.0
251.0
316.0
110.0
346.0
276.0
410.0
294.0
352.0
283.0
306.0
304.0
197.0
153.0
244.0
431.0
111.0
431.0
500.0
500.0
181.0
173.0
223.0
180.0
500.0
196.0
420.0
328.0
132.0
209.0
162.0
237.0
283.0
500.0
281.0
271.0
219.0
207.0
175.0
108.0
244.0
137.0
499.0
248.0
463.0
301.0
207.0
458.0
345.0
251.0
307.0
389.0
500.0
160.0
235.0
315.0
93.0
76.0
303.0
453.0
125.0
180.0
268.0
146.0
124.0
81.0
101.0
84.0
270.0
479.0
298.0
221.0
95.0
497.0
80.0
96.0
184.0
471.0
435.0
66.0
166.0
146.0
500.0
500.0
500.0
207.0
238.0
357.0
368.0
500.0
52.0
500.0
409.0
224.0
500.0
329.0
376.0
43.0
488.0
319.0
120.0
156.0
76.0
24.0
203.0
51.0
64.0
500.0
274.0
41.0
500.0
73.0
144.0
391.0
21.0
236.0
500.0
500.0
193.0
100.0
500.0
500.0
137.0
393.0
227.0
457.0
39.0
51.0
400.0
146.0
111.0
378.0
25.0
404.0
93.0
462.0
500.0
500.0
167.0
100.0
41.0
322.0
115.0
43.0
119.0
147.0
93.0
82.0
116.0
157.0
50.0
35.0
56.0
36.0
41.0
130.0
26.0
29.0
130.0
135.0
23.0
26.0
152.0
32.0
21.0
20.0
15.0
24.0
20.0
21.0
20.0
20.0
21.0
90.0
195.0
99.0
135.0
64.0
129.0
21.0
119.0
12.0
80.0
39.0
21.0
33.0
15.0
57.0
122.0
24.0
69.0
12.0
9.0
12.0
10.0
42.0
38.0
18.0
71.0
86.0
205.0
11.0
13.0
88.0
68.0
279.0
24.0
55.0
100.0
309.0
116.0
419.0
25.0
124.0
80.0
175.0
58.0
74.0
308.0
500.0
348.0
74.0
500.0
182.0
313.0
212.0
88.0
154.0
430.0
76.0
140.0
34.0
140.0
80.0
39.0
143.0
90.0
139.0
61.0
131.0
188.0
49.0
167.0
177.0
39.0
80.0
199.0
50.0
120.0
324.0
74.0
214.0
47.0
123.0
277.0
183.0
130.0
96.0
258.0
30.0
16.0
25.0
46.0
131.0
41.0
171.0
98.0
78.0
183.0
80.0
339.0
42.0
40.0
37.0
160.0
85.0
46.0
328.0
161.0
153.0
39.0
228.0
102.0
76.0
66.0
92.0
220.0
161.0
244.0
196.0
44.0
213.0
58.0
254.0
203.0
250.0
372.0
84.0
448.0
297.0
135.0
136.0
36.0
353.0
55.0
366.0
269.0
381.0
326.0
165.0
69.0
82.0
54.0
394.0
67.0
14.0
45.0
39.0
154.0
216.0
25.0
500.0
220.0
125.0
272.0
288.0
49.0
184.0
392.0
20.0
373.0
96.0
335.0
436.0
241.0
399.0
102.0
61.0
31.0
42.0
92.0
154.0
218.0
64.0
123.0
103.0
70.0
66.0
13.0
107.0
102.0
92.0
107.0
347.0
50.0
121.0
93.0
51.0
88.0
484.0
197.0
124.0
228.0
101.0
171.0
380.0
129.0
256.0
384.0
305.0
436.0
224.0
166.0
61.0
307.0
309.0
293.0
435.0
67.0
157.0
47.0
46.0
248.0
138.0
251.0
145.0
271.0
60.0
54.0
191.0
128.0
85.0
103.0
56.0
20.0
182.0
58.0
172.0
14.0
48.0
200.0
500.0
65.0
128.0
500.0
457.0
317.0
500.0
161.0
163.0
114.0
260.0
76.0
59.0
75.0
91.0
233.0
154.0
59.0
345.0
277.0
68.0
16.0
87.0
140.0
149.0
75.0
227.0
73.0
19.0
191.0
62.0
42.0
188.0
179.0
24.0
325.0
111.0
129.0
27.0
212.0
500.0
445.0
500.0
411.0
205.0
31.0
500.0
500.0
321.0
28.0
214.0
138.0
458.0
290.0
81.0
377.0
358.0
146.0
141.0
500.0
329.0
182.0
239.0
487.0
500.0
45.0
226.0
36.0
146.0
33.0
495.0
211.0
96.0
92.0
203.0
67.0
225.0
75.0
59.0
65.0
60.0
217.0
281.0
128.0
75.0
308.0
161.0
281.0
276.0
284.0
241.0
408.0
48.0
169.0
194.0
48.0
101.0
237.0
343.0
276.0
122.0
264.0
242.0
139.0
127.0
275.0
224.0
188.0
390.0
174.0
171.0
181.0
101.0
107.0
266.0
81.0
268.0
72.0
259.0
363.0
174.0
213.0
187.0
220.0
111.0
39.0
141.0
98.0
158.0
163.0
265.0
134.0
141.0
216.0
219.0
321.0
346.0
33.0
139.0
274.0
113.0
463.0
137.0
275.0
97.0
178.0
287.0
103.0
246.0
238.0
29.0
500.0
42.0
184.0
198.0
100.0
140.0
161.0
63.0
157.0
218.0
500.0
231.0
56.0
252.0
65.0
371.0
126.0
86.0
159.0
111.0
145.0
256.0
500.0
500.0
240.0
340.0
189.0
271.0
500.0
483.0
270.0
178.0
240.0
278.0
159.0
59.0
290.0
139.0
500.0
51.0
98.0
321.0
331.0
289.0
189.0
500.0
34.0
454.0
16.0
376.0
359.0
383.0
138.0
500.0
242.0
191.0
161.0
27.0
89.0
226.0
168.0
337.0
233.0
178.0
130.0
430.0
143.0
131.0
158.0
179.0
389.0
249.0
49.0
419.0
65.0
272.0
106.0
500.0
157.0
311.0
109.0
68.0
165.0
495.0
237.0
163.0
212.0
158.0
209.0
500.0
99.0
213.0
124.0
158.0
168.0
289.0
500.0
240.0
132.0
137.0
42.0
184.0
122.0
127.0
59.0
314.0
45.0
171.0
236.0
86.0
163.0
213.0
86.0
500.0
127.0
160.0
224.0
106.0
63.0
304.0
216.0
97.0
168.0
196.0
368.0
54.0
357.0
169.0
356.0
25.0
102.0
388.0
83.0
130.0
26.0
100.0
150.0
9.0
98.0
203.0
283.0
91.0
195.0
105.0
103.0
154.0
174.0
137.0
25.0
46.0
306.0
115.0
205.0
27.0
222.0
133.0
48.0
89.0
200.0
500.0
216.0
287.0
47.0
74.0
321.0
243.0
286.0
500.0
268.0
206.0
393.0
132.0
157.0
338.0
380.0
81.0
40.0
18.0
500.0
500.0
19.0
382.0
115.0
500.0
182.0
500.0
269.0
117.0
309.0
58.0
190.0
500.0
223.0
433.0
146.0
304.0
500.0
85.0
303.0
123.0
299.0
209.0
42.0
308.0
397.0
184.0
500.0
114.0
194.0
96.0
500.0
61.0
299.0
500.0
228.0
74.0
292.0
204.0
241.0
135.0
468.0
164.0
202.0
500.0
273.0
212.0
25.0
68.0
88.0
243.0
179.0
92.0
166.0
260.0
261.0
255.0
402.0
73.0
135.0
295.0
160.0
18.0
262.0
294.0
103.0
137.0
500.0
404.0
107.0
136.0
195.0
189.0
161.0
112.0
217.0
151.0
175.0
313.0
210.0
176.0
500.0
68.0
310.0
167.0
231.0
497.0
133.0
126.0
18.0
46.0
157.0
261.0
41.0
21.0
210.0
123.0
221.0
96.0
279.0
283.0
264.0
184.0
178.0
148.0
147.0
271.0
144.0
133.0
153.0
166.0
140.0
152.0
91.0
210.0
116.0
37.0
262.0
257.0
166.0
298.0
164.0
500.0
207.0
95.0
98.0
112.0
289.0
282.0
341.0
39.0
178.0
157.0
109.0
100.0
323.0
93.0
500.0
128.0
229.0
500.0
500.0
500.0
445.0
202.0
88.0
31.0
49.0
213.0
413.0
500.0
308.0
282.0
148.0
358.0
33.0
158.0
128.0
500.0
218.0
321.0
24.0
204.0
256.0
120.0
320.0
263.0
11.0
500.0
26.0
190.0
196.0
500.0
184.0
500.0
500.0
71.0
142.0
40.0
27.0
318.0
355.0
164.0
227.0
154.0
38.0
500.0
385.0
213.0
150.0
324.0
51.0
322.0
11.0
500.0
9.0
220.0
126.0
500.0
328.0
282.0
500.0
101.0
500.0
248.0
335.0
65.0
195.0
380.0
339.0
500.0
149.0
100.0
136.0
272.0
500.0
207.0
182.0
165.0
199.0
127.0
20.0
500.0
500.0
289.0
135.0
19.0
324.0
489.0
179.0
232.0
33.0
176.0
118.0
144.0
136.0
293.0
139.0
133.0
156.0
138.0
232.0
500.0
274.0
123.0
360.0
107.0
264.0
158.0
500.0
318.0
140.0
294.0
368.0
192.0
168.0
292.0
179.0
78.0
201.0
146.0
173.0
500.0
176.0
209.0
87.0
168.0
500.0
278.0
380.0
258.0
330.0
122.0
252.0
169.0
346.0
130.0
500.0
160.0
72.0
207.0
87.0
500.0
93.0
500.0
39.0
370.0
155.0
159.0
112.0
500.0
246.0
151.0
129.0
93.0
256.0
159.0
161.0
418.0
500.0
181.0
322.0
115.0
197.0
191.0
225.0
240.0
286.0
225.0
150.0
134.0
185.0
11.0
372.0
419.0
337.0
319.0
186.0
47.0
381.0
343.0
103.0
275.0
57.0
500.0
185.0
117.0
288.0
179.0
297.0
133.0
169.0
239.0
132.0
57.0
356.0
205.0
395.0
273.0
272.0
203.0
70.0
500.0
299.0
500.0
186.0
270.0
293.0
171.0
343.0
323.0
500.0
244.0
280.0
500.0
281.0
478.0
182.0
213.0
500.0
199.0
133.0
500.0
459.0
61.0
500.0
161.0
500.0
94.0
374.0
178.0
354.0
385.0
198.0
500.0
107.0
274.0
104.0
34.0
500.0
93.0
109.0
68.0
216.0
164.0
323.0
47.0
204.0
227.0
407.0
25.0
167.0
500.0
86.0
500.0
234.0
500.0
466.0
123.0
116.0
232.0
499.0
93.0
179.0
290.0
147.0
347.0
274.0
248.0
262.0
228.0
500.0
491.0
278.0
500.0
216.0
379.0
500.0
451.0
153.0
157.0
191.0
500.0
351.0
473.0
500.0
500.0
124.0
500.0
459.0
500.0
296.0
200.0
175.0
299.0
244.0
140.0
211.0
500.0
190.0
280.0
500.0
500.0
313.0
407.0
301.0
124.0
500.0
234.0
500.0
144.0
171.0
112.0
181.0
211.0
500.0
500.0
382.0
500.0
500.0
401.0
194.0
500.0
86.0
194.0
454.0
500.0
111.0
45.0
252.0
234.0
194.0
500.0
500.0
500.0
155.0
211.0
314.0
204.0
104.0
239.0
500.0
500.0
500.0
265.0
500.0
278.0
204.0
272.0
282.0
500.0
500.0
500.0
500.0
500.0
343.0
202.0
203.0
194.0
214.0
101.0
257.0
500.0
317.0
128.0
500.0
295.0
500.0
151.0
380.0
167.0
500.0
86.0
64.0
169.0
316.0
270.0
500.0
500.0
475.0
128.0
500.0
213.0
143.0
466.0
500.0
500.0
102.0
343.0
123.0
227.0
113.0
500.0
121.0
449.0
179.0
500.0
134.0
500.0
500.0
500.0
500.0
459.0
120.0
213.0
176.0
177.0
219.0
500.0
111.0
367.0
143.0
111.0
500.0
76.0
500.0
284.0
353.0
109.0
500.0
500.0
313.0
500.0
142.0
131.0
415.0
500.0
212.0
500.0
278.0
500.0
500.0
190.0
151.0
500.0
500.0
137.0
500.0
465.0
264.0
500.0
96.0
163.0
318.0
348.0
500.0
168.0
435.0
314.0
191.0
500.0
500.0
500.0
205.0
458.0
290.0
500.0
234.0
500.0
142.0
399.0
500.0
337.0
500.0
500.0
500.0
55.0
226.0
500.0
280.0
85.0
500.0
204.0
500.0
203.0
211.0
500.0
236.0
500.0
109.0
500.0
500.0
500.0
148.0
500.0
488.0
264.0
489.0
282.0
214.0
500.0
500.0
500.0
118.0
194.0
500.0
500.0
500.0
500.0
116.0
75.0
38.0
104.0
123.0
67.0
495.0
484.0
500.0
170.0
151.0
500.0
500.0
500.0
257.0
500.0
500.0
285.0
209.0
323.0
500.0
99.0
500.0
199.0
500.0
500.0
337.0
21.0
180.0
123.0
138.0
185.0
355.0
500.0
292.0
500.0
155.0
133.0
194.0
225.0
144.0
204.0
213.0
295.0
500.0
256.0
412.0
256.0
500.0
500.0
262.0
500.0
500.0
150.0
149.0
500.0
500.0
83.0
287.0
138.0
110.0
500.0
412.0
145.0
343.0
269.0
135.0
74.0
116.0
167.0
88.0
101.0
217.0
224.0
173.0
263.0
112.0
167.0
130.0
253.0
186.0
239.0
129.0
137.0
120.0
411.0
132.0
141.0
125.0
110.0
207.0
196.0
77.0
500.0
370.0
500.0
201.0
91.0
134.0
135.0
81.0
161.0
154.0
126.0
438.0
98.0
268.0
352.0
318.0
121.0
478.0
327.0
315.0
172.0
199.0
320.0
389.0
228.0
249.0
214.0
276.0
234.0
267.0
213.0
231.0
294.0
296.0
103.0
404.0
151.0
203.0
216.0
181.0
440.0
256.0
181.0
369.0
500.0
435.0
221.0
302.0
273.0
179.0
437.0
70.0
149.0
172.0
330.0
342.0
500.0
326.0
500.0
345.0
494.0
348.0
461.0
134.0
396.0
500.0
402.0
432.0
260.0
390.0
71.0
433.0
111.0
166.0
220.0
299.0
350.0
302.0
339.0
230.0
204.0
116.0
164.0
500.0
235.0
470.0
226.0
494.0
500.0
98.0
415.0
469.0
324.0
157.0
432.0
239.0
396.0
500.0
500.0
438.0
32.0
420.0
182.0
377.0
500.0
96.0
359.0
321.0
138.0
395.0
315.0
250.0
379.0
158.0
30.0
298.0
426.0
342.0
138.0
284.0
202.0
325.0
420.0
328.0
168.0
184.0
313.0
348.0
500.0
140.0
230.0
178.0
167.0
214.0
378.0
356.0
226.0
464.0
257.0
500.0
170.0
444.0
285.0
314.0
161.0
500.0
500.0
492.0
53.0
333.0
455.0
160.0
344.0
296.0
486.0
197.0
500.0
436.0
308.0
322.0
72.0
423.0
500.0
500.0
476.0
128.0
500.0
353.0
418.0
500.0
328.0
309.0
500.0
353.0
377.0
329.0
324.0
484.0
183.0
500.0
500.0
193.0
294.0
470.0
497.0
228.0
160.0
258.0
368.0
146.0
239.0
181.0
161.0
295.0
448.0
193.0
411.0
263.0
72.0
324.0
233.0
213.0
165.0
350.0
344.0
460.0
359.0
205.0
395.0
97.0
197.0
271.0
334.0
311.0
339.0
500.0
500.0
57.0
366.0
220.0
410.0
226.0
85.0
200.0
380.0
500.0
141.0
201.0
385.0
447.0
376.0
410.0
450.0
356.0
379.0
472.0
465.0
68.0
36.0
127.0
350.0
500.0
299.0
184.0
322.0
69.0
304.0
425.0
198.0
335.0
375.0
73.0
447.0
359.0
154.0
420.0
196.0
351.0
428.0
385.0
448.0
317.0
359.0
102.0
59.0
329.0
229.0
500.0
336.0
323.0
307.0
152.0
398.0
170.0
443.0
268.0
153.0
355.0
191.0
387.0
380.0
371.0
16.0
304.0
371.0
240.0
352.0
284.0
165.0
354.0
282.0
412.0
168.0
76.0
325.0
36.0
354.0
194.0
298.0
268.0
500.0
469.0
320.0
364.0
405.0
92.0
294.0
109.0
320.0
288.0
307.0
120.0
500.0
313.0
227.0
344.0
500.0
132.0
500.0
352.0
359.0
169.0
321.0
366.0
296.0
424.0
184.0
94.0
408.0
349.0
415.0
89.0
138.0
274.0
202.0
331.0
439.0
97.0
499.0
384.0
276.0
387.0
66.0
146.0
309.0
371.0
264.0
344.0
282.0
21.0
185.0
85.0
228.0
273.0
333.0
372.0
200.0
363.0
434.0
326.0
219.0
336.0
280.0
500.0
111.0
176.0
369.0
229.0
368.0
178.0
372.0
159.0
256.0
325.0
369.0
323.0
181.0
177.0
133.0
233.0
137.0
97.0
227.0
267.0
500.0
365.0
305.0
191.0
224.0
232.0
485.0
443.0
292.0
313.0
320.0
500.0
269.0
253.0
314.0
328.0
222.0
407.0
410.0
292.0
500.0
271.0
28.0
182.0
129.0
182.0
129.0
127.0
173.0
378.0
328.0
335.0
328.0
260.0
384.0
126.0
317.0
486.0
158.0
136.0
274.0
316.0
198.0
171.0
361.0
372.0
231.0
310.0
287.0
383.0
274.0
500.0
500.0
301.0
291.0
471.0
237.0
72.0
362.0
362.0
500.0
352.0
152.0
301.0
148.0
185.0
272.0
500.0
342.0
223.0
230.0
230.0
424.0
346.0
200.0
252.0
52.0
328.0
195.0
500.0
154.0
191.0
297.0
189.0
206.0
300.0
252.0
500.0
370.0
157.0
243.0
223.0
198.0
238.0
289.0
120.0
312.0
237.0
185.0
309.0
367.0
350.0
246.0
434.0
153.0
352.0
290.0
331.0
265.0
348.0
403.0
334.0
277.0
355.0
203.0
398.0
387.0
396.0
408.0
479.0
316.0
333.0
84.0
333.0
223.0
371.0
265.0
225.0
153.0
500.0
105.0
132.0
436.0
419.0
348.0
438.0
247.0
208.0
347.0
316.0
319.0
229.0
427.0
367.0
364.0
457.0
112.0
468.0
242.0
500.0
201.0
343.0
412.0
174.0
216.0
379.0
405.0
346.0
96.0
240.0
416.0
245.0
282.0
500.0
334.0
242.0
320.0
317.0
500.0
436.0
283.0
333.0
277.0
264.0
397.0
287.0
184.0
263.0
331.0
230.0
304.0
359.0
500.0
453.0
429.0
199.0
373.0
449.0
120.0
326.0
151.0
194.0
364.0
218.0
128.0
118.0
342.0
500.0
225.0
500.0
169.0
155.0
446.0
410.0
100.0
500.0
324.0
230.0
302.0
236.0
225.0
179.0
57.0
382.0
60.0
398.0
153.0
210.0
298.0
483.0
304.0
340.0
234.0
225.0
374.0
435.0
253.0
337.0
434.0
500.0
356.0
189.0
208.0
271.0
310.0
201.0
498.0
33.0
452.0
80.0
321.0
380.0
500.0
163.0
500.0
309.0
274.0
260.0
70.0
251.0
392.0
425.0
159.0
489.0
418.0
242.0
213.0
96.0
500.0
198.0
327.0
226.0
292.0
240.0
500.0
220.0
487.0
500.0
186.0
500.0
266.0
466.0
69.0
414.0
500.0
247.0
475.0
460.0
279.0
500.0
73.0
500.0
200.0
223.0
500.0
500.0
494.0
449.0
337.0
500.0
291.0
293.0
240.0
500.0
135.0
402.0
74.0
143.0
433.0
90.0
234.0
484.0
281.0
190.0
194.0
154.0
500.0
453.0
500.0
177.0
500.0
268.0
500.0
178.0
483.0
454.0
219.0
446.0
500.0
408.0
500.0
500.0
166.0
110.0
414.0
260.0
445.0
500.0
92.0
72.0
500.0
143.0
29.0
65.0
111.0
90.0
154.0
89.0
145.0
139.0
453.0
146.0
85.0
221.0
500.0
89.0
500.0
278.0
500.0
208.0
453.0
411.0
446.0
179.0
140.0
229.0
415.0
289.0
424.0
160.0
263.0
185.0
417.0
500.0
444.0
257.0
162.0
253.0
165.0
327.0
476.0
199.0
28.0
500.0
69.0
500.0
168.0
207.0
81.0
381.0
500.0
472.0
491.0
500.0
500.0
139.0
177.0
91.0
500.0
167.0
187.0
111.0
424.0
428.0
267.0
469.0
224.0
484.0
358.0
213.0
159.0
146.0
287.0
48.0
216.0
490.0
434.0
175.0
25.0
419.0
177.0
79.0
452.0
500.0
500.0
198.0
456.0
474.0
364.0
455.0
183.0
500.0
212.0
380.0
500.0
479.0
500.0
500.0
487.0
454.0
90.0
338.0
411.0
485.0
500.0
391.0
345.0
306.0
500.0
500.0
500.0
500.0
500.0
500.0
454.0
316.0
403.0
500.0
500.0
329.0
134.0
500.0
337.0
352.0
377.0
290.0
277.0
224.0
359.0
444.0
287.0
137.0
412.0
500.0
331.0
500.0
500.0
376.0
419.0
423.0
352.0
338.0
461.0
500.0
444.0
412.0
500.0
300.0
285.0
363.0
308.0
412.0
328.0
500.0
371.0
474.0
432.0
338.0
500.0
364.0
424.0
296.0
238.0
351.0
365.0
453.0
195.0
459.0
453.0
359.0
424.0
178.0
325.0
446.0
500.0
369.0
339.0
367.0
441.0
330.0
500.0
200.0
68.0
247.0
500.0
500.0
500.0
500.0
500.0
230.0
299.0
425.0
364.0
500.0
360.0
500.0
325.0
196.0
123.0
136.0
339.0
500.0
187.0
134.0
427.0
422.0
500.0
152.0
186.0
261.0
185.0
164.0
207.0
210.0
231.0
270.0
393.0
203.0
146.0
340.0
298.0
500.0
433.0
500.0
255.0
313.0
369.0
338.0
214.0
442.0
500.0
113.0
411.0
411.0
239.0
452.0
500.0
500.0
500.0
500.0
500.0
500.0
402.0
500.0
500.0
500.0
500.0
500.0
500.0
166.0
500.0
201.0
317.0
500.0
500.0
188.0
500.0
500.0
500.0
500.0
500.0
500.0
500.0
500.0
500.0
500.0
500.0
500.0
500.0
500.0
500.0
500.0
500.0
500.0
500.0
500.0
500.0
500.0
500.0
500.0
500.0
500.0
500.0
500.0
163.0
175.0
500.0
500.0
500.0
475.0
500.0
500.0
500.0
500.0
455.0
500.0
500.0
500.0
500.0
234.0
500.0
260.0
500.0
500.0
500.0
500.0
500.0
500.0
500.0
500.0
500.0
500.0
500.0
500.0
500.0
500.0
367.0
408.0
500.0
357.0
193.0
286.0
500.0
434.0
344.0
500.0
269.0
500.0
175.0
209.0
193.0
500.0
500.0
272.0
202.0
236.0
500.0
500.0
500.0
500.0
340.0
500.0
183.0
320.0
153.0
500.0
326.0
500.0
324.0
233.0
500.0
338.0
500.0
71.0
500.0
224.0
144.0
201.0
251.0
291.0
376.0
206.0
339.0
240.0
177.0
206.0
343.0
500.0
500.0
500.0
287.0
186.0
364.0
209.0
192.0
389.0
136.0
500.0
500.0
152.0
157.0
130.0
500.0
243.0
500.0
500.0
192.0
500.0
500.0
500.0
500.0
162.0
500.0
150.0
500.0
500.0
223.0
500.0
146.0
491.0
500.0
283.0
309.0
342.0
365.0
72.0
261.0
500.0
262.0
500.0
480.0
119.0
287.0
49.0
169.0
132.0
267.0
500.0
500.0
277.0
193.0
500.0
500.0
371.0
192.0
420.0
179.0
291.0
500.0
137.0
500.0
252.0
245.0
331.0
495.0
201.0
500.0
162.0
500.0
146.0
59.0
255.0
80.0
500.0
155.0
500.0
500.0
132.0
327.0
183.0
156.0
225.0
132.0
96.0
74.0
172.0
120.0
293.0
55.0
57.0
122.0
257.0
125.0
138.0
148.0
53.0
190.0
101.0
78.0
127.0
52.0
71.0
134.0
74.0
488.0
100.0
201.0
200.0
130.0
103.0
441.0
232.0
141.0
69.0
500.0
89.0
147.0
232.0
114.0
242.0
228.0
500.0
500.0
131.0
108.0
232.0
60.0
176.0
500.0
93.0
113.0
170.0
75.0
159.0
146.0
391.0
214.0
188.0
200.0
166.0
62.0
64.0
211.0
100.0
78.0
500.0
365.0
164.0
126.0
183.0
286.0
208.0
138.0
104.0
114.0
79.0
259.0
90.0
142.0
157.0
84.0
251.0
105.0
135.0
89.0
307.0
184.0
73.0
89.0
166.0
120.0
281.0
48.0
93.0
290.0
126.0
64.0
69.0
51.0
63.0
201.0
165.0
113.0
183.0
83.0
84.0
186.0
137.0
102.0
320.0
168.0
86.0
183.0
182.0
122.0
131.0
125.0
50.0
101.0
59.0
52.0
66.0
42.0
181.0
132.0
43.0
192.0
156.0
151.0
112.0
98.0
249.0
92.0
204.0
225.0
103.0
168.0
215.0
280.0
225.0
273.0
229.0
364.0
204.0
238.0
67.0
153.0
117.0
150.0
223.0
151.0
145.0
255.0
207.0
500.0
472.0
119.0
100.0
232.0
118.0
99.0
335.0
85.0
120.0
195.0
326.0
103.0
186.0
151.0
97.0
161.0
289.0
135.0
189.0
183.0
174.0
232.0
293.0
243.0
139.0
317.0
278.0
140.0
159.0
175.0
298.0
279.0
139.0
69.0
81.0
126.0
95.0
292.0
346.0
386.0
274.0
500.0
459.0
500.0
500.0
398.0
500.0
127.0
444.0
453.0
394.0
261.0
443.0
368.0
500.0
446.0
133.0
500.0
500.0
500.0
450.0
428.0
254.0
500.0
500.0
300.0
222.0
500.0
500.0
418.0
499.0
419.0
202.0
500.0
404.0
500.0
500.0
500.0
106.0
500.0
482.0
494.0
453.0
147.0
354.0
500.0
448.0
443.0
500.0
500.0
500.0
500.0
500.0
500.0
452.0
385.0
500.0
500.0
88.0
500.0
429.0
61.0
500.0
490.0
500.0
500.0
462.0
500.0
500.0
500.0
386.0
500.0
500.0
500.0
500.0
500.0
500.0
500.0
500.0
500.0
457.0
500.0
500.0
500.0
415.0
500.0
471.0
500.0
500.0
500.0
500.0
500.0
429.0
500.0
500.0
500.0
410.0
500.0
500.0
500.0
500.0
500.0
457.0
500.0
358.0
439.0
500.0
307.0
500.0
500.0
257.0
500.0
500.0
500.0
174.0
441.0
410.0
500.0
500.0
379.0
150.0
500.0
500.0
500.0
470.0
355.0
500.0
500.0
447.0
500.0
500.0
500.0
500.0
500.0
500.0
500.0
500.0
500.0
500.0
500.0
489.0
500.0
313.0
500.0
236.0
470.0
500.0
500.0
246.0
500.0
500.0
100.0
289.0
344.0
134.0
41.0
88.0
97.0
252.0
76.0
181.0
500.0
50.0
316.0
500.0
500.0
423.0
250.0
224.0
103.0
500.0
346.0
427.0
412.0
40.0
500.0
500.0
500.0
500.0
409.0
500.0
311.0
178.0
480.0
500.0
500.0
320.0
303.0
500.0
500.0
500.0
500.0
500.0
470.0
89.0
500.0
500.0
500.0
500.0
500.0
314.0
122.0
500.0
500.0
500.0
470.0
82.0
500.0
500.0
500.0
500.0
500.0
500.0
500.0
500.0
75.0
500.0
500.0
500.0
386.0
445.0
388.0
219.0
125.0
500.0
256.0
500.0
83.0
454.0
145.0
145.0
334.0
500.0
198.0
500.0
229.0
98.0
195.0
205.0
152.0
140.0
259.0
152.0
212.0
192.0
158.0
149.0
149.0
245.0
373.0
116.0
177.0
137.0
99.0
153.0
349.0
500.0
500.0
205.0
125.0
323.0
172.0
291.0
146.0
500.0
402.0
191.0
157.0
154.0
175.0
186.0
119.0
376.0
191.0
263.0
77.0
127.0
71.0
254.0
204.0
152.0
461.0
242.0
275.0
142.0
244.0
133.0
202.0
313.0
222.0
228.0
161.0
222.0
287.0
233.0
157.0
203.0
103.0
196.0
178.0
134.0
263.0
168.0
143.0
143.0
203.0
342.0
311.0
197.0
174.0
236.0
500.0
190.0
500.0
173.0
241.0
187.0
500.0
500.0
200.0
141.0
93.0
500.0
180.0
111.0
131.0
138.0
322.0
337.0
500.0
406.0
252.0
500.0
111.0
292.0
249.0
121.0
500.0
130.0
344.0
176.0
139.0
339.0
223.0
380.0
275.0
129.0
222.0
144.0
196.0
235.0
206.0
209.0
500.0
94.0
144.0
437.0
146.0
174.0
185.0
209.0
500.0
500.0
121.0
500.0
500.0
500.0
134.0
187.0
347.0
227.0
85.0
385.0
298.0
500.0
206.0
175.0
407.0
134.0
274.0
257.0
163.0
170.0
206.0
262.0
100.0
500.0
111.0
500.0
500.0
500.0
102.0
128.0
279.0
335.0
500.0
245.0
115.0
123.0
200.0
500.0
146.0
230.0
294.0
220.0
151.0
227.0
86.0
181.0
500.0
500.0
304.0
274.0
280.0
23.0
146.0
208.0
102.0
82.0
165.0
500.0
100.0
226.0
168.0
142.0
122.0
500.0
330.0
500.0
495.0
338.0
464.0
190.0
89.0
233.0
283.0
358.0
252.0
234.0
500.0
128.0
238.0
186.0
256.0
500.0
244.0
261.0
211.0
285.0
181.0
238.0
227.0
418.0
200.0
293.0
316.0
131.0
257.0
263.0
140.0
305.0
500.0
489.0
500.0
138.0
196.0
296.0
230.0
157.0
30.0
248.0
500.0
138.0
500.0
92.0
113.0
99.0
192.0
124.0
74.0
221.0
241.0
500.0
500.0
228.0
124.0
500.0
192.0
451.0
92.0
83.0
486.0
107.0
75.0
122.0
500.0
60.0
190.0
390.0
345.0
463.0
261.0
500.0
500.0
161.0
256.0
270.0
403.0
403.0
58.0
500.0
500.0
500.0
500.0
320.0
500.0
500.0
500.0
357.0
349.0
500.0
500.0
159.0
500.0
329.0
500.0
266.0
500.0
500.0
274.0
500.0
500.0
398.0
500.0
500.0
500.0
500.0
500.0
416.0
500.0
500.0
152.0
500.0
265.0
500.0
500.0
300.0
246.0
500.0
425.0
500.0
500.0
500.0
500.0
500.0
124.0
500.0
500.0
29.0
500.0
500.0
500.0
326.0
500.0
61.0
500.0
98.0
494.0
500.0
500.0
98.0
500.0
313.0
97.0
500.0
500.0
500.0
500.0
500.0
500.0
500.0
500.0
500.0
500.0
399.0
196.0
500.0
67.0
120.0
500.0
471.0
92.0
107.0
204.0
139.0
41.0
92.0
154.0
68.0
83.0
43.0
34.0
221.0
179.0
151.0
113.0
94.0
138.0
186.0
235.0
79.0
71.0
215.0
156.0
44.0
96.0
180.0
122.0
110.0
56.0
185.0
57.0
43.0
73.0
70.0
191.0
107.0
40.0
77.0
48.0
38.0
274.0
88.0
48.0
56.0
432.0
161.0
95.0
53.0
176.0
43.0
293.0
118.0
73.0
94.0
130.0
344.0
143.0
143.0
155.0
500.0
54.0
122.0
45.0
139.0
66.0
91.0
98.0
44.0
201.0
110.0
126.0
99.0
83.0
33.0
45.0
68.0
130.0
143.0
230.0
99.0
106.0
83.0
47.0
211.0
136.0
212.0
98.0
157.0
59.0
112.0
120.0
128.0
62.0
256.0
96.0
392.0
500.0
500.0
77.0
500.0
200.0
216.0
108.0
200.0
75.0
243.0
500.0
184.0
58.0
381.0
61.0
132.0
246.0
500.0
500.0
246.0
500.0
500.0
206.0
424.0
244.0
500.0
500.0
306.0
182.0
500.0
112.0
81.0
500.0
500.0
164.0
336.0
62.0
238.0
305.0
136.0
73.0
500.0
257.0
500.0
332.0
185.0
87.0
106.0
64.0
89.0
61.0
113.0
84.0
500.0
176.0
60.0
89.0
159.0
500.0
117.0
290.0
68.0
56.0
52.0
95.0
91.0
90.0
96.0
500.0
56.0
433.0
500.0
500.0
500.0
500.0
500.0
246.0
43.0
500.0
311.0
438.0
180.0
158.0
425.0
41.0
42.0
157.0
500.0
89.0
500.0
422.0
120.0
196.0
60.0
270.0
498.0
88.0
69.0
183.0
52.0
310.0
91.0
68.0
43.0
200.0
258.0
135.0
80.0
88.0
334.0
82.0
41.0
132.0
129.0
301.0
500.0
117.0
355.0
500.0
82.0
128.0
262.0
309.0
172.0
500.0
153.0
275.0
500.0
500.0
500.0
500.0
500.0
56.0
500.0
500.0
500.0
500.0
500.0
500.0
500.0
171.0
135.0
500.0
500.0
500.0
290.0
500.0
500.0
452.0
500.0
500.0
487.0
500.0
178.0
500.0
500.0
500.0
500.0
500.0
500.0
500.0
157.0
418.0
500.0
417.0
500.0
500.0
500.0
500.0
361.0
161.0
500.0
500.0
500.0
500.0
500.0
500.0
500.0
500.0
500.0
500.0
500.0
500.0
500.0
500.0
500.0
500.0
500.0
500.0
500.0
500.0
500.0
500.0
500.0
500.0
500.0
381.0
500.0
500.0
198.0
500.0
500.0
500.0
102.0
500.0
500.0
171.0
500.0
500.0
500.0
389.0
186.0
500.0
500.0
198.0
500.0
500.0
481.0
500.0
54.0
500.0
200.0
119.0
335.0
78.0
500.0
500.0
500.0
454.0
500.0
500.0
500.0
500.0
127.0
500.0
500.0
500.0
500.0
500.0
500.0
500.0
500.0
500.0
500.0
500.0
500.0
500.0
500.0
500.0
58.0
176.0
500.0
500.0
286.0
500.0
500.0
500.0
500.0
500.0
491.0
480.0
457.0
94.0
479.0
64.0
86.0
500.0
500.0
500.0
500.0
500.0
296.0
500.0
500.0
46.0
500.0
435.0
500.0
500.0
89.0
500.0
106.0
485.0
203.0
500.0
500.0
187.0
500.0
500.0
500.0
500.0
500.0
500.0
500.0
500.0
500.0
500.0
500.0
500.0
500.0
500.0
500.0
500.0
500.0
500.0
500.0
500.0
500.0
500.0
500.0
289.0
82.0
453.0
500.0
500.0
500.0
342.0
250.0
500.0
407.0
500.0
500.0
465.0
500.0
500.0
500.0
500.0
500.0
107.0
431.0
500.0
500.0
500.0
500.0
500.0
500.0
500.0
239.0
328.0
173.0
500.0
500.0
500.0
353.0
500.0
500.0
500.0
500.0
500.0
381.0
161.0
250.0
500.0
500.0
500.0
500.0
500.0
500.0
452.0
500.0
500.0
500.0
500.0
500.0
500.0
146.0
500.0
500.0
500.0
114.0
500.0
500.0
500.0
132.0
40.0
500.0
500.0
500.0
500.0
500.0
500.0
500.0
424.0
500.0
500.0
500.0
500.0
500.0
500.0
500.0
500.0
151.0
500.0
228.0
429.0
500.0
500.0
500.0
500.0
193.0
500.0
500.0
500.0
500.0
336.0
500.0
297.0
500.0
500.0
452.0
246.0
500.0
500.0
500.0
500.0
500.0
432.0
500.0
500.0
500.0
491.0
500.0
500.0
500.0
500.0
500.0
500.0
500.0
500.0
500.0
500.0
500.0
185.0
500.0
338.0
500.0
500.0
500.0
500.0
336.0
500.0
396.0
500.0
500.0
374.0
500.0
500.0
500.0
500.0
383.0
226.0
269.0
329.0
56.0
94.0
164.0
236.0
500.0
131.0
500.0
500.0
190.0
60.0
500.0
484.0
164.0
500.0
500.0
92.0
135.0
418.0
500.0
446.0
203.0
192.0
500.0
500.0
500.0
500.0
204.0
500.0
431.0
500.0
130.0
116.0
150.0
107.0
500.0
165.0
203.0
99.0
500.0
90.0
500.0
363.0
40.0
78.0
308.0
373.0
500.0
500.0
500.0
307.0
140.0
281.0
282.0
82.0
500.0
500.0
390.0
132.0
202.0
117.0
162.0
500.0
160.0
500.0
81.0
261.0
478.0
60.0
294.0
90.0
263.0
420.0
500.0
337.0
412.0
93.0
187.0
358.0
167.0
500.0
46.0
304.0
60.0
422.0
500.0
90.0
53.0
500.0
276.0
500.0
271.0
161.0
277.0
500.0
175.0
335.0
500.0
220.0
157.0
106.0
267.0
104.0
410.0
500.0
421.0
75.0
370.0
422.0
500.0
500.0
500.0
337.0
326.0
500.0
113.0
284.0
132.0
242.0
70.0
130.0
219.0
240.0
500.0
444.0
155.0
321.0
94.0
163.0
454.0
178.0
254.0
377.0
181.0
230.0
124.0
163.0
138.0
228.0
103.0
100.0
172.0
133.0
210.0
121.0
500.0
500.0
500.0
161.0
246.0
200.0
221.0
135.0
153.0
143.0
142.0
99.0
135.0
237.0
106.0
97.0
107.0
93.0
280.0
408.0
142.0
113.0
218.0
106.0
101.0
133.0
101.0
254.0
257.0
154.0
248.0
305.0
159.0
108.0
256.0
132.0
207.0
125.0
264.0
267.0
208.0
255.0
167.0
269.0
239.0
161.0
306.0
132.0
238.0
240.0
201.0
108.0
162.0
301.0
165.0
345.0
176.0
148.0
240.0
270.0
246.0
500.0
263.0
141.0
184.0
213.0
228.0
198.0
191.0
159.0
185.0
233.0
137.0
187.0
283.0
303.0
210.0
128.0
237.0
242.0
224.0
175.0
500.0
149.0
284.0
257.0
136.0
198.0
279.0
154.0
219.0
210.0
164.0
204.0
192.0
247.0
135.0
106.0
219.0
194.0
122.0
127.0
231.0
247.0
257.0
301.0
190.0
259.0
216.0
135.0
320.0
191.0
166.0
219.0
257.0
383.0
165.0
123.0
242.0
215.0
180.0
228.0
191.0
273.0
244.0
348.0
144.0
132.0
215.0
176.0
192.0
500.0
160.0
151.0
111.0
256.0
268.0
213.0
107.0
149.0
216.0
189.0
207.0
121.0
221.0
284.0
300.0
212.0
230.0
210.0
130.0
127.0
159.0
136.0
207.0
130.0
172.0
220.0
195.0
159.0
412.0
348.0
151.0
184.0
134.0
500.0
307.0
155.0
143.0
269.0
289.0
154.0
194.0
184.0
274.0
129.0
157.0
151.0
236.0
186.0
272.0
240.0
210.0
188.0
279.0
214.0
119.0
135.0
181.0
171.0
131.0
102.0
284.0
166.0
186.0
123.0
217.0
211.0
185.0
128.0
240.0
151.0
156.0
102.0
97.0
197.0
302.0
144.0
300.0
170.0
142.0
395.0
117.0
206.0
205.0
272.0
260.0
256.0
174.0
262.0
220.0
150.0
159.0
238.0
321.0
145.0
196.0
215.0
197.0
125.0
136.0
238.0
210.0
185.0
107.0
332.0
235.0
216.0
137.0
177.0
149.0
112.0
103.0
160.0
353.0
179.0
387.0
312.0
318.0
138.0
90.0
181.0
239.0
13.0
181.0
314.0
170.0
175.0
153.0
198.0
246.0
107.0
226.0
208.0
331.0
134.0
231.0
362.0
147.0
311.0
180.0
378.0
139.0
273.0
224.0
159.0
110.0
237.0
154.0
163.0
212.0
217.0
134.0
273.0
224.0
140.0
191.0
331.0
106.0
254.0
159.0
165.0
140.0
224.0
233.0
157.0
232.0
241.0
301.0
364.0
500.0
269.0
146.0
260.0
235.0
337.0
140.0
177.0
225.0
238.0
136.0
163.0
256.0
179.0
197.0
213.0
151.0
139.0
214.0
132.0
282.0
273.0
169.0
133.0
153.0
289.0
203.0
151.0
211.0
336.0
224.0
203.0
111.0
186.0
295.0
148.0
402.0
104.0
179.0
168.0
147.0
152.0
227.0
209.0
292.0
214.0
187.0
310.0
263.0
207.0
118.0
444.0
317.0
203.0
238.0
182.0
237.0
275.0
166.0
281.0
281.0
211.0
189.0
289.0
211.0
262.0
273.0
123.0
300.0
500.0
117.0
188.0
289.0
327.0
248.0
219.0
222.0
289.0
273.0
263.0
153.0
307.0
121.0
387.0
133.0
150.0
181.0
323.0
211.0
284.0
238.0
186.0
299.0
227.0
205.0
333.0
188.0
330.0
372.0
119.0
235.0
294.0
127.0
266.0
283.0
297.0
252.0
234.0
199.0
102.0
110.0
324.0
241.0
266.0
230.0
283.0
230.0
90.0
113.0
153.0
143.0
96.0
172.0
166.0
212.0
95.0
247.0
159.0
151.0
197.0
210.0
145.0
204.0
220.0
35.0
229.0
113.0
295.0
164.0
141.0
160.0
164.0
174.0
160.0
102.0
168.0
130.0
204.0
185.0
304.0
140.0
102.0
294.0
156.0
109.0
227.0
378.0
272.0
95.0
498.0
461.0
134.0
114.0
206.0
500.0
410.0
270.0
500.0
324.0
478.0
242.0
323.0
127.0
219.0
296.0
177.0
491.0
500.0
488.0
500.0
500.0
500.0
500.0
500.0
479.0
500.0
500.0
500.0
312.0
374.0
500.0
500.0
459.0
352.0
283.0
129.0
238.0
109.0
375.0
297.0
500.0
500.0
500.0
196.0
266.0
283.0
500.0
183.0
447.0
464.0
156.0
197.0
176.0
380.0
277.0
405.0
193.0
500.0
73.0
500.0
55.0
133.0
366.0
458.0
407.0
337.0
500.0
351.0
161.0
500.0
317.0
181.0
362.0
381.0
275.0
500.0
500.0
334.0
166.0
263.0
500.0
450.0
500.0
440.0
324.0
447.0
119.0
222.0
500.0
381.0
181.0
429.0
500.0
130.0
262.0
500.0
263.0
387.0
287.0
415.0
401.0
500.0
500.0
500.0
336.0
391.0
169.0
313.0
126.0
397.0
96.0
137.0
299.0
378.0
438.0
315.0
152.0
496.0
375.0
500.0
226.0
285.0
383.0
448.0
411.0
158.0
190.0
500.0
274.0
26.0
280.0
324.0
426.0
327.0
359.0
236.0
26.0
458.0
363.0
494.0
158.0
468.0
265.0
500.0
375.0
500.0
353.0
191.0
403.0
321.0
417.0
249.0
374.0
330.0
234.0
193.0
135.0
345.0
350.0
451.0
239.0
300.0
406.0
471.0
500.0
339.0
365.0
381.0
500.0
404.0
393.0
416.0
487.0
249.0
389.0
297.0
248.0
193.0
348.0
352.0
32.0
259.0
164.0
500.0
192.0
166.0
49.0
144.0
372.0
500.0
500.0
500.0
65.0
500.0
500.0
165.0
417.0
497.0
423.0
412.0
117.0
21.0
358.0
344.0
316.0
434.0
348.0
374.0
424.0
209.0
415.0
342.0
266.0
500.0
352.0
500.0
500.0
344.0
476.0
332.0
500.0
500.0
366.0
397.0
269.0
380.0
345.0
220.0
427.0
343.0
335.0
490.0
500.0
406.0
394.0
392.0
500.0
493.0
145.0
500.0
272.0
500.0
42.0
242.0
420.0
500.0
202.0
279.0
353.0
308.0
194.0
450.0
370.0
500.0
210.0
500.0
500.0
39.0
235.0
150.0
500.0
377.0
500.0
219.0
367.0
47.0
251.0
416.0
360.0
126.0
317.0
342.0
365.0
416.0
500.0
427.0
410.0
85.0
209.0
327.0
232.0
184.0
438.0
500.0
180.0
224.0
472.0
500.0
357.0
141.0
419.0
401.0
116.0
94.0
353.0
242.0
353.0
249.0
82.0
500.0
500.0
151.0
190.0
282.0
500.0
387.0
162.0
221.0
186.0
230.0
442.0
500.0
90.0
100.0
244.0
149.0
130.0
500.0
83.0
500.0
162.0
209.0
387.0
85.0
337.0
500.0
138.0
500.0
500.0
276.0
500.0
58.0
500.0
143.0
316.0
175.0
339.0
51.0
182.0
500.0
338.0
172.0
321.0
173.0
115.0
336.0
251.0
127.0
127.0
169.0
305.0
220.0
73.0
146.0
149.0
231.0
480.0
132.0
124.0
154.0
100.0
252.0
286.0
500.0
40.0
174.0
277.0
235.0
168.0
109.0
260.0
185.0
467.0
396.0
245.0
66.0
500.0
500.0
92.0
214.0
71.0
500.0
62.0
424.0
364.0
500.0
142.0
89.0
500.0
288.0
462.0
54.0
500.0
230.0
149.0
155.0
130.0
173.0
286.0
418.0
500.0
227.0
500.0
500.0
500.0
151.0
282.0
100.0
192.0
303.0
500.0
353.0
500.0
500.0
207.0
121.0
500.0
181.0
500.0
140.0
95.0
500.0
500.0
255.0
500.0
83.0
136.0
500.0
413.0
176.0
107.0
332.0
359.0
133.0
422.0
500.0
188.0
204.0
233.0
286.0
183.0
127.0
398.0
219.0
148.0
221.0
500.0
167.0
195.0
450.0
67.0
96.0
71.0
306.0
187.0
500.0
500.0
236.0
445.0
248.0
500.0
153.0
500.0
355.0
209.0
63.0
88.0
500.0
500.0
105.0
103.0
461.0
166.0
356.0
199.0
500.0
500.0
113.0
500.0
196.0
429.0
500.0
233.0
500.0
231.0
201.0
121.0
141.0
76.0
363.0
387.0
500.0
223.0
98.0
300.0
500.0
138.0
500.0
434.0
500.0
500.0
158.0
500.0
84.0
381.0
64.0
166.0
500.0
500.0
486.0
367.0
500.0
439.0
179.0
500.0
137.0
500.0
108.0
500.0
377.0
276.0
207.0
500.0
500.0
415.0
153.0
307.0
500.0
256.0
265.0
119.0
265.0
37.0
192.0
355.0
52.0
369.0
127.0
140.0
147.0
422.0
500.0
359.0
282.0
500.0
434.0
132.0
258.0
304.0
499.0
368.0
500.0
399.0
261.0
423.0
464.0
301.0
450.0
320.0
237.0
89.0
500.0
416.0
208.0
500.0
465.0
345.0
198.0
170.0
256.0
200.0
194.0
72.0
286.0
325.0
271.0
241.0
152.0
70.0
125.0
342.0
500.0
391.0
500.0
114.0
211.0
500.0
100.0
444.0
500.0
106.0
195.0
149.0
444.0
267.0
137.0
342.0
383.0
61.0
399.0
443.0
135.0
242.0
59.0
146.0
155.0
386.0
500.0
500.0
500.0
500.0
500.0
486.0
500.0
500.0
500.0
444.0
500.0
468.0
500.0
500.0
341.0
500.0
500.0
500.0
500.0
420.0
471.0
500.0
500.0
500.0
359.0
500.0
416.0
500.0
500.0
500.0
500.0
93.0
500.0
500.0
500.0
500.0
500.0
415.0
500.0
500.0
345.0
500.0
500.0
500.0
500.0
500.0
500.0
500.0
500.0
500.0
500.0
500.0
500.0
500.0
500.0
500.0
500.0
500.0
366.0
500.0
500.0
500.0
500.0
351.0
478.0
500.0
500.0
500.0
500.0
500.0
500.0
500.0
500.0
500.0
417.0
248.0
500.0
463.0
500.0
500.0
449.0
500.0
500.0
313.0
256.0
447.0
500.0
427.0
500.0
500.0
452.0
500.0
500.0
474.0
500.0
500.0
500.0
427.0
500.0
233.0
500.0
500.0
495.0
500.0
500.0
500.0
500.0
392.0
500.0
500.0
500.0
500.0
500.0
215.0
500.0
500.0
413.0
192.0
500.0
500.0
500.0
500.0
500.0
500.0
500.0
500.0
500.0
500.0
387.0
158.0
143.0
135.0
500.0
497.0
500.0
500.0
500.0
296.0
500.0
500.0
500.0
500.0
500.0
500.0
500.0
284.0
500.0
500.0
500.0
43.0
198.0
500.0
500.0
500.0
500.0
500.0
445.0
171.0
457.0
500.0
500.0
500.0
500.0
500.0
500.0
20.0
500.0
500.0
500.0
500.0
500.0
500.0
500.0
489.0
500.0
500.0
203.0
500.0
500.0
329.0
500.0
98.0
500.0
98.0
500.0
500.0
500.0
500.0
500.0
500.0
500.0
500.0
500.0
500.0
500.0
252.0
500.0
500.0
500.0
500.0
500.0
500.0
500.0
500.0
500.0
500.0
500.0
500.0
500.0
293.0
500.0
455.0
500.0
500.0
500.0
189.0
500.0
309.0
500.0
500.0
500.0
500.0
389.0
500.0
500.0
466.0
500.0
464.0
500.0
500.0
231.0
500.0
175.0
500.0
500.0
500.0
500.0
500.0
500.0
500.0
205.0
500.0
500.0
293.0
500.0
458.0
341.0
312.0
500.0
500.0
500.0
402.0
500.0
500.0
500.0
500.0
500.0
500.0
500.0
500.0
500.0
500.0
500.0
500.0
227.0
500.0
500.0
500.0
482.0
500.0
500.0
500.0
500.0
500.0
500.0
444.0
500.0
500.0
500.0
500.0
500.0
500.0
500.0
500.0
500.0
500.0
500.0
500.0
500.0
500.0
500.0
270.0
500.0
500.0
491.0
500.0
500.0
494.0
500.0
500.0
455.0
500.0
248.0
450.0
500.0
500.0
500.0
457.0
500.0
500.0
500.0
428.0
500.0
273.0
500.0
500.0
495.0
500.0
279.0
500.0
441.0
164.0
500.0
500.0
500.0
500.0
500.0
428.0
464.0
500.0
398.0
438.0
500.0
500.0
500.0
48.0
500.0
500.0
500.0
500.0
500.0
114.0
500.0
351.0
500.0
500.0
500.0
154.0
500.0
500.0
500.0
500.0
500.0
149.0
156.0
122.0
500.0
57.0
500.0
500.0
500.0
64.0
284.0
150.0
500.0
500.0
500.0
500.0
500.0
500.0
117.0
500.0
38.0
500.0
56.0
500.0
500.0
500.0
341.0
500.0
500.0
500.0
500.0
500.0
178.0
441.0
500.0
500.0
500.0
500.0
267.0
500.0
263.0
500.0
242.0
151.0
500.0
500.0
500.0
500.0
145.0
500.0
500.0
500.0
500.0
500.0
500.0
419.0
500.0
500.0
500.0
449.0
500.0
495.0
488.0
365.0
132.0
500.0
500.0
500.0
500.0
420.0
451.0
500.0
500.0
500.0
498.0
95.0
500.0
500.0
171.0
500.0
500.0
361.0
500.0
62.0
195.0
500.0
358.0
425.0
500.0
500.0
500.0
500.0
494.0
500.0
191.0
500.0
500.0
500.0
81.0
500.0
500.0
500.0
463.0
500.0
500.0
266.0
500.0
446.0
378.0
164.0
500.0
500.0
500.0
500.0
500.0
500.0
500.0
500.0
500.0
500.0
275.0
500.0
500.0
500.0
500.0
87.0
148.0
500.0
452.0
500.0
500.0
500.0
500.0
500.0
500.0
500.0
500.0
500.0
500.0
500.0
500.0
500.0
500.0
500.0
498.0
418.0
103.0
500.0
500.0
500.0
500.0
500.0
144.0
500.0
500.0
500.0
221.0
386.0
175.0
500.0
500.0
500.0
333.0
500.0
447.0
249.0
500.0
500.0
452.0
500.0
183.0
500.0
500.0
500.0
500.0
484.0
500.0
494.0
420.0
382.0
372.0
67.0
500.0
217.0
200.0
269.0
365.0
238.0
237.0
264.0
303.0
143.0
251.0
268.0
311.0
500.0
348.0
500.0
500.0
342.0
500.0
337.0
125.0
69.0
500.0
413.0
500.0
411.0
316.0
500.0
371.0
415.0
139.0
500.0
500.0
186.0
414.0
286.0
394.0
350.0
210.0
228.0
449.0
45.0
368.0
267.0
500.0
91.0
24.0
500.0
68.0
421.0
324.0
427.0
500.0
89.0
227.0
453.0
281.0
499.0
208.0
500.0
229.0
183.0
446.0
500.0
455.0
22.0
432.0
500.0
500.0
500.0
95.0
416.0
500.0
231.0
500.0
101.0
500.0
128.0
213.0
157.0
500.0
153.0
309.0
500.0
193.0
256.0
500.0
500.0
443.0
500.0
500.0
446.0
103.0
9.0
352.0
331.0
190.0
144.0
500.0
139.0
313.0
500.0
115.0
500.0
370.0
355.0
500.0
362.0
500.0
500.0
104.0
500.0
240.0
132.0
83.0
500.0
395.0
233.0
500.0
152.0
242.0
73.0
321.0
118.0
444.0
500.0
500.0
500.0
500.0
457.0
500.0
130.0
500.0
500.0
500.0
178.0
500.0
500.0
280.0
289.0
440.0
500.0
500.0
51.0
204.0
63.0
119.0
500.0
500.0
125.0
427.0
279.0
500.0
445.0
381.0
500.0
245.0
500.0
65.0
314.0
133.0
294.0
500.0
310.0
208.0
500.0
294.0
500.0
209.0
500.0
500.0
54.0
56.0
154.0
99.0
500.0
254.0
296.0
248.0
500.0
352.0
452.0
247.0
397.0
286.0
27.0
249.0
500.0
453.0
500.0
283.0
500.0
500.0
222.0
500.0
500.0
405.0
500.0
447.0
500.0
345.0
165.0
500.0
141.0
152.0
500.0
341.0
322.0
366.0
171.0
500.0
277.0
165.0
304.0
335.0
354.0
500.0
145.0
424.0
500.0
133.0
500.0
272.0
197.0
500.0
249.0
343.0
359.0
62.0
500.0
500.0
500.0
351.0
500.0
122.0
500.0
500.0
500.0
100.0
500.0
50.0
500.0
500.0
500.0
500.0
500.0
293.0
500.0
500.0
500.0
500.0
500.0
500.0
500.0
500.0
500.0
210.0
500.0
500.0
365.0
500.0
500.0
500.0
431.0
500.0
253.0
500.0
500.0
500.0
500.0
500.0
32.0
500.0
500.0
500.0
500.0
500.0
500.0
500.0
123.0
343.0
500.0
500.0
388.0
205.0
128.0
299.0
244.0
196.0
479.0
500.0
316.0
500.0
297.0
500.0
500.0
315.0
500.0
469.0
282.0
105.0
407.0
438.0
467.0
176.0
220.0
500.0
117.0
500.0
24.0
117.0
500.0
95.0
500.0
500.0
356.0
500.0
39.0
263.0
500.0
384.0
441.0
500.0
500.0
224.0
258.0
419.0
202.0
239.0
21.0
132.0
189.0
48.0
212.0
500.0
500.0
295.0
500.0
229.0
114.0
500.0
142.0
500.0
325.0
500.0
500.0
500.0
132.0
63.0
132.0
500.0
500.0
438.0
344.0
500.0
500.0
323.0
500.0
500.0
418.0
392.0
264.0
407.0
500.0
366.0
500.0
500.0
298.0
500.0
500.0
155.0
500.0
500.0
146.0
193.0
22.0
500.0
237.0
500.0
411.0
500.0
500.0
500.0
500.0
500.0
382.0
291.0
76.0
500.0
48.0
268.0
273.0
500.0
500.0
452.0
500.0
328.0
412.0
500.0
500.0
66.0
156.0
194.0
500.0
18.0
465.0
387.0
500.0
500.0
500.0
500.0
495.0
500.0
498.0
500.0
500.0
500.0
500.0
500.0
500.0
500.0
500.0
500.0
500.0
500.0
59.0
307.0
500.0
500.0
500.0
377.0
500.0
500.0
500.0
11.0
427.0
500.0
500.0
500.0
500.0
253.0
450.0
500.0
500.0
500.0
498.0
500.0
346.0
500.0
500.0
500.0
500.0
500.0
500.0
500.0
500.0
500.0
500.0
500.0
500.0
500.0
500.0
500.0
396.0
500.0
266.0
360.0
500.0
500.0
500.0
500.0
500.0
500.0
500.0
79.0
500.0
500.0
500.0
500.0
500.0
500.0
500.0
500.0
500.0
500.0
244.0
500.0
500.0
500.0
500.0
477.0
500.0
354.0
500.0
500.0
500.0
500.0
418.0
500.0
500.0
500.0
500.0
500.0
500.0
500.0
487.0
500.0
500.0
500.0
411.0
500.0
500.0
500.0
500.0
500.0
500.0
500.0
500.0
500.0
500.0
411.0
500.0
338.0
500.0
500.0
344.0
500.0
500.0
500.0
500.0
458.0
500.0
500.0
500.0
341.0
500.0
500.0
500.0
500.0
167.0
500.0
500.0
30.0
500.0
478.0
413.0
500.0
500.0
500.0
500.0
500.0
500.0
293.0
140.0
500.0
500.0
500.0
500.0
322.0
500.0
500.0
131.0
500.0
309.0
500.0
446.0
500.0
483.0
500.0
500.0
500.0
500.0
500.0
500.0
500.0
290.0
500.0
500.0
500.0
500.0
500.0
166.0
425.0
500.0
500.0
500.0
500.0
500.0
500.0
193.0
462.0
500.0
500.0
292.0
476.0
500.0
500.0
500.0
500.0
424.0
500.0
123.0
500.0
498.0
223.0
129.0
258.0
488.0
167.0
500.0
116.0
500.0
185.0
155.0
500.0
245.0
480.0
500.0
500.0
326.0
500.0
216.0
500.0
365.0
500.0
258.0
165.0
341.0
339.0
285.0
436.0
172.0
383.0
500.0
145.0
374.0
255.0
182.0
85.0
185.0
106.0
273.0
480.0
463.0
228.0
161.0
124.0
356.0
500.0
349.0
77.0
315.0
500.0
500.0
500.0
500.0
500.0
500.0
500.0
500.0
500.0
462.0
500.0
500.0
500.0
500.0
500.0
500.0
500.0
500.0
500.0
500.0
500.0
500.0
500.0
200.0
500.0
500.0
245.0
462.0
500.0
500.0
500.0
500.0
500.0
480.0
500.0
500.0
500.0
149.0
500.0
500.0
500.0
172.0
296.0
200.0
500.0
500.0
182.0
422.0
500.0
500.0
152.0
186.0
500.0
500.0
231.0
500.0
23.0
500.0
500.0
328.0
389.0
500.0
500.0
500.0
500.0
500.0
500.0
500.0
500.0
308.0
330.0
500.0
500.0
500.0
500.0
500.0
500.0
397.0
500.0
500.0
500.0
161.0
500.0
390.0
500.0
154.0
500.0
500.0
500.0
500.0
500.0
500.0
190.0
500.0
456.0
500.0
372.0
236.0
500.0
162.0
500.0
500.0
500.0
500.0
500.0
500.0
500.0
122.0
111.0
470.0
81.0
323.0
487.0
500.0
500.0
500.0
43.0
500.0
500.0
500.0
500.0
500.0
483.0
219.0
35.0
321.0
386.0
347.0
500.0
205.0
500.0
500.0
500.0
432.0
368.0
113.0
500.0
500.0
500.0
111.0
500.0
500.0
429.0
500.0
500.0
468.0
175.0
500.0
75.0
500.0
500.0
500.0
437.0
500.0
500.0
500.0
142.0
500.0
499.0
319.0
434.0
148.0
340.0
500.0
500.0
500.0
476.0
445.0
344.0
432.0
500.0
500.0
500.0
500.0
393.0
425.0
488.0
500.0
500.0
500.0
82.0
312.0
500.0
500.0
249.0
497.0
329.0
428.0
500.0
173.0
500.0
500.0
500.0
90.0
500.0
500.0
368.0
338.0
318.0
456.0
500.0
500.0
114.0
488.0
65.0
500.0
500.0
500.0
425.0
500.0
500.0
500.0
500.0
500.0
377.0
500.0
338.0
500.0
500.0
500.0
291.0
500.0
500.0
500.0
500.0
435.0
500.0
245.0
500.0
170.0
500.0
500.0
471.0
500.0
500.0
383.0
500.0
500.0
500.0
500.0
500.0
500.0
500.0
474.0
500.0
500.0
9.0
500.0
500.0
330.0
500.0
136.0
500.0
500.0
500.0
500.0
500.0
500.0
125.0
500.0
500.0
500.0
500.0
500.0
195.0
500.0
500.0
500.0
500.0
500.0
500.0
500.0
500.0
325.0
102.0
500.0
500.0
169.0
500.0
500.0
500.0
500.0
500.0
500.0
500.0
267.0
500.0
500.0
361.0
500.0
170.0
137.0
500.0
500.0
500.0
500.0
500.0
500.0
500.0
500.0
500.0
487.0
303.0
500.0
500.0
469.0
391.0
500.0
500.0
500.0
470.0
219.0
500.0
500.0
500.0
500.0
500.0
140.0
500.0
500.0
500.0
500.0
500.0
108.0
500.0
500.0
500.0
500.0
500.0
500.0
204.0
282.0
500.0
241.0
500.0
500.0
143.0
165.0
500.0
500.0
500.0
500.0
500.0
500.0
500.0
500.0
500.0
415.0
500.0
500.0
500.0
457.0
234.0
500.0
500.0
500.0
153.0
500.0
476.0
500.0
500.0
477.0
500.0
500.0
209.0
73.0
303.0
47.0
500.0
500.0
500.0
444.0
238.0
373.0
500.0
444.0
192.0
130.0
113.0
94.0
149.0
387.0
63.0
105.0
75.0
147.0
129.0
79.0
128.0
68.0
229.0
167.0
159.0
68.0
66.0
500.0
500.0
500.0
478.0
500.0
74.0
450.0
387.0
371.0
500.0
320.0
500.0
236.0
336.0
383.0
500.0
444.0
312.0
500.0
500.0
459.0
500.0
402.0
196.0
364.0
160.0
325.0
199.0
333.0
467.0
454.0
460.0
90.0
188.0
500.0
131.0
395.0
131.0
183.0
381.0
438.0
306.0
500.0
470.0
439.0
366.0
406.0
314.0
329.0
391.0
419.0
277.0
420.0
500.0
500.0
331.0
284.0
350.0
297.0
261.0
500.0
242.0
81.0
372.0
187.0
340.0
437.0
76.0
490.0
386.0
421.0
447.0
369.0
383.0
344.0
338.0
480.0
409.0
407.0
339.0
447.0
233.0
389.0
493.0
411.0
211.0
173.0
115.0
500.0
278.0
304.0
390.0
167.0
500.0
500.0
500.0
304.0
293.0
421.0
84.0
500.0
130.0
371.0
42.0
474.0
155.0
500.0
231.0
492.0
409.0
500.0
500.0
274.0
481.0
256.0
500.0
500.0
380.0
500.0
299.0
245.0
402.0
94.0
500.0
500.0
341.0
146.0
119.0
380.0
339.0
372.0
298.0
88.0
500.0
382.0
415.0
388.0
500.0
500.0
259.0
500.0
237.0
303.0
390.0
173.0
309.0
500.0
238.0
243.0
285.0
97.0
397.0
500.0
268.0
443.0
243.0
458.0
161.0
469.0
432.0
500.0
464.0
216.0
352.0
268.0
356.0
363.0
500.0
377.0
324.0
401.0
100.0
396.0
290.0
317.0
372.0
109.0
288.0
391.0
318.0
405.0
435.0
169.0
315.0
451.0
157.0
396.0
325.0
301.0
135.0
241.0
212.0
224.0
332.0
341.0
500.0
174.0
402.0
485.0
500.0
446.0
333.0
140.0
443.0
413.0
322.0
500.0
500.0
360.0
500.0
224.0
355.0
177.0
407.0
500.0
317.0
153.0
289.0
343.0
500.0
87.0
106.0
332.0
500.0
174.0
96.0
347.0
336.0
444.0
54.0
500.0
500.0
120.0
71.0
141.0
366.0
238.0
246.0
327.0
107.0
96.0
89.0
58.0
217.0
79.0
64.0
143.0
446.0
253.0
213.0
83.0
38.0
76.0
241.0
500.0
500.0
78.0
150.0
500.0
138.0
50.0
172.0
500.0
306.0
171.0
182.0
269.0
304.0
127.0
338.0
303.0
159.0
180.0
80.0
434.0
114.0
500.0
500.0
363.0
219.0
347.0
181.0
377.0
197.0
205.0
193.0
427.0
156.0
211.0
78.0
129.0
500.0
119.0
186.0
500.0
93.0
500.0
236.0
158.0
273.0
123.0
500.0
371.0
500.0
306.0
217.0
152.0
118.0
151.0
500.0
185.0
500.0
251.0
500.0
103.0
228.0
200.0
138.0
500.0
251.0
188.0
149.0
123.0
500.0
164.0
342.0
302.0
107.0
87.0
144.0
500.0
240.0
166.0
110.0
179.0
328.0
398.0
245.0
75.0
187.0
274.0
92.0
346.0
500.0
210.0
229.0
500.0
224.0
290.0
500.0
110.0
206.0
357.0
451.0
500.0
500.0
187.0
500.0
328.0
123.0
272.0
467.0
149.0
280.0
326.0
294.0
296.0
182.0
106.0
219.0
177.0
190.0
322.0
128.0
500.0
75.0
203.0
122.0
275.0
500.0
68.0
209.0
223.0
140.0
100.0
145.0
500.0
264.0
500.0
262.0
248.0
500.0
237.0
111.0
201.0
162.0
118.0
500.0
158.0
82.0
211.0
382.0
500.0
488.0
500.0
237.0
221.0
115.0
241.0
500.0
500.0
354.0
221.0
489.0
272.0
132.0
155.0
204.0
130.0
115.0
353.0
164.0
115.0
102.0
500.0
500.0
193.0
146.0
179.0
137.0
227.0
267.0
329.0
267.0
270.0
194.0
483.0
462.0
272.0
194.0
500.0
150.0
45.0
230.0
297.0
228.0
500.0
255.0
315.0
157.0
423.0
67.0
140.0
296.0
214.0
274.0
233.0
500.0
97.0
500.0
500.0
216.0
164.0
133.0
177.0
274.0
443.0
124.0
111.0
179.0
500.0
219.0
403.0
171.0
208.0
146.0
487.0
328.0
500.0
194.0
500.0
123.0
500.0
84.0
184.0
153.0
56.0
249.0
102.0
466.0
77.0
19.0
175.0
463.0
428.0
203.0
304.0
137.0
500.0
246.0
165.0
232.0
255.0
500.0
158.0
486.0
189.0
339.0
361.0
161.0
230.0
500.0
170.0
233.0
267.0
259.0
130.0
500.0
114.0
500.0
356.0
500.0
116.0
500.0
237.0
175.0
237.0
154.0
344.0
500.0
206.0
299.0
179.0
242.0
277.0
500.0
304.0
500.0
500.0
500.0
500.0
229.0
500.0
449.0
198.0
408.0
306.0
377.0
165.0
228.0
152.0
442.0
366.0
177.0
379.0
318.0
211.0
500.0
500.0
94.0
166.0
179.0
126.0
445.0
297.0
114.0
500.0
153.0
264.0
140.0
63.0
210.0
201.0
161.0
115.0
392.0
500.0
177.0
227.0
500.0
500.0
257.0
356.0
248.0
500.0
382.0
500.0
238.0
500.0
437.0
389.0
486.0
167.0
314.0
87.0
206.0
161.0
266.0
248.0
107.0
176.0
228.0
252.0
128.0
254.0
340.0
404.0
413.0
147.0
453.0
241.0
99.0
230.0
448.0
160.0
184.0
66.0
377.0
102.0
358.0
176.0
310.0
316.0
191.0
500.0
386.0
500.0
500.0
316.0
364.0
500.0
232.0
202.0
199.0
197.0
205.0
164.0
409.0
94.0
185.0
451.0
369.0
125.0
205.0
281.0
220.0
149.0
500.0
442.0
167.0
52.0
332.0
187.0
353.0
320.0
301.0
106.0
150.0
500.0
206.0
293.0
252.0
236.0
107.0
500.0
106.0
180.0
209.0
213.0
185.0
166.0
143.0
500.0
114.0
206.0
211.0
162.0
42.0
376.0
286.0
208.0
341.0
457.0
500.0
44.0
193.0
302.0
71.0
94.0
292.0
152.0
219.0
116.0
243.0
195.0
208.0
465.0
500.0
358.0
500.0
463.0
142.0
88.0
370.0
327.0
353.0
379.0
362.0
351.0
133.0
247.0
232.0
290.0
225.0
331.0
187.0
144.0
72.0
214.0
92.0
500.0
32.0
287.0
354.0
164.0
39.0
446.0
200.0
65.0
57.0
243.0
142.0
49.0
176.0
124.0
218.0
59.0
66.0
292.0
317.0
151.0
127.0
53.0
214.0
224.0
158.0
55.0
256.0
204.0
358.0
412.0
145.0
174.0
198.0
122.0
243.0
136.0
224.0
84.0
154.0
144.0
101.0
198.0
415.0
486.0
153.0
175.0
33.0
500.0
196.0
29.0
272.0
67.0
253.0
103.0
105.0
111.0
88.0
173.0
45.0
228.0
51.0
88.0
29.0
151.0
198.0
324.0
83.0
255.0
282.0
192.0
36.0
138.0
297.0
209.0
65.0
227.0
52.0
127.0
99.0
40.0
70.0
500.0
226.0
450.0
204.0
243.0
150.0
316.0
172.0
370.0
278.0
272.0
161.0
128.0
62.0
192.0
68.0
88.0
161.0
62.0
352.0
146.0
61.0
377.0
213.0
382.0
255.0
244.0
338.0
117.0
473.0
203.0
216.0
328.0
500.0
144.0
238.0
455.0
326.0
371.0
255.0
55.0
500.0
200.0
201.0
275.0
387.0
200.0
183.0
184.0
294.0
225.0
128.0
254.0
61.0
500.0
125.0
151.0
330.0
166.0
60.0
317.0
230.0
500.0
293.0
62.0
392.0
82.0
210.0
394.0
241.0
52.0
228.0
500.0
390.0
280.0
251.0
171.0
432.0
68.0
284.0
317.0
489.0
385.0
79.0
500.0
55.0
440.0
55.0
221.0
145.0
154.0
259.0
176.0
121.0
317.0
500.0
64.0
188.0
383.0
99.0
56.0
139.0
122.0
242.0
55.0
359.0
127.0
208.0
143.0
261.0
500.0
184.0
167.0
371.0
255.0
136.0
391.0
297.0
193.0
479.0
500.0
62.0
114.0
432.0
292.0
145.0
348.0
324.0
143.0
234.0
258.0
354.0
250.0
100.0
500.0
404.0
500.0
446.0
361.0
50.0
170.0
435.0
438.0
428.0
368.0
49.0
500.0
354.0
271.0
326.0
500.0
402.0
356.0
492.0
495.0
344.0
332.0
352.0
345.0
353.0
427.0
126.0
217.0
119.0
166.0
59.0
191.0
250.0
141.0
191.0
75.0
125.0
52.0
232.0
148.0
191.0
320.0
47.0
155.0
47.0
124.0
198.0
353.0
85.0
39.0
139.0
195.0
103.0
74.0
23.0
205.0
132.0
130.0
144.0
141.0
190.0
220.0
247.0
164.0
196.0
84.0
67.0
188.0
349.0
81.0
260.0
186.0
230.0
67.0
82.0
175.0
112.0
164.0
127.0
318.0
500.0
500.0
253.0
193.0
243.0
500.0
468.0
312.0
24.0
261.0
367.0
209.0
188.0
139.0
404.0
108.0
236.0
373.0
466.0
155.0
372.0
386.0
68.0
248.0
54.0
57.0
279.0
289.0
87.0
362.0
215.0
337.0
202.0
399.0
181.0
368.0
157.0
60.0
64.0
61.0
345.0
480.0
188.0
187.0
75.0
66.0
49.0
266.0
96.0
45.0
156.0
101.0
212.0
156.0
124.0
326.0
220.0
103.0
183.0
148.0
276.0
67.0
190.0
219.0
81.0
171.0
139.0
164.0
154.0
149.0
113.0
139.0
108.0
500.0
67.0
201.0
277.0
133.0
66.0
192.0
76.0
93.0
92.0
71.0
238.0
195.0
103.0
169.0
222.0
249.0
280.0
355.0
149.0
282.0
189.0
422.0
74.0
500.0
51.0
104.0
64.0
150.0
137.0
262.0
185.0
115.0
86.0
144.0
53.0
162.0
48.0
122.0
357.0
73.0
310.0
209.0
152.0
133.0
236.0
153.0
41.0
164.0
171.0
56.0
90.0
155.0
143.0
73.0
62.0
156.0
124.0
147.0
94.0
340.0
232.0
110.0
98.0
172.0
168.0
109.0
131.0
366.0
289.0
113.0
90.0
156.0
257.0
165.0
94.0
49.0
73.0
103.0
177.0
193.0
158.0
172.0
156.0
291.0
78.0
166.0
76.0
106.0
79.0
128.0
74.0
413.0
203.0
120.0
78.0
71.0
92.0
216.0
122.0
248.0
59.0
46.0
167.0
298.0
401.0
69.0
342.0
194.0
177.0
363.0
121.0
241.0
67.0
156.0
185.0
500.0
500.0
337.0
158.0
174.0
96.0
336.0
424.0
76.0
269.0
315.0
100.0
335.0
96.0
164.0
314.0
254.0
368.0
82.0
267.0
381.0
103.0
287.0
489.0
126.0
114.0
322.0
255.0
125.0
385.0
154.0
131.0
40.0
171.0
112.0
253.0
310.0
159.0
144.0
156.0
299.0
211.0
500.0
500.0
205.0
285.0
500.0
365.0
207.0
79.0
195.0
56.0
124.0
293.0
114.0
139.0
210.0
268.0
339.0
277.0
398.0
282.0
182.0
373.0
77.0
451.0
154.0
274.0
428.0
500.0
96.0
240.0
304.0
322.0
284.0
211.0
299.0
331.0
500.0
418.0
18.0
60.0
82.0
317.0
238.0
357.0
500.0
267.0
197.0
232.0
110.0
500.0
253.0
343.0
450.0
232.0
314.0
291.0
167.0
362.0
280.0
211.0
184.0
500.0
343.0
161.0
385.0
248.0
466.0
180.0
129.0
249.0
80.0
33.0
148.0
91.0
166.0
280.0
153.0
394.0
372.0
139.0
155.0
194.0
279.0
285.0
246.0
78.0
304.0
490.0
253.0
181.0
351.0
188.0
150.0
338.0
500.0
296.0
249.0
500.0
228.0
22.0
324.0
500.0
167.0
76.0
216.0
201.0
308.0
320.0
248.0
500.0
192.0
358.0
131.0
260.0
278.0
244.0
81.0
491.0
425.0
500.0
178.0
78.0
194.0
140.0
365.0
63.0
500.0
323.0
159.0
133.0
333.0
500.0
332.0
488.0
206.0
500.0
169.0
325.0
467.0
170.0
190.0
310.0
263.0
192.0
373.0
500.0
500.0
118.0
500.0
12.0
160.0
66.0
145.0
193.0
80.0
392.0
500.0
178.0
372.0
415.0
318.0
183.0
500.0
242.0
500.0
87.0
186.0
195.0
27.0
294.0
277.0
140.0
209.0
319.0
500.0
97.0
85.0
87.0
466.0
86.0
332.0
16.0
290.0
343.0
191.0
129.0
25.0
149.0
298.0
110.0
145.0
500.0
227.0
470.0
464.0
107.0
476.0
110.0
113.0
27.0
199.0
132.0
70.0
226.0
203.0
202.0
107.0
69.0
351.0
64.0
256.0
127.0
189.0
500.0
282.0
313.0
227.0
120.0
254.0
51.0
280.0
176.0
264.0
190.0
234.0
136.0
256.0
151.0
500.0
94.0
270.0
238.0
405.0
250.0
428.0
500.0
140.0
64.0
199.0
67.0
72.0
252.0
171.0
226.0
363.0
101.0
97.0
173.0
239.0
197.0
338.0
76.0
182.0
500.0
59.0
112.0
385.0
114.0
117.0
383.0
334.0
500.0
491.0
178.0
500.0
63.0
229.0
165.0
206.0
111.0
260.0
500.0
305.0
198.0
393.0
221.0
500.0
301.0
284.0
299.0
160.0
500.0
423.0
185.0
58.0
174.0
198.0
147.0
500.0
249.0
331.0
77.0
198.0
134.0
500.0
235.0
500.0
330.0
221.0
183.0
500.0
125.0
423.0
469.0
257.0
283.0
394.0
154.0
196.0
286.0
148.0
500.0
354.0
254.0
82.0
418.0
238.0
167.0
240.0
179.0
500.0
478.0
442.0
191.0
216.0
361.0
28.0
68.0
500.0
336.0
423.0
452.0
175.0
412.0
408.0
406.0
66.0
460.0
298.0
386.0
468.0
185.0
324.0
427.0
293.0
345.0
484.0
439.0
94.0
286.0
162.0
129.0
47.0
202.0
342.0
382.0
51.0
165.0
500.0
408.0
108.0
86.0
220.0
136.0
142.0
195.0
91.0
500.0
156.0
288.0
500.0
482.0
500.0
433.0
500.0
441.0
107.0
168.0
500.0
118.0
500.0
500.0
500.0
495.0
500.0
77.0
333.0
116.0
359.0
137.0
500.0
228.0
243.0
131.0
13.0
233.0
287.0
370.0
464.0
260.0
221.0
227.0
48.0
291.0
315.0
500.0
500.0
417.0
500.0
500.0
211.0
500.0
260.0
333.0
500.0
500.0
500.0
22.0
232.0
500.0
228.0
289.0
319.0
264.0
393.0
497.0
500.0
206.0
256.0
181.0
275.0
500.0
138.0
216.0
500.0
500.0
168.0
461.0
500.0
266.0
500.0
500.0
128.0
500.0
488.0
238.0
487.0
201.0
173.0
500.0
500.0
488.0
500.0
245.0
309.0
276.0
190.0
138.0
240.0
500.0
500.0
426.0
236.0
500.0
500.0
89.0
274.0
500.0
334.0
500.0
288.0
267.0
498.0
500.0
500.0
468.0
201.0
203.0
353.0
500.0
313.0
500.0
59.0
500.0
456.0
500.0
383.0
308.0
500.0
257.0
324.0
500.0
346.0
187.0
289.0
232.0
500.0
242.0
500.0
500.0
19.0
227.0
452.0
218.0
208.0
148.0
250.0
216.0
207.0
500.0
195.0
199.0
411.0
191.0
499.0
472.0
406.0
402.0
177.0
488.0
271.0
363.0
214.0
477.0
402.0
238.0
500.0
326.0
500.0
130.0
242.0
375.0
238.0
500.0
500.0
500.0
143.0
500.0
170.0
229.0
215.0
220.0
500.0
225.0
500.0
500.0
500.0
180.0
412.0
161.0
449.0
158.0
275.0
500.0
112.0
500.0
292.0
500.0
500.0
500.0
500.0
166.0
362.0
437.0
500.0
500.0
470.0
458.0
462.0
344.0
236.0
477.0
152.0
500.0
164.0
500.0
500.0
500.0
252.0
153.0
175.0
500.0
321.0
171.0
428.0
299.0
91.0
500.0
429.0
500.0
500.0
255.0
199.0
490.0
500.0
186.0
210.0
458.0
189.0
326.0
116.0
144.0
455.0
385.0
79.0
500.0
281.0
145.0
431.0
261.0
477.0
481.0
394.0
338.0
269.0
500.0
153.0
500.0
500.0
490.0
457.0
85.0
138.0
288.0
413.0
143.0
500.0
225.0
500.0
500.0
473.0
87.0
194.0
52.0
500.0
263.0
54.0
482.0
100.0
231.0
500.0
482.0
474.0
139.0
500.0
299.0
500.0
285.0
500.0
103.0
65.0
500.0
500.0
50.0
48.0
500.0
90.0
443.0
238.0
157.0
54.0
73.0
500.0
451.0
79.0
500.0
173.0
500.0
115.0
248.0
94.0
500.0
53.0
358.0
123.0
51.0
92.0
126.0
500.0
56.0
381.0
60.0
91.0
89.0
234.0
159.0
115.0
463.0
83.0
241.0
76.0
119.0
137.0
241.0
64.0
466.0
82.0
285.0
426.0
369.0
230.0
39.0
500.0
434.0
500.0
58.0
34.0
451.0
319.0
50.0
98.0
250.0
72.0
222.0
77.0
175.0
500.0
16.0
200.0
60.0
500.0
10.0
48.0
122.0
139.0
259.0
500.0
381.0
245.0
406.0
400.0
368.0
153.0
62.0
424.0
322.0
44.0
500.0
500.0
120.0
93.0
23.0
500.0
359.0
470.0
500.0
467.0
311.0
329.0
133.0
195.0
103.0
500.0
162.0
222.0
500.0
500.0
500.0
137.0
51.0
500.0
107.0
259.0
48.0
259.0
133.0
485.0
416.0
500.0
500.0
305.0
500.0
263.0
500.0
219.0
149.0
197.0
314.0
100.0
500.0
136.0
334.0
370.0
194.0
176.0
205.0
279.0
105.0
179.0
283.0
128.0
190.0
29.0
240.0
434.0
261.0
295.0
393.0
479.0
500.0
500.0
319.0
489.0
122.0
180.0
350.0
321.0
103.0
232.0
400.0
134.0
226.0
202.0
157.0
436.0
416.0
148.0
227.0
43.0
173.0
16.0
98.0
99.0
163.0
359.0
346.0
345.0
421.0
219.0
25.0
79.0
292.0
193.0
308.0
442.0
388.0
303.0
368.0
84.0
240.0
157.0
216.0
126.0
113.0
500.0
241.0
500.0
294.0
371.0
335.0
133.0
130.0
145.0
187.0
219.0
500.0
129.0
262.0
424.0
159.0
260.0
104.0
324.0
337.0
224.0
113.0
500.0
276.0
156.0
349.0
432.0
58.0
375.0
452.0
147.0
150.0
355.0
386.0
242.0
126.0
381.0
279.0
80.0
90.0
500.0
111.0
204.0
476.0
153.0
497.0
229.0
483.0
80.0
386.0
413.0
40.0
37.0
218.0
211.0
500.0
500.0
213.0
31.0
217.0
197.0
467.0
500.0
364.0
233.0
454.0
134.0
379.0
385.0
313.0
228.0
500.0
223.0
338.0
263.0
354.0
62.0
115.0
173.0
236.0
308.0
343.0
500.0
176.0
500.0
35.0
428.0
84.0
320.0
329.0
226.0
169.0
187.0
243.0
48.0
415.0
343.0
381.0
278.0
238.0
217.0
500.0
207.0
208.0
246.0
274.0
150.0
298.0
103.0
99.0
328.0
288.0
104.0
500.0
246.0
298.0
500.0
86.0
342.0
346.0
317.0
134.0
276.0
75.0
330.0
124.0
500.0
240.0
352.0
379.0
500.0
384.0
29.0
234.0
492.0
410.0
65.0
375.0
174.0
41.0
363.0
203.0
500.0
13.0
281.0
282.0
272.0
124.0
38.0
466.0
500.0
285.0
374.0
118.0
500.0
390.0
361.0
96.0
250.0
465.0
209.0
165.0
288.0
500.0
236.0
222.0
125.0
298.0
87.0
131.0
148.0
128.0
226.0
440.0
264.0
298.0
325.0
435.0
257.0
207.0
144.0
231.0
500.0
500.0
234.0
191.0
135.0
106.0
500.0
213.0
43.0
288.0
153.0
500.0
170.0
329.0
302.0
500.0
311.0
416.0
12.0
185.0
387.0
304.0
199.0
81.0
221.0
183.0
250.0
84.0
155.0
247.0
66.0
227.0
279.0
219.0
195.0
132.0
176.0
500.0
494.0
205.0
500.0
44.0
82.0
171.0
422.0
41.0
60.0
179.0
27.0
50.0
125.0
179.0
189.0
203.0
357.0
279.0
223.0
66.0
175.0
383.0
243.0
171.0
369.0
12.0
401.0
458.0
143.0
120.0
202.0
225.0
178.0
178.0
343.0
500.0
146.0
500.0
421.0
393.0
200.0
112.0
346.0
182.0
477.0
101.0
247.0
500.0
278.0
240.0
243.0
235.0
347.0
500.0
255.0
291.0
42.0
318.0
76.0
249.0
419.0
328.0
296.0
185.0
97.0
144.0
12.0
248.0
500.0
277.0
331.0
249.0
235.0
484.0
342.0
357.0
500.0
249.0
280.0
98.0
315.0
216.0
142.0
25.0
99.0
500.0
379.0
232.0
300.0
255.0
190.0
122.0
214.0
181.0
208.0
500.0
329.0
371.0
230.0
90.0
157.0
481.0
113.0
130.0
500.0
340.0
244.0
500.0
12.0
155.0
146.0
58.0
305.0
301.0
284.0
335.0
318.0
407.0
154.0
343.0
500.0
209.0
151.0
174.0
432.0
500.0
99.0
500.0
155.0
277.0
400.0
252.0
500.0
409.0
205.0
216.0
401.0
351.0
179.0
149.0
186.0
209.0
290.0
257.0
500.0
150.0
228.0
232.0
38.0
198.0
479.0
500.0
348.0
188.0
438.0
205.0
234.0
222.0
152.0
500.0
387.0
259.0
270.0
93.0
189.0
166.0
302.0
500.0
500.0
38.0
29.0
351.0
137.0
413.0
307.0
224.0
500.0
201.0
327.0
275.0
185.0
299.0
110.0
172.0
199.0
340.0
500.0
91.0
332.0
472.0
396.0
197.0
229.0
373.0
112.0
285.0
126.0
275.0
48.0
65.0
157.0
67.0
67.0
90.0
108.0
66.0
112.0
74.0
81.0
59.0
84.0
112.0
68.0
168.0
114.0
31.0
48.0
240.0
212.0
11.0
178.0
186.0
80.0
52.0
317.0
187.0
188.0
178.0
56.0
9.0
115.0
8.0