10.0
11.0
12.0
9.0
11.0
9.0
11.0
8.0
12.0
12.0
10.0
9.0
10.0
11.0
9.0
10.0
10.0
15.0
10.0
8.0
10.0
11.0
10.0
10.0
10.0
11.0
11.0
11.0
12.0
14.0
9.0
10.0
8.0
14.0
14.0
12.0
11.0
14.0
15.0
12.0
12.0
14.0
18.0
11.0
14.0
16.0
18.0
16.0
20.0
20.0
10.0
10.0
18.0
21.0
15.0
25.0
14.0
10.0
26.0
16.0
17.0
29.0
22.0
12.0
37.0
29.0
12.0
25.0
27.0
39.0
11.0
25.0
26.0
29.0
31.0
38.0
43.0
31.0
45.0
41.0
42.0
20.0
31.0
35.0
17.0
17.0
36.0
52.0
36.0
33.0
32.0
115.0
111.0
31.0
24.0
28.0
56.0
38.0
38.0
29.0
352.0
500.0
71.0
500.0
35.0
165.0
59.0
43.0
62.0
171.0
121.0
336.0
151.0
34.0
40.0
129.0
123.0
41.0
72.0
109.0
172.0
160.0
30.0
119.0
152.0
51.0
68.0
23.0
170.0
76.0
106.0
209.0
397.0
185.0
58.0
316.0
166.0
291.0
49.0
90.0
358.0
375.0
284.0
11.0
55.0
62.0
53.0
105.0
193.0
60.0
101.0
84.0
109.0
138.0
117.0
75.0
107.0
110.0
47.0
212.0
183.0
82.0
31.0
242.0
93.0
126.0
85.0
146.0
122.0
355.0
500.0
356.0
235.0
121.0
354.0
280.0
310.0
304.0
382.0
252.0
76.0
345.0
314.0
308.0
170.0
294.0
290.0
368.0
53.0
269.0
264.0
290.0
278.0
282.0
78.0
349.0
292.0
333.0
305.0
249.0
301.0
243.0
330.0
262.0
447.0
273.0
49.0
283.0
128.0
27.0
312.0
56.0
154.0
269.0
302.0
380.0
132.0
178.0
362.0
334.0
131.0
94.0
59.0
176.0
127.0
267.0
52.0
64.0
116.0
125.0
108.0
102.0
173.0
111.0
136.0
113.0
153.0
182.0
271.0
182.0
95.0
102.0
227.0
181.0
99.0
155.0
101.0
75.0
88.0
191.0
232.0
230.0
137.0
53.0
42.0
107.0
83.0
103.0
96.0
131.0
200.0
105.0
246.0
198.0
187.0
192.0
207.0
62.0
133.0
139.0
210.0
130.0
143.0
166.0
104.0
259.0
49.0
145.0
79.0
310.0
96.0
102.0
258.0
97.0
259.0
233.0
83.0
135.0
247.0
195.0
272.0
211.0
159.0
48.0
147.0
248.0
259.0
262.0
118.0
206.0
154.0
138.0
149.0
198.0
186.0
168.0
286.0
186.0
223.0
276.0
188.0
41.0
182.0
132.0
118.0
184.0
333.0
198.0
86.0
210.0
42.0
191.0
239.0
176.0
124.0
196.0
449.0
220.0
177.0
107.0
198.0
115.0
118.0
314.0
251.0
105.0
53.0
169.0
158.0
115.0
360.0
68.0
152.0
130.0
195.0
228.0
111.0
171.0
171.0
191.0
163.0
128.0
317.0
211.0
290.0
149.0
204.0
138.0
184.0
193.0
173.0
193.0
83.0
194.0
185.0
232.0
117.0
155.0
101.0
175.0
180.0
183.0
157.0
135.0
133.0
369.0
164.0
191.0
179.0
150.0
217.0
189.0
178.0
271.0
271.0
162.0
141.0
162.0
166.0
320.0
279.0
196.0
158.0
184.0
357.0
190.0
159.0
173.0
278.0
57.0
228.0
284.0
217.0
179.0
276.0
214.0
98.0
245.0
254.0
206.0
205.0
227.0
225.0
213.0
251.0
195.0
181.0
332.0
144.0
347.0
239.0
268.0
326.0
316.0
260.0
243.0
223.0
201.0
184.0
130.0
199.0
246.0
234.0
58.0
186.0
176.0
91.0
114.0
225.0
162.0
64.0
374.0
191.0
179.0
360.0
470.0
264.0
266.0
135.0
431.0
287.0
203.0
334.0
188.0
149.0
100.0
261.0
215.0
206.0
245.0
132.0
166.0
190.0
170.0
290.0
173.0
113.0
257.0
306.0
232.0
208.0
205.0
108.0
140.0
198.0
160.0
302.0
122.0
187.0
226.0
185.0
225.0
164.0
164.0
151.0
146.0
133.0
177.0
133.0
152.0
140.0
109.0
350.0
210.0
195.0
249.0
311.0
156.0
273.0
206.0
315.0
121.0
210.0
99.0
201.0
160.0
193.0
244.0
119.0
179.0
128.0
123.0
118.0
199.0
167.0
195.0
113.0
205.0
128.0
100.0
216.0
220.0
135.0
160.0
176.0
139.0
139.0
216.0
310.0
171.0
128.0
116.0
406.0
191.0
154.0
177.0
315.0
149.0
290.0
237.0
257.0
207.0
168.0
253.0
156.0
176.0
301.0
166.0
239.0
228.0
195.0
172.0
204.0
287.0
139.0
284.0
288.0
215.0
202.0
152.0
111.0
124.0
194.0
145.0
161.0
214.0
269.0
141.0
115.0
144.0
121.0
140.0
258.0
105.0
189.0
137.0
217.0
144.0
84.0
240.0
148.0
222.0
193.0
431.0
203.0
240.0
84.0
207.0
160.0
208.0
134.0
221.0
164.0
161.0
116.0
116.0
76.0
144.0
184.0
154.0
247.0
83.0
55.0
57.0
45.0
48.0
39.0
97.0
50.0
28.0
60.0
59.0
52.0
49.0
82.0
70.0
114.0
52.0
65.0
60.0
275.0
79.0
72.0
93.0
25.0
38.0
247.0
43.0
20.0
23.0
22.0
16.0
17.0
90.0
14.0
21.0
19.0
23.0
163.0
47.0
48.0
23.0
31.0
118.0
68.0
16.0
78.0
117.0
23.0
25.0
21.0
23.0
19.0
17.0
55.0
88.0
16.0
33.0
21.0
9.0
9.0
16.0
11.0
68.0
14.0
50.0
22.0
9.0
11.0
10.0
22.0
32.0
33.0
32.0
40.0
26.0
74.0
12.0
14.0
72.0
15.0
14.0
39.0
57.0
26.0
44.0
44.0
36.0
106.0
34.0
42.0
34.0
107.0
73.0
31.0
47.0
59.0
94.0
28.0
39.0
183.0
119.0
76.0
110.0
193.0
230.0
12.0
44.0
141.0
74.0
121.0
37.0
23.0
48.0
260.0
218.0
175.0
55.0
182.0
271.0
68.0
169.0
294.0
238.0
91.0
192.0
66.0
212.0
214.0
136.0
116.0
60.0
229.0
27.0
189.0
176.0
125.0
312.0
248.0
167.0
369.0
103.0
281.0
121.0
200.0
254.0
235.0
49.0
261.0
164.0
308.0
50.0
359.0
72.0
51.0
325.0
307.0
266.0
23.0
254.0
41.0
47.0
69.0
319.0
74.0
55.0
97.0
321.0
79.0
84.0
108.0
42.0
278.0
217.0
80.0
272.0
133.0
121.0
249.0
225.0
96.0
115.0
198.0
160.0
146.0
150.0
195.0
81.0
217.0
292.0
155.0
186.0
88.0
202.0
159.0
243.0
292.0
251.0
253.0
131.0
226.0
351.0
203.0
115.0
126.0
107.0
229.0
138.0
179.0
291.0
193.0
215.0
182.0
167.0
453.0
174.0
414.0
27.0
393.0
212.0
100.0
251.0
365.0
297.0
500.0
149.0
150.0
408.0
500.0
102.0
500.0
215.0
83.0
78.0
245.0
500.0
497.0
152.0
271.0
498.0
484.0
500.0
500.0
500.0
303.0
260.0
500.0
107.0
339.0
58.0
227.0
500.0
406.0
230.0
471.0
500.0
491.0
453.0
500.0
500.0
151.0
115.0
101.0
209.0
500.0
500.0
500.0
500.0
500.0
500.0
500.0
500.0
440.0
500.0
412.0
500.0
500.0
500.0
454.0
222.0
215.0
70.0
500.0
500.0
500.0
357.0
500.0
500.0
500.0
500.0
466.0
451.0
183.0
392.0
146.0
339.0
500.0
500.0
500.0
472.0
500.0
487.0
166.0
439.0
500.0
500.0
500.0
500.0
192.0
500.0
96.0
500.0
500.0
500.0
459.0
189.0
500.0
445.0
500.0
447.0
500.0
447.0
307.0
500.0
500.0
500.0
500.0
210.0
500.0
500.0
500.0
500.0
379.0
500.0
500.0
465.0
500.0
500.0
424.0
500.0
467.0
484.0
500.0
319.0
248.0
500.0
500.0
500.0
500.0
500.0
500.0
500.0
95.0
500.0
437.0
500.0
500.0
500.0
500.0
500.0
500.0
500.0
500.0
500.0
370.0
500.0
500.0
357.0
500.0
500.0
500.0
491.0
500.0
500.0
481.0
500.0
500.0
410.0
451.0
500.0
500.0
500.0
427.0
380.0
500.0
500.0
166.0
500.0
64.0
500.0
500.0
500.0
477.0
500.0
500.0
500.0
454.0
394.0
500.0
500.0
26.0
484.0
497.0
500.0
469.0
392.0
500.0
76.0
500.0
500.0
500.0
500.0
274.0
311.0
500.0
50.0
500.0
409.0
474.0
500.0
372.0
269.0
500.0
67.0
500.0
500.0
500.0
10.0
500.0
500.0
500.0
500.0
500.0
495.0
500.0
396.0
500.0
473.0
484.0
500.0
243.0
500.0
500.0
494.0
500.0
213.0
19.0
500.0
314.0
454.0
499.0
500.0
413.0
500.0
444.0
500.0
97.0
165.0
500.0
462.0
500.0
19.0
500.0
321.0
500.0
204.0
433.0
441.0
500.0
500.0
500.0
500.0
500.0
500.0
500.0
213.0
230.0
489.0
447.0
500.0
372.0
482.0
500.0
500.0
500.0
500.0
500.0
500.0
401.0
500.0
464.0
500.0
446.0
498.0
11.0
500.0
331.0
466.0
454.0
487.0
269.0
500.0
500.0
500.0
488.0
487.0
337.0
454.0
435.0
500.0
30.0
346.0
391.0
500.0
456.0
500.0
315.0
500.0
405.0
135.0
500.0
500.0
471.0
500.0
500.0
373.0
500.0
419.0
500.0
455.0
500.0
481.0
500.0
500.0
11.0
61.0
500.0
500.0
201.0
483.0
500.0
500.0
500.0
500.0
412.0
500.0
500.0
500.0
31.0
500.0
132.0
217.0
500.0
500.0
343.0
500.0
500.0
500.0
500.0
254.0
500.0
378.0
342.0
11.0
500.0
500.0
500.0
500.0
391.0
500.0
500.0
426.0
500.0
465.0
371.0
442.0
500.0
163.0
500.0
36.0
500.0
238.0
500.0
500.0
385.0
383.0
500.0
500.0
401.0
358.0
407.0
398.0
470.0
500.0
500.0
163.0
382.0
500.0
500.0
500.0
500.0
389.0
500.0
264.0
500.0
500.0
500.0
500.0
500.0
500.0
500.0
500.0
476.0
500.0
492.0
500.0
500.0
476.0
9.0
481.0
487.0
500.0
500.0
500.0
12.0
500.0
376.0
500.0
500.0
500.0
394.0
481.0
428.0
500.0
500.0
500.0
500.0
500.0
21.0
500.0
500.0
500.0
500.0
500.0
500.0
500.0
465.0
500.0
478.0
500.0
454.0
500.0
500.0
500.0
500.0
500.0
500.0
348.0
500.0
365.0
382.0
500.0
500.0
500.0
424.0
500.0
500.0
500.0
500.0
500.0
500.0
500.0
500.0
481.0
500.0
500.0
500.0
480.0
468.0
450.0
500.0
500.0
500.0
500.0
495.0
500.0
500.0
485.0
500.0
323.0
500.0
94.0
500.0
500.0
500.0
500.0
500.0
495.0
500.0
219.0
500.0
500.0
452.0
376.0
500.0
500.0
500.0
500.0
500.0
500.0
500.0
500.0
500.0
500.0
500.0
500.0
354.0
500.0
500.0
500.0
500.0
123.0
500.0
93.0
265.0
500.0
476.0
457.0
500.0
448.0
500.0
489.0
420.0
333.0
111.0
172.0
187.0
324.0
500.0
491.0
167.0
268.0
345.0
194.0
149.0
168.0
270.0
294.0
137.0
45.0
205.0
438.0
152.0
385.0
301.0
367.0
152.0
311.0
336.0
137.0
500.0
369.0
467.0
111.0
187.0
280.0
86.0
228.0
98.0
174.0
299.0
234.0
205.0
120.0
367.0
275.0
168.0
251.0
180.0
185.0
344.0
78.0
44.0
153.0
263.0
159.0
181.0
102.0
51.0
178.0
193.0
225.0
213.0
187.0
328.0
144.0
91.0
109.0
213.0
99.0
169.0
297.0
281.0
201.0
181.0
79.0
171.0
284.0
142.0
159.0
88.0
208.0
173.0
167.0
194.0
168.0
239.0
223.0
347.0
384.0
178.0
53.0
49.0
254.0
431.0
152.0
120.0
296.0
128.0
312.0
124.0
101.0
157.0
255.0
181.0
129.0
123.0
36.0
199.0
250.0
253.0
101.0
197.0
172.0
112.0
144.0
184.0
45.0
145.0
180.0
412.0
500.0
54.0
345.0
500.0
500.0
164.0
141.0
185.0
155.0
149.0
234.0
24.0
100.0
71.0
143.0
124.0
119.0
184.0
173.0
174.0
242.0
200.0
70.0
254.0
171.0
165.0
164.0
89.0
194.0
198.0
187.0
209.0
159.0
60.0
194.0
180.0
243.0
135.0
354.0
144.0
94.0
69.0
168.0
193.0
137.0
274.0
50.0
240.0
222.0
164.0
150.0
491.0
187.0
140.0
134.0
255.0
198.0
500.0
43.0
157.0
209.0
175.0
172.0
110.0
141.0
282.0
251.0
124.0
119.0
85.0
193.0
208.0
45.0
109.0
133.0
57.0
236.0
84.0
129.0
68.0
179.0
225.0
190.0
354.0
234.0
144.0
343.0
143.0
232.0
205.0
385.0
213.0
131.0
216.0
125.0
121.0
115.0
176.0
36.0
244.0
277.0
58.0
500.0
306.0
50.0
447.0
188.0
103.0
184.0
500.0
284.0
115.0
129.0
49.0
112.0
500.0
215.0
68.0
185.0
50.0
444.0
246.0
500.0
207.0
97.0
135.0
280.0
305.0
244.0
267.0
210.0
191.0
210.0
187.0
128.0
165.0
424.0
132.0
246.0
132.0
395.0
206.0
300.0
91.0
127.0
206.0
116.0
138.0
105.0
175.0
214.0
151.0
188.0
167.0
104.0
74.0
155.0
168.0
229.0
184.0
171.0
180.0
179.0
227.0
53.0
218.0
197.0
216.0
315.0
233.0
164.0
53.0
184.0
214.0
87.0
266.0
80.0
196.0
360.0
164.0
274.0
273.0
159.0
128.0
185.0
201.0
273.0
373.0
190.0
199.0
195.0
242.0
266.0
218.0
166.0
160.0
116.0
203.0
193.0
476.0
273.0
211.0
188.0
213.0
75.0
104.0
288.0
179.0
182.0
113.0
230.0
98.0
190.0
311.0
232.0
285.0
188.0
163.0
206.0
461.0
241.0
242.0
188.0
167.0
280.0
198.0
200.0
464.0
212.0
406.0
235.0
214.0
202.0
193.0
185.0
500.0
444.0
85.0
278.0
144.0
302.0
198.0
239.0
297.0
173.0
22.0
316.0
172.0
218.0
204.0
180.0
407.0
247.0
196.0
216.0
271.0
103.0
235.0
220.0
255.0
170.0
178.0
208.0
266.0
134.0
358.0
258.0
303.0
162.0
439.0
248.0
317.0
194.0
246.0
222.0
218.0
254.0
117.0
283.0
220.0
254.0
244.0
193.0
260.0
286.0
287.0
500.0
156.0
221.0
202.0
323.0
206.0
227.0
296.0
47.0
445.0
437.0
355.0
500.0
120.0
219.0
500.0
410.0
85.0
349.0
241.0
395.0
485.0
500.0
76.0
361.0
149.0
163.0
492.0
500.0
86.0
117.0
205.0
242.0
273.0
441.0
497.0
246.0
180.0
29.0
500.0
499.0
500.0
500.0
449.0
210.0
152.0
500.0
129.0
500.0
500.0
175.0
241.0
425.0
500.0
218.0
500.0
278.0
500.0
304.0
500.0
296.0
500.0
66.0
500.0
304.0
372.0
86.0
56.0
184.0
481.0
190.0
500.0
153.0
214.0
462.0
500.0
388.0
95.0
309.0
294.0
500.0
239.0
164.0
500.0
500.0
277.0
500.0
42.0
171.0
115.0
500.0
176.0
195.0
188.0
231.0
500.0
262.0
473.0
454.0
245.0
116.0
302.0
257.0
78.0
184.0
234.0
161.0
184.0
214.0
242.0
47.0
248.0
76.0
258.0
133.0
42.0
417.0
209.0
318.0
339.0
200.0
250.0
212.0
198.0
218.0
225.0
175.0
189.0
235.0
185.0
185.0
260.0
181.0
187.0
288.0
106.0
306.0
266.0
204.0
345.0
232.0
313.0
220.0
301.0
375.0
237.0
355.0
228.0
265.0
235.0
278.0
351.0
218.0
216.0
216.0
102.0
449.0
333.0
303.0
286.0
205.0
391.0
224.0
103.0
295.0
254.0
242.0
411.0
241.0
289.0
498.0
366.0
445.0
44.0
465.0
213.0
293.0
223.0
284.0
500.0
244.0
379.0
73.0
267.0
364.0
235.0
373.0
218.0
271.0
177.0
51.0
500.0
426.0
304.0
319.0
267.0
500.0
453.0
245.0
500.0
290.0
391.0
268.0
500.0
336.0
307.0
338.0
301.0
238.0
425.0
119.0
446.0
312.0
288.0
233.0
340.0
239.0
254.0
181.0
353.0
355.0
252.0
383.0
222.0
159.0
432.0
221.0
281.0
232.0
186.0
303.0
233.0
215.0
218.0
168.0
162.0
173.0
181.0
211.0
202.0
287.0
239.0
255.0
325.0
177.0
158.0
264.0
217.0
190.0
107.0
246.0
251.0
173.0
175.0
266.0
35.0
179.0
147.0
115.0
234.0
296.0
188.0
174.0
228.0
138.0
202.0
230.0
174.0
43.0
267.0
282.0
196.0
261.0
197.0
128.0
226.0
190.0
198.0
283.0
191.0
218.0
372.0
154.0
202.0
254.0
262.0
339.0
173.0
325.0
185.0
182.0
317.0
187.0
251.0
206.0
126.0
131.0
202.0
100.0
318.0
221.0
221.0
322.0
175.0
200.0
145.0
170.0
90.0
84.0
197.0
209.0
146.0
179.0
190.0
301.0
43.0
169.0
221.0
99.0
246.0
285.0
293.0
14.0
229.0
251.0
208.0
243.0
112.0
253.0
296.0
291.0
359.0
114.0
261.0
279.0
106.0
40.0
146.0
20.0
251.0
292.0
306.0
277.0
254.0
37.0
223.0
132.0
219.0
293.0
43.0
197.0
43.0
217.0
16.0
12.0
180.0
418.0
19.0
248.0
33.0
272.0
21.0
46.0
108.0
185.0
232.0
188.0
75.0
203.0
262.0
169.0
197.0
209.0
338.0
193.0
165.0
200.0
44.0
253.0
249.0
179.0
146.0
41.0
177.0
72.0
177.0
67.0
222.0
121.0
12.0
15.0
203.0
297.0
261.0
254.0
14.0
68.0
191.0
69.0
112.0
250.0
125.0
78.0
194.0
164.0
206.0
13.0
65.0
30.0
153.0
104.0
445.0
487.0
182.0
13.0
190.0
68.0
306.0
189.0
124.0
22.0
246.0
109.0
417.0
180.0
162.0
10.0
34.0
152.0
250.0
325.0
135.0
181.0
163.0
198.0
13.0
176.0
64.0
200.0
244.0
165.0
40.0
332.0
168.0
293.0
173.0
319.0
218.0
323.0
164.0
25.0
183.0
62.0
196.0
159.0
83.0
21.0
45.0
48.0
128.0
194.0
201.0
59.0
213.0
129.0
237.0
176.0
194.0
197.0
296.0
237.0
303.0
446.0
140.0
12.0
12.0
376.0
74.0
33.0
331.0
395.0
180.0
99.0
133.0
57.0
67.0
11.0
169.0
226.0
454.0
32.0
287.0
265.0
173.0
13.0
148.0
223.0
30.0
12.0
379.0
96.0
29.0
304.0
231.0
210.0
207.0
90.0
42.0
25.0
155.0
92.0
172.0
367.0
171.0
59.0
65.0
17.0
120.0
122.0
410.0
500.0
50.0
419.0
173.0
148.0
150.0
232.0
193.0
234.0
14.0
149.0
18.0
342.0
300.0
421.0
173.0
350.0
366.0
129.0
401.0
97.0
81.0
322.0
48.0
430.0
282.0
127.0
105.0
500.0
437.0
500.0
84.0
158.0
32.0
500.0
72.0
236.0
211.0
500.0
210.0
458.0
500.0
171.0
500.0
500.0
42.0
134.0
113.0
164.0
104.0
170.0
197.0
205.0
163.0
118.0
183.0
500.0
187.0
142.0
105.0
209.0
500.0
156.0
163.0
294.0
161.0
310.0
405.0
287.0
313.0
500.0
500.0
500.0
353.0
127.0
68.0
433.0
204.0
500.0
500.0
285.0
343.0
262.0
301.0
229.0
306.0
50.0
500.0
16.0
110.0
186.0
296.0
186.0
254.0
500.0
179.0
225.0
252.0
402.0
99.0
142.0
500.0
127.0
193.0
200.0
307.0
292.0
173.0
373.0
256.0
67.0
188.0
175.0
122.0
187.0
55.0
147.0
181.0
158.0
258.0
134.0
182.0
441.0
178.0
192.0
265.0
489.0
141.0
104.0
173.0
220.0
500.0
500.0
194.0
228.0
476.0
156.0
208.0
494.0
162.0
191.0
500.0
232.0
500.0
184.0
253.0
421.0
231.0
204.0
203.0
172.0
492.0
500.0
219.0
408.0
425.0
277.0
500.0
500.0
165.0
474.0
500.0
500.0
169.0
247.0
378.0
201.0
208.0
155.0
223.0
332.0
258.0
234.0
356.0
288.0
366.0
172.0
73.0
122.0
247.0
194.0
429.0
500.0
287.0
163.0
178.0
126.0
177.0
290.0
431.0
16.0
69.0
500.0
180.0
191.0
170.0
194.0
200.0
311.0
398.0
60.0
212.0
86.0
144.0
244.0
144.0
158.0
304.0
182.0
265.0
211.0
231.0
182.0
176.0
169.0
152.0
299.0
207.0
185.0
500.0
500.0
162.0
500.0
193.0
305.0
500.0
500.0
440.0
472.0
233.0
308.0
207.0
219.0
354.0
500.0
260.0
203.0
355.0
243.0
432.0
312.0
202.0
500.0
169.0
113.0
500.0
500.0
350.0
278.0
143.0
500.0
320.0
192.0
295.0
235.0
149.0
294.0
500.0
287.0
500.0
405.0
62.0
321.0
349.0
226.0
275.0
500.0
426.0
239.0
254.0
500.0
209.0
338.0
358.0
286.0
178.0
220.0
500.0
318.0
185.0
231.0
500.0
500.0
456.0
500.0
220.0
206.0
210.0
500.0
500.0
186.0
156.0
416.0
187.0
34.0
250.0
317.0
488.0
21.0
244.0
463.0
196.0
288.0
219.0
414.0
500.0
180.0
473.0
434.0
200.0
255.0
80.0
176.0
232.0
415.0
193.0
176.0
270.0
333.0
197.0
192.0
500.0
58.0
163.0
212.0
223.0
248.0
321.0
456.0
169.0
306.0
234.0
500.0
448.0
342.0
185.0
163.0
440.0
500.0
500.0
500.0
128.0
495.0
264.0
196.0
202.0
274.0
388.0
500.0
492.0
48.0
264.0
214.0
357.0
351.0
463.0
255.0
219.0
376.0
284.0
165.0
264.0
415.0
237.0
199.0
425.0
419.0
263.0
314.0
219.0
191.0
237.0
428.0
126.0
260.0
359.0
385.0
296.0
321.0
235.0
234.0
287.0
220.0
417.0
335.0
250.0
155.0
367.0
18.0
150.0
365.0
64.0
233.0
257.0
426.0
355.0
500.0
232.0
294.0
258.0
325.0
38.0
260.0
76.0
500.0
379.0
271.0
84.0
25.0
287.0
243.0
415.0
412.0
25.0
51.0
336.0
220.0
20.0
187.0
180.0
434.0
52.0
421.0
287.0
315.0
204.0
50.0
35.0
235.0
192.0
158.0
208.0
392.0
258.0
264.0
370.0
325.0
193.0
277.0
212.0
455.0
108.0
263.0
259.0
113.0
372.0
390.0
91.0
96.0
73.0
458.0
121.0
410.0
68.0
122.0
87.0
74.0
107.0
254.0
420.0
284.0
208.0
80.0
154.0
246.0
326.0
239.0
88.0
301.0
282.0
131.0
195.0
397.0
98.0
68.0
114.0
409.0
149.0
190.0
134.0
312.0
334.0
131.0
60.0
318.0
70.0
239.0
147.0
213.0
175.0
92.0
500.0
474.0
500.0
418.0
500.0
227.0
31.0
396.0
252.0
500.0
500.0
500.0
500.0
365.0
500.0
500.0
448.0
439.0
427.0
386.0
500.0
500.0
349.0
347.0
479.0
500.0
438.0
352.0
274.0
270.0
118.0
500.0
500.0
494.0
40.0
312.0
500.0
190.0
114.0
500.0
500.0
498.0
105.0
500.0
133.0
301.0
453.0
192.0
62.0
163.0
438.0
338.0
500.0
500.0
500.0
500.0
303.0
500.0
352.0
500.0
258.0
500.0
422.0
430.0
462.0
481.0
405.0
75.0
500.0
500.0
500.0
299.0
72.0
500.0
317.0
500.0
500.0
500.0
500.0
500.0
311.0
118.0
90.0
359.0
111.0
83.0
178.0
196.0
280.0
358.0
242.0
387.0
339.0
439.0
140.0
325.0
500.0
355.0
388.0
500.0
466.0
500.0
400.0
480.0
350.0
355.0
324.0
148.0
487.0
432.0
312.0
500.0
190.0
272.0
434.0
271.0
500.0
454.0
318.0
358.0
433.0
337.0
296.0
35.0
327.0
432.0
345.0
304.0
500.0
241.0
123.0
368.0
499.0
314.0
500.0
322.0
252.0
500.0
474.0
438.0
449.0
324.0
328.0
448.0
488.0
407.0
500.0
427.0
281.0
319.0
118.0
500.0
500.0
396.0
430.0
335.0
253.0
327.0
372.0
307.0
401.0
496.0
413.0
500.0
496.0
439.0
500.0
461.0
500.0
434.0
270.0
416.0
500.0
381.0
246.0
388.0
130.0
500.0
435.0
462.0
395.0
267.0
392.0
129.0
38.0
173.0
155.0
468.0
195.0
148.0
64.0
349.0
500.0
497.0
440.0
156.0
69.0
197.0
429.0
126.0
221.0
500.0
500.0
500.0
214.0
500.0
283.0
494.0
423.0
500.0
77.0
62.0
124.0
273.0
187.0
322.0
165.0
164.0
500.0
216.0
420.0
159.0
187.0
223.0
374.0
42.0
500.0
436.0
500.0
386.0
254.0
330.0
226.0
448.0
500.0
477.0
500.0
29.0
439.0
263.0
485.0
495.0
255.0
344.0
240.0
54.0
500.0
169.0
153.0
350.0
500.0
500.0
143.0
500.0
99.0
423.0
195.0
181.0
420.0
157.0
152.0
149.0
122.0
338.0
83.0
95.0
148.0
145.0
86.0
185.0
145.0
119.0
87.0
500.0
178.0
142.0
104.0
166.0
340.0
305.0
67.0
262.0
42.0
112.0
168.0
117.0
378.0
280.0
167.0
172.0
113.0
145.0
152.0
133.0
209.0
110.0
301.0
413.0
270.0
333.0
500.0
107.0
324.0
369.0
392.0
130.0
86.0
235.0
250.0
500.0
500.0
45.0
120.0
438.0
261.0
177.0
291.0
414.0
500.0
243.0
303.0
252.0
94.0
98.0
199.0
324.0
292.0
471.0
228.0
100.0
356.0
425.0
238.0
120.0
486.0
366.0
120.0
307.0
326.0
500.0
500.0
500.0
381.0
500.0
132.0
500.0
500.0
161.0
353.0
500.0
500.0
241.0
150.0
500.0
281.0
174.0
500.0
500.0
500.0
500.0
172.0
387.0
485.0
261.0
89.0
155.0
500.0
500.0
287.0
202.0
303.0
211.0
391.0
322.0
196.0
500.0
374.0
500.0
441.0
256.0
213.0
221.0
50.0
442.0
260.0
148.0
309.0
422.0
422.0
466.0
278.0
71.0
199.0
500.0
248.0
356.0
329.0
258.0
278.0
99.0
237.0
186.0
105.0
161.0
149.0
196.0
130.0
201.0
359.0
201.0
130.0
207.0
137.0
214.0
158.0
113.0
291.0
344.0
314.0
232.0
235.0
113.0
500.0
392.0
155.0
251.0
64.0
62.0
370.0
325.0
220.0
278.0
443.0
300.0
500.0
284.0
127.0
500.0
81.0
101.0
303.0
191.0
147.0
268.0
273.0
134.0
290.0
273.0
267.0
196.0
144.0
142.0
159.0
263.0
138.0
230.0
500.0
206.0
175.0
389.0
266.0
214.0
97.0
246.0
500.0
443.0
62.0
199.0
500.0
500.0
276.0
237.0
104.0
253.0
186.0
263.0
225.0
134.0
259.0
267.0
139.0
442.0
338.0
196.0
210.0
278.0
193.0
268.0
295.0
149.0
109.0
139.0
500.0
227.0
379.0
281.0
120.0
229.0
203.0
373.0
165.0
90.0
500.0
159.0
375.0
318.0
332.0
129.0
203.0
179.0
471.0
207.0
134.0
205.0
177.0
319.0
132.0
113.0
469.0
255.0
193.0
500.0
483.0
137.0
171.0
134.0
127.0
147.0
259.0
274.0
433.0
227.0
117.0
500.0
219.0
13.0
500.0
500.0
228.0
192.0
122.0
500.0
267.0
500.0
285.0
366.0
214.0
307.0
140.0
246.0
77.0
357.0
218.0
277.0
500.0
113.0
66.0
243.0
123.0
224.0
281.0
275.0
317.0
123.0
380.0
176.0
84.0
62.0
405.0
135.0
500.0
242.0
115.0
500.0
500.0
213.0
379.0
286.0
438.0
119.0
134.0
263.0
170.0
500.0
353.0
236.0
239.0
251.0
337.0
436.0
155.0
189.0
168.0
124.0
246.0
167.0
430.0
102.0
237.0
363.0
500.0
206.0
200.0
153.0
500.0
209.0
70.0
271.0
141.0
295.0
246.0
237.0
323.0
251.0
173.0
500.0
240.0
193.0
145.0
152.0
153.0
209.0
194.0
332.0
158.0
500.0
392.0
141.0
500.0
201.0
130.0
211.0
408.0
140.0
194.0
243.0
381.0
296.0
122.0
349.0
276.0
197.0
88.0
388.0
265.0
113.0
169.0
500.0
329.0
198.0
145.0
116.0
303.0
236.0
120.0
243.0
170.0
119.0
187.0
500.0
244.0
184.0
500.0
227.0
149.0
84.0
95.0
337.0
203.0
322.0
417.0
121.0
500.0
301.0
160.0
231.0
216.0
143.0
206.0
211.0
329.0
287.0
236.0
329.0
105.0
381.0
295.0
112.0
261.0
227.0
242.0
236.0
316.0
383.0
272.0
472.0
175.0
351.0
247.0
500.0
481.0
253.0
500.0
242.0
248.0
215.0
131.0
473.0
250.0
500.0
168.0
320.0
179.0
279.0
255.0
267.0
250.0
500.0
264.0
307.0
500.0
500.0
256.0
191.0
134.0
216.0
203.0
239.0
159.0
194.0
202.0
287.0
220.0
151.0
341.0
205.0
90.0
500.0
257.0
206.0
279.0
141.0
202.0
387.0
183.0
189.0
500.0
477.0
269.0
314.0
136.0
184.0
500.0
126.0
169.0
277.0
500.0
401.0
177.0
194.0
92.0
214.0
89.0
128.0
139.0
365.0
133.0
348.0
500.0
211.0
200.0
102.0
179.0
201.0
168.0
231.0
438.0
424.0
376.0
500.0
114.0
147.0
310.0
182.0
500.0
94.0
189.0
168.0
152.0
500.0
166.0
261.0
156.0
197.0
500.0
149.0
361.0
199.0
308.0
179.0
337.0
208.0
209.0
401.0
140.0
277.0
151.0
312.0
361.0
500.0
146.0
230.0
115.0
325.0
101.0
327.0
143.0
256.0
191.0
238.0
215.0
292.0
500.0
280.0
78.0
145.0
226.0
348.0
298.0
206.0
500.0
500.0
228.0
254.0
214.0
154.0
332.0
500.0
259.0
458.0
176.0
342.0
147.0
238.0
249.0
295.0
312.0
312.0
248.0
330.0
237.0
355.0
258.0
321.0
288.0
216.0
364.0
500.0
158.0
421.0
308.0
339.0
500.0
219.0
303.0
328.0
355.0
226.0
193.0
500.0
389.0
251.0
352.0
484.0
272.0
235.0
290.0
278.0
131.0
354.0
317.0
456.0
352.0
244.0
500.0
189.0
67.0
175.0
500.0
472.0
448.0
400.0
323.0
255.0
500.0
500.0
254.0
144.0
291.0
500.0
215.0
500.0
500.0
351.0
234.0
215.0
346.0
138.0
70.0
343.0
172.0
286.0
214.0
306.0
322.0
500.0
500.0
466.0
242.0
103.0
216.0
90.0
225.0
275.0
500.0
332.0
236.0
339.0
251.0
167.0
341.0
248.0
379.0
195.0
144.0
153.0
402.0
251.0
233.0
224.0
203.0
192.0
417.0
213.0
289.0
181.0
394.0
282.0
192.0
204.0
412.0
275.0
223.0
211.0
478.0
345.0
212.0
263.0
180.0
500.0
500.0
470.0
308.0
362.0
444.0
439.0
211.0
162.0
283.0
256.0
282.0
254.0
420.0
497.0
331.0
258.0
491.0
463.0
500.0
425.0
345.0
500.0
403.0
211.0
233.0
437.0
449.0
500.0
129.0
500.0
500.0
473.0
500.0
500.0
301.0
500.0
308.0
174.0
282.0
166.0
500.0
476.0
336.0
110.0
120.0
466.0
95.0
135.0
176.0
82.0
500.0
90.0
258.0
196.0
93.0
500.0
49.0
444.0
352.0
500.0
479.0
500.0
500.0
457.0
193.0
193.0
87.0
279.0
342.0
500.0
214.0
464.0
314.0
500.0
300.0
106.0
500.0
298.0
194.0
500.0
457.0
500.0
155.0
257.0
500.0
500.0
276.0
500.0
500.0
500.0
500.0
500.0
103.0
365.0
500.0
115.0
421.0
241.0
500.0
101.0
305.0
187.0
491.0
118.0
128.0
500.0
73.0
111.0
500.0
193.0
157.0
141.0
122.0
179.0
500.0
200.0
99.0
208.0
64.0
351.0
117.0
249.0
216.0
500.0
500.0
290.0
211.0
500.0
500.0
500.0
284.0
291.0
174.0
172.0
60.0
500.0
281.0
500.0
88.0
500.0
133.0
500.0
384.0
114.0
500.0
99.0
179.0
342.0
309.0
367.0
239.0
273.0
176.0
395.0
500.0
87.0
500.0
157.0
500.0
500.0
190.0
500.0
329.0
500.0
500.0
500.0
219.0
112.0
500.0
121.0
135.0
33.0
247.0
117.0
410.0
179.0
148.0
171.0
204.0
92.0
76.0
500.0
500.0
181.0
252.0
47.0
500.0
395.0
197.0
500.0
50.0
500.0
200.0
140.0
117.0
49.0
500.0
500.0
88.0
500.0
128.0
500.0
500.0
465.0
500.0
500.0
174.0
404.0
500.0
311.0
77.0
500.0
77.0
326.0
379.0
500.0
500.0
103.0
500.0
353.0
500.0
500.0
500.0
222.0
500.0
325.0
72.0
500.0
307.0
275.0
500.0
500.0
393.0
336.0
497.0
280.0
500.0
500.0
445.0
352.0
385.0
112.0
500.0
375.0
500.0
417.0
500.0
500.0
290.0
500.0
243.0
500.0
500.0
500.0
500.0
500.0
339.0
500.0
247.0
171.0
195.0
500.0
500.0
405.0
500.0
185.0
148.0
500.0
500.0
493.0
402.0
295.0
203.0
500.0
292.0
500.0
500.0
500.0
418.0
500.0
360.0
423.0
500.0
285.0
500.0
112.0
169.0
452.0
445.0
105.0
500.0
285.0
351.0
84.0
398.0
265.0
500.0
320.0
500.0
406.0
490.0
331.0
500.0
286.0
79.0
500.0
487.0
419.0
187.0
271.0
500.0
448.0
427.0
263.0
500.0
232.0
317.0
351.0
500.0
376.0
453.0
326.0
500.0
500.0
435.0
413.0
500.0
500.0
422.0
274.0
83.0
300.0
500.0
71.0
500.0
119.0
392.0
500.0
227.0
500.0
347.0
500.0
446.0
500.0
500.0
500.0
271.0
429.0
500.0
500.0
278.0
262.0
500.0
500.0
328.0
385.0
219.0
94.0
427.0
500.0
297.0
445.0
500.0
430.0
500.0
500.0
384.0
277.0
500.0
406.0
500.0
411.0
500.0
396.0
434.0
418.0
309.0
447.0
171.0
160.0
500.0
500.0
496.0
210.0
228.0
500.0
500.0
392.0
390.0
384.0
346.0
500.0
500.0
251.0
500.0
500.0
500.0
500.0
451.0
436.0
500.0
500.0
136.0
365.0
244.0
500.0
414.0
391.0
325.0
500.0
500.0
500.0
343.0
307.0
232.0
481.0
473.0
500.0
500.0
500.0
500.0
398.0
428.0
500.0
500.0
439.0
337.0
359.0
500.0
500.0
484.0
500.0
454.0
500.0
437.0
386.0
481.0
500.0
500.0
287.0
500.0
500.0
153.0
418.0
500.0
393.0
444.0
500.0
500.0
500.0
500.0
495.0
500.0
500.0
427.0
500.0
500.0
500.0
500.0
462.0
450.0
417.0
443.0
500.0
477.0
500.0
500.0
490.0
490.0
500.0
500.0
343.0
462.0
500.0
321.0
500.0
97.0
448.0
500.0
500.0
500.0
500.0
500.0
495.0
500.0
500.0
155.0
436.0
411.0
472.0
351.0
497.0
324.0
450.0
500.0
475.0
500.0
500.0
500.0
500.0
500.0
414.0
500.0
500.0
396.0
368.0
500.0
422.0
500.0
500.0
500.0
419.0
500.0
187.0
500.0
478.0
500.0
441.0
500.0
452.0
500.0
205.0
375.0
500.0
500.0
455.0
500.0
500.0
500.0
400.0
457.0
500.0
500.0
500.0
500.0
500.0
445.0
380.0
472.0
457.0
207.0
500.0
487.0
359.0
500.0
500.0
500.0
500.0
489.0
406.0
431.0
500.0
405.0
500.0
368.0
500.0
500.0
453.0
461.0
500.0
500.0
500.0
363.0
473.0
458.0
375.0
481.0
500.0
485.0
500.0
500.0
500.0
500.0
370.0
448.0
497.0
463.0
500.0
469.0
382.0
500.0
500.0
500.0
476.0
426.0
500.0
500.0
500.0
235.0
500.0
500.0
192.0
500.0
315.0
500.0
500.0
397.0
500.0
302.0
500.0
455.0
500.0
500.0
493.0
500.0
500.0
500.0
500.0
89.0
500.0
500.0
453.0
500.0
500.0
494.0
500.0
500.0
469.0
424.0
500.0
500.0
500.0
271.0
500.0
500.0
500.0
500.0
500.0
500.0
500.0
458.0
500.0
500.0
500.0
500.0
427.0
421.0
500.0
500.0
500.0
500.0
500.0
500.0
500.0
500.0
500.0
500.0
500.0
500.0
100.0
500.0
400.0
246.0
500.0
500.0
500.0
406.0
340.0
500.0
309.0
500.0
441.0
390.0
500.0
232.0
448.0
500.0
227.0
500.0
500.0
500.0
500.0
500.0
500.0
500.0
500.0
153.0
500.0
500.0
500.0
500.0
500.0
294.0
162.0
500.0
500.0
500.0
500.0
500.0
500.0
500.0
500.0
500.0
500.0
500.0
500.0
500.0
500.0
320.0
219.0
500.0
479.0
183.0
174.0
198.0
128.0
418.0
132.0
244.0
118.0
55.0
265.0
210.0
127.0
480.0
31.0
211.0
101.0
241.0
216.0
113.0
232.0
143.0
67.0
83.0
283.0
103.0
67.0
191.0
360.0
110.0
267.0
82.0
181.0
134.0
63.0
97.0
108.0
126.0
268.0
223.0
81.0
309.0
71.0
185.0
44.0
98.0
102.0
224.0
202.0
256.0
144.0
102.0
154.0
180.0
226.0
65.0
174.0
159.0
281.0
128.0
87.0
94.0
99.0
94.0
16.0
215.0
347.0
63.0
118.0
152.0
343.0
124.0
208.0
87.0
79.0
208.0
89.0
163.0
210.0
295.0
57.0
157.0
371.0
205.0
85.0
70.0
345.0
200.0
108.0
185.0
500.0
73.0
85.0
115.0
174.0
170.0
99.0
277.0
76.0
340.0
67.0
106.0
53.0
472.0
30.0
63.0
80.0
228.0
82.0
90.0
58.0
151.0
51.0
82.0
92.0
85.0
145.0
51.0
174.0
185.0
71.0
317.0
303.0
129.0
104.0
481.0
80.0
165.0
210.0
209.0
66.0
71.0
332.0
75.0
71.0
244.0
79.0
257.0
97.0
119.0
133.0
110.0
216.0
85.0
249.0
315.0
189.0
156.0
500.0
500.0
500.0
443.0
450.0
408.0
500.0
452.0
356.0
500.0
430.0
419.0
436.0
285.0
359.0
488.0
303.0
487.0
500.0
382.0
403.0
500.0
500.0
369.0
361.0
341.0
369.0
471.0
320.0
293.0
500.0
500.0
334.0
500.0
500.0
500.0
500.0
500.0
500.0
339.0
500.0
500.0
500.0
500.0
500.0
500.0
500.0
422.0
500.0
500.0
492.0
500.0
500.0
500.0
477.0
500.0
500.0
500.0
500.0
500.0
500.0
500.0
500.0
500.0
395.0
500.0
424.0
500.0
440.0
500.0
405.0
399.0
500.0
500.0
451.0
500.0
500.0
448.0
500.0
403.0
400.0
137.0
464.0
462.0
500.0
402.0
455.0
500.0
500.0
500.0
500.0
500.0
500.0
466.0
500.0
375.0
500.0
336.0
96.0
500.0
150.0
476.0
448.0
319.0
100.0
155.0
500.0
500.0
500.0
500.0
500.0
500.0
169.0
99.0
64.0
343.0
500.0
384.0
500.0
500.0
500.0
500.0
478.0
500.0
414.0
412.0
500.0
500.0
500.0
499.0
500.0
341.0
500.0
467.0
489.0
500.0
500.0
495.0
500.0
500.0
372.0
500.0
500.0
500.0
393.0
500.0
500.0
500.0
282.0
500.0
499.0
500.0
388.0
483.0
470.0
500.0
437.0
500.0
500.0
500.0
432.0
500.0
34.0
437.0
500.0
500.0
500.0
500.0
500.0
374.0
462.0
500.0
413.0
500.0
500.0
500.0
500.0
500.0
500.0
500.0
378.0
500.0
500.0
500.0
500.0
500.0
353.0
286.0
471.0
500.0
500.0
422.0
500.0
352.0
500.0
451.0
500.0
500.0
171.0
500.0
500.0
500.0
500.0
345.0
500.0
500.0
445.0
498.0
397.0
89.0
500.0
500.0
500.0
408.0
444.0
500.0
367.0
500.0
500.0
500.0
405.0
238.0
402.0
397.0
500.0
500.0
489.0
419.0
335.0
414.0
500.0
500.0
500.0
500.0
500.0
364.0
456.0
500.0
500.0
500.0
500.0
500.0
500.0
103.0
500.0
500.0
500.0
440.0
435.0
500.0
500.0
500.0
500.0
500.0
500.0
500.0
367.0
500.0
416.0
500.0
500.0
500.0
493.0
500.0
500.0
58.0
500.0
500.0
500.0
500.0
500.0
500.0
500.0
500.0
500.0
62.0
500.0
500.0
500.0
500.0
445.0
500.0
391.0
396.0
500.0
192.0
500.0
500.0
500.0
399.0
451.0
500.0
500.0
500.0
500.0
500.0
248.0
500.0
318.0
500.0
500.0
272.0
500.0
500.0
487.0
264.0
500.0
461.0
483.0
219.0
500.0
439.0
215.0
500.0
500.0
420.0
493.0
500.0
261.0
372.0
130.0
456.0
322.0
500.0
363.0
500.0
500.0
397.0
399.0
500.0
418.0
399.0
500.0
500.0
500.0
500.0
459.0
208.0
500.0
438.0
500.0
359.0
500.0
225.0
500.0
386.0
483.0
369.0
500.0
469.0
103.0
500.0
459.0
500.0
500.0
500.0
500.0
500.0
500.0
500.0
500.0
500.0
500.0
405.0
432.0
500.0
500.0
334.0
500.0
500.0
500.0
500.0
500.0
500.0
500.0
500.0
500.0
500.0
321.0
461.0
500.0
352.0
393.0
500.0
478.0
335.0
376.0
500.0
500.0
500.0
500.0
500.0
500.0
64.0
500.0
500.0
500.0
500.0
488.0
500.0
464.0
299.0
500.0
500.0
109.0
500.0
500.0
500.0
452.0
500.0
452.0
500.0
500.0
500.0
500.0
500.0
404.0
500.0
485.0
500.0
500.0
303.0
500.0
500.0
500.0
500.0
500.0
500.0
500.0
500.0
500.0
172.0
375.0
500.0
350.0
460.0
500.0
500.0
500.0
500.0
500.0
497.0
263.0
493.0
450.0
500.0
380.0
490.0
205.0
224.0
500.0
500.0
301.0
209.0
335.0
325.0
422.0
479.0
500.0
500.0
382.0
500.0
500.0
500.0
500.0
500.0
500.0
500.0
500.0
500.0
500.0
500.0
500.0
130.0
500.0
434.0
470.0
500.0
500.0
500.0
500.0
357.0
500.0
419.0
500.0
500.0
500.0
364.0
500.0
344.0
500.0
459.0
500.0
91.0
325.0
500.0
500.0
426.0
131.0
500.0
500.0
500.0
500.0
370.0
500.0
500.0
106.0
500.0
288.0
500.0
381.0
500.0
214.0
259.0
421.0
347.0
195.0
500.0
332.0
500.0
500.0
500.0
500.0
241.0
500.0
500.0
431.0
492.0
500.0
333.0
93.0
500.0
295.0
118.0
500.0
500.0
137.0
500.0
84.0
500.0
184.0
245.0
472.0
500.0
103.0
60.0
500.0
500.0
500.0
461.0
500.0
500.0
274.0
500.0
461.0
136.0
500.0
160.0
349.0
500.0
500.0
500.0
370.0
500.0
500.0
500.0
480.0
500.0
111.0
500.0
500.0
500.0
500.0
500.0
500.0
305.0
500.0
500.0
500.0
464.0
23.0
500.0
382.0
500.0
500.0
144.0
500.0
500.0
360.0
500.0
500.0
500.0
500.0
477.0
445.0
141.0
500.0
500.0
113.0
289.0
63.0
500.0
500.0
500.0
500.0
500.0
381.0
500.0
462.0
464.0
442.0
500.0
500.0
266.0
436.0
101.0
500.0
500.0
500.0
500.0
500.0
500.0
147.0
315.0
85.0
464.0
431.0
500.0
500.0
353.0
500.0
500.0
500.0
500.0
500.0
500.0
338.0
500.0
395.0
369.0
500.0
500.0
489.0
87.0
500.0
500.0
500.0
293.0
500.0
500.0
290.0
500.0
286.0
500.0
337.0
500.0
500.0
500.0
500.0
500.0
500.0
500.0
500.0
500.0
500.0
500.0
500.0
500.0
500.0
500.0
500.0
500.0
385.0
444.0
500.0
500.0
126.0
500.0
500.0
500.0
500.0
500.0
500.0
500.0
500.0
317.0
485.0
294.0
312.0
500.0
500.0
500.0
500.0
249.0
347.0
304.0
500.0
500.0
372.0
500.0
500.0
500.0
144.0
301.0
500.0
378.0
381.0
500.0
287.0
209.0
500.0
500.0
500.0
500.0
330.0
326.0
340.0
500.0
288.0
380.0
428.0
481.0
250.0
500.0
500.0
456.0
500.0
255.0
296.0
500.0
500.0
500.0
305.0
500.0
387.0
500.0
500.0
500.0
283.0
500.0
281.0
456.0
469.0
339.0
340.0
500.0
314.0
500.0
500.0
500.0
324.0
417.0
500.0
500.0
346.0
296.0
500.0
500.0
356.0
500.0
316.0
500.0
374.0
369.0
446.0
305.0
500.0
500.0
379.0
500.0
123.0
365.0
167.0
52.0
353.0
500.0
500.0
190.0
212.0
500.0
354.0
500.0
181.0
55.0
196.0
244.0
302.0
500.0
500.0
433.0
270.0
120.0
230.0
91.0
302.0
457.0
298.0
283.0
338.0
208.0
309.0
103.0
237.0
160.0
358.0
373.0
184.0
54.0
75.0
87.0
230.0
57.0
9.0
59.0
91.0
88.0
70.0
204.0
147.0
218.0
22.0
20.0
207.0
213.0
110.0
106.0
76.0
55.0
144.0
17.0
268.0
199.0
63.0
62.0
307.0
61.0
255.0
302.0
244.0
173.0
59.0
79.0
135.0
146.0
69.0
227.0
186.0
249.0
91.0
500.0
252.0
115.0
79.0
76.0
99.0
166.0
500.0
268.0
91.0
176.0
500.0
263.0
368.0
96.0
500.0
242.0
149.0
500.0
409.0
500.0
323.0
497.0
500.0
139.0
113.0
500.0
500.0
500.0
109.0
207.0
72.0
344.0
500.0
500.0
382.0
410.0
500.0
437.0
285.0
500.0
500.0
119.0
500.0
500.0
126.0
500.0
293.0
500.0
342.0
500.0
168.0
500.0
95.0
500.0
437.0
321.0
382.0
85.0
368.0
29.0
88.0
112.0
235.0
248.0
500.0
114.0
282.0
116.0
111.0
160.0
335.0
106.0
117.0
92.0
104.0
107.0
137.0
117.0
110.0
201.0
348.0
69.0
104.0
115.0
102.0
109.0
334.0
151.0
49.0
311.0
330.0
156.0
156.0
136.0
89.0
161.0
140.0
125.0
101.0
431.0
427.0
382.0
322.0
289.0
351.0
278.0
394.0
257.0
381.0
349.0
301.0
341.0
293.0
410.0
186.0
500.0
311.0
234.0
320.0
459.0
251.0
188.0
436.0
372.0
310.0
159.0
372.0
250.0
295.0
161.0
438.0
282.0
500.0
273.0
37.0
344.0
162.0
170.0
403.0
405.0
396.0
92.0
75.0
307.0
500.0
161.0
300.0
64.0
305.0
500.0
183.0
388.0
337.0
86.0
83.0
349.0
316.0
348.0
170.0
415.0
88.0
448.0
323.0
340.0
112.0
85.0
346.0
494.0
235.0
349.0
500.0
499.0
215.0
94.0
308.0
403.0
290.0
384.0
157.0
264.0
439.0
303.0
326.0
431.0
392.0
500.0
365.0
204.0
365.0
198.0
82.0
118.0
500.0
269.0
101.0
407.0
311.0
461.0
500.0
207.0
212.0
249.0
500.0
500.0
468.0
56.0
414.0
370.0
313.0
500.0
172.0
500.0
118.0
327.0
293.0
411.0
85.0
500.0
221.0
343.0
263.0
281.0
272.0
208.0
259.0
500.0
296.0
322.0
249.0
282.0
317.0
500.0
281.0
362.0
156.0
331.0
500.0
230.0
500.0
308.0
261.0
262.0
251.0
252.0
500.0
334.0
500.0
384.0
318.0
309.0
292.0
328.0
500.0
303.0
424.0
214.0
268.0
368.0
23.0
270.0
213.0
388.0
308.0
420.0
452.0
223.0
229.0
311.0
228.0
250.0
266.0
254.0
289.0
206.0
198.0
232.0
248.0
226.0
328.0
238.0
239.0
65.0
160.0
260.0
116.0
267.0
121.0
263.0
111.0
270.0
224.0
299.0
225.0
500.0
250.0
305.0
218.0
500.0
297.0
103.0
486.0
369.0
406.0
175.0
187.0
270.0
186.0
307.0
249.0
130.0
248.0
240.0
263.0
330.0
350.0
246.0
312.0
324.0
129.0
281.0
271.0
205.0
156.0
141.0
255.0
391.0
440.0
294.0
320.0
221.0
280.0
286.0
256.0
332.0
212.0
414.0
312.0
246.0
302.0
310.0
500.0
289.0
293.0
258.0
180.0
324.0
161.0
272.0
410.0
240.0
273.0
238.0
258.0
500.0
165.0
295.0
284.0
73.0
272.0
246.0
105.0
154.0
230.0
241.0
500.0
230.0
231.0
484.0
77.0
236.0
126.0
47.0
254.0
246.0
465.0
353.0
306.0
292.0
336.0
66.0
324.0
265.0
389.0
478.0
290.0
375.0
330.0
320.0
182.0
324.0
135.0
330.0
500.0
273.0
443.0
280.0
219.0
308.0
146.0
500.0
275.0
500.0
234.0
239.0
268.0
375.0
300.0
258.0
248.0
301.0
303.0
342.0
299.0
500.0
500.0
302.0
371.0
234.0
282.0
318.0
296.0
336.0
500.0
256.0
322.0
272.0
301.0
500.0
59.0
280.0
312.0
439.0
66.0
91.0
135.0
374.0
438.0
63.0
139.0
188.0
266.0
245.0
338.0
273.0
305.0
500.0
200.0
354.0
375.0
500.0
240.0
302.0
245.0
500.0
125.0
48.0
88.0
59.0
29.0
281.0
132.0
248.0
67.0
89.0
273.0
256.0
96.0
318.0
349.0
213.0
273.0
274.0
274.0
137.0
267.0
65.0
159.0
500.0
297.0
272.0
227.0
182.0
116.0
221.0
235.0
30.0
268.0
226.0
290.0
288.0
137.0
241.0
310.0
275.0
361.0
320.0
244.0
29.0
266.0
223.0
296.0
230.0
147.0
264.0
403.0
45.0
122.0
323.0
242.0
171.0
230.0
500.0
360.0
35.0
190.0
270.0
500.0
164.0
276.0
393.0
374.0
348.0
35.0
111.0
500.0
293.0
376.0
29.0
395.0
52.0
212.0
390.0
182.0
66.0
411.0
374.0
348.0
298.0
314.0
500.0
500.0
276.0
266.0
312.0
272.0
266.0
209.0
238.0
246.0
500.0
272.0
272.0
340.0
145.0
82.0
321.0
215.0
296.0
361.0
500.0
500.0
147.0
256.0
284.0
222.0
300.0
385.0
265.0
307.0
304.0
364.0
249.0
302.0
258.0
500.0
500.0
218.0
288.0
286.0
295.0
365.0
171.0
476.0
154.0
500.0
202.0
485.0
317.0
155.0
314.0
309.0
500.0
296.0
341.0
300.0
330.0
272.0
171.0
500.0
100.0
240.0
296.0
486.0
253.0
500.0
175.0
392.0
314.0
370.0
235.0
300.0
500.0
500.0
500.0
262.0
329.0
305.0
500.0
270.0
310.0
193.0
305.0
456.0
70.0
295.0
500.0
356.0
500.0
315.0
70.0
500.0
358.0
308.0
364.0
500.0
500.0
500.0
391.0
102.0
385.0
228.0
346.0
500.0
280.0
394.0
292.0
352.0
500.0
500.0
500.0
72.0
378.0
108.0
242.0
311.0
409.0
328.0
437.0
292.0
500.0
346.0
454.0
500.0
497.0
500.0
500.0
235.0
235.0
500.0
500.0
109.0
318.0
170.0
370.0
500.0
476.0
55.0
276.0
500.0
366.0
500.0
500.0
358.0
313.0
500.0
500.0
110.0
500.0
345.0
422.0
139.0
479.0
85.0
500.0
494.0
500.0
500.0
427.0
271.0
500.0
500.0
500.0
500.0
327.0
500.0
500.0
124.0
500.0
500.0
500.0
500.0
366.0
446.0
454.0
500.0
500.0
500.0
500.0
172.0
273.0
500.0
496.0
500.0
264.0
398.0
250.0
500.0
376.0
438.0
244.0
279.0
207.0
489.0
468.0
270.0
500.0
365.0
135.0
348.0
358.0
437.0
45.0
345.0
179.0
376.0
384.0
307.0
275.0
128.0
296.0
358.0
252.0
327.0
317.0
322.0
362.0
290.0
307.0
188.0
240.0
346.0
123.0
500.0
294.0
500.0
500.0
270.0
179.0
278.0
217.0
268.0
363.0
500.0
338.0
289.0
290.0
308.0
281.0
500.0
151.0
308.0
268.0
406.0
440.0
381.0
378.0
310.0
399.0
500.0
266.0
347.0
310.0
320.0
256.0
438.0
247.0
268.0
216.0
81.0
250.0
278.0
89.0
342.0
500.0
500.0
316.0
383.0
500.0
238.0
198.0
255.0
446.0
363.0
384.0
315.0
293.0
271.0
359.0
324.0
500.0
267.0
462.0
317.0
374.0
499.0
316.0
310.0
312.0
262.0
230.0
200.0
397.0
218.0
292.0
231.0
349.0
204.0
250.0
500.0
300.0
331.0
366.0
340.0
188.0
341.0
285.0
276.0
321.0
465.0
500.0
500.0
362.0
282.0
408.0
360.0
500.0
257.0
78.0
279.0
363.0
316.0
324.0
401.0
500.0
282.0
306.0
401.0
306.0
291.0
257.0
388.0
234.0
340.0
252.0
267.0
500.0
270.0
274.0
306.0
500.0
324.0
500.0
338.0
287.0
227.0
234.0
281.0
266.0
447.0
436.0
294.0
159.0
244.0
245.0
285.0
245.0
379.0
314.0
224.0
500.0
500.0
420.0
478.0
233.0
425.0
240.0
270.0
288.0
332.0
300.0
356.0
221.0
330.0
332.0
221.0
260.0
500.0
310.0
370.0
447.0
500.0
239.0
419.0
401.0
366.0
312.0
214.0
326.0
500.0
259.0
306.0
343.0
271.0
300.0
346.0
276.0
500.0
500.0
479.0
327.0
433.0
354.0
304.0
302.0
500.0
477.0
356.0
294.0
409.0
204.0
267.0
451.0
332.0
305.0
500.0
500.0
500.0
250.0
387.0
500.0
473.0
264.0
344.0
494.0
412.0
500.0
500.0
500.0
465.0
490.0
294.0
374.0
500.0
308.0
500.0
415.0
500.0
421.0
500.0
132.0
414.0
340.0
500.0
500.0
500.0
330.0
190.0
441.0
288.0
500.0
316.0
500.0
292.0
500.0
500.0
316.0
500.0
285.0
88.0
500.0
302.0
500.0
500.0
351.0
411.0
500.0
206.0
377.0
367.0
375.0
500.0
500.0
390.0
325.0
390.0
500.0
362.0
390.0
98.0
94.0
151.0
500.0
500.0
486.0
374.0
330.0
479.0
489.0
500.0
336.0
388.0
313.0
81.0
308.0
314.0
301.0
500.0
408.0
500.0
470.0
296.0
368.0
343.0
500.0
483.0
272.0
118.0
388.0
500.0
500.0
500.0
500.0
330.0
500.0
165.0
442.0
413.0
416.0
434.0
500.0
142.0
126.0
500.0
500.0
358.0
437.0
351.0
344.0
500.0
462.0
457.0
254.0
500.0
334.0
236.0
422.0
309.0
374.0
323.0
334.0
268.0
500.0
222.0
326.0
240.0
361.0
417.0
357.0
500.0
444.0
231.0
256.0
296.0
500.0
334.0
203.0
288.0
34.0
127.0
443.0
480.0
498.0
172.0
246.0
283.0
500.0
256.0
262.0
488.0
311.0
308.0
500.0
226.0
351.0
372.0
401.0
369.0
457.0
352.0
343.0
290.0
286.0
300.0
344.0
356.0
500.0
500.0
250.0
304.0
326.0
500.0
318.0
294.0
274.0
494.0
383.0
262.0
280.0
361.0
278.0
319.0
500.0
364.0
388.0
500.0
490.0
314.0
254.0
253.0
335.0
286.0
290.0
288.0
322.0
500.0
264.0
411.0
266.0
272.0
268.0
183.0
228.0
500.0
384.0
395.0
341.0
434.0
500.0
494.0
330.0
372.0
152.0
268.0
333.0
500.0
73.0
312.0
254.0
500.0
284.0
500.0
500.0
288.0
291.0
412.0
314.0
276.0
328.0
291.0
325.0
278.0
315.0
362.0
401.0
348.0
262.0
500.0
376.0
354.0
500.0
389.0
493.0
420.0
500.0
500.0
500.0
385.0
400.0
292.0
421.0
85.0
500.0
500.0
336.0
341.0
326.0
288.0
346.0
497.0
313.0
311.0
500.0
268.0
290.0
248.0
500.0
472.0
500.0
278.0
228.0
320.0
334.0
372.0
319.0
326.0
500.0
190.0
342.0
297.0
500.0
298.0
272.0
500.0
346.0
500.0
125.0
256.0
417.0
363.0
449.0
320.0
312.0
272.0
500.0
362.0
461.0
289.0
500.0
224.0
174.0
500.0
500.0
309.0
85.0
377.0
340.0
372.0
301.0
282.0
348.0
316.0
251.0
164.0
240.0
500.0
500.0
390.0
456.0
324.0
358.0
371.0
222.0
334.0
266.0
304.0
404.0
268.0
340.0
321.0
364.0
298.0
275.0
420.0
383.0
423.0
464.0
288.0
288.0
293.0
335.0
304.0
291.0
500.0
320.0
328.0
252.0
328.0
500.0
500.0
500.0
268.0
500.0
406.0
294.0
387.0
292.0
278.0
500.0
436.0
500.0
370.0
478.0
352.0
320.0
479.0
285.0
344.0
310.0
500.0
431.0
264.0
500.0
338.0
282.0
251.0
356.0
344.0
158.0
235.0
500.0
500.0
262.0
317.0
258.0
297.0
278.0
260.0
397.0
271.0
451.0
249.0
288.0
294.0
310.0
322.0
500.0
302.0
286.0
268.0
253.0
316.0
331.0
364.0
290.0
290.0
300.0
280.0
264.0
226.0
362.0
356.0
344.0
376.0
326.0
380.0
500.0
373.0
254.0
286.0
339.0
384.0
308.0
485.0
383.0
13.0
278.0
323.0
500.0
303.0
297.0
313.0
329.0
500.0
248.0
500.0
374.0
403.0
260.0
290.0
500.0
262.0
393.0
294.0
322.0
478.0
500.0
350.0
288.0
362.0
332.0
354.0
500.0
290.0
302.0
500.0
500.0
448.0
316.0
333.0
363.0
238.0
371.0
254.0
281.0
240.0
373.0
300.0
500.0
308.0
361.0
500.0
270.0
336.0
260.0
396.0
500.0
388.0
500.0
309.0
439.0
270.0
500.0
270.0
350.0
342.0
306.0
226.0
498.0
321.0
330.0
440.0
500.0
352.0
368.0
304.0
500.0
60.0
368.0
385.0
500.0
294.0
373.0
500.0
323.0
500.0
500.0
259.0
500.0
500.0
364.0
500.0
500.0
500.0
79.0
474.0
500.0
500.0
500.0
500.0
500.0
500.0
500.0
474.0
350.0
117.0
500.0
500.0
311.0
500.0
341.0
500.0
500.0
500.0
500.0
494.0
500.0
232.0
500.0
500.0
124.0
500.0
500.0
500.0
500.0
500.0
428.0
500.0
500.0
500.0
397.0
500.0
500.0
411.0
500.0
294.0
233.0
500.0
500.0
372.0
363.0
280.0
348.0
500.0
500.0
500.0
500.0
500.0
499.0
500.0
500.0
342.0
500.0
500.0
500.0
500.0
442.0
500.0
500.0
500.0
485.0
465.0
350.0
49.0
489.0
500.0
393.0
241.0
500.0
500.0
500.0
500.0
500.0
500.0
271.0
500.0
400.0
315.0
445.0
500.0
310.0
500.0
425.0
240.0
500.0
281.0
500.0
282.0
285.0
500.0
500.0
59.0
236.0
434.0
305.0
414.0
298.0
500.0
476.0
405.0
445.0
500.0
500.0
487.0
447.0
481.0
500.0
500.0
354.0
500.0
410.0
500.0
386.0
500.0
500.0
413.0
366.0
407.0
111.0
500.0
500.0
324.0
441.0
500.0
500.0
500.0
500.0
500.0
500.0
500.0
500.0
500.0
500.0
500.0
500.0
500.0
120.0
472.0
500.0
59.0
500.0
297.0
310.0
500.0
500.0
365.0
500.0
500.0
500.0
500.0
500.0
500.0
500.0
500.0
500.0
360.0
365.0
69.0
500.0
500.0
300.0
500.0
500.0
365.0
500.0
338.0
500.0
324.0
375.0
236.0
101.0
500.0
328.0
500.0
500.0
106.0
500.0
500.0
500.0
449.0
500.0
500.0
205.0
500.0
500.0
500.0
500.0
346.0
157.0
500.0
500.0
249.0
154.0
488.0
500.0
45.0
500.0
278.0
203.0
500.0
187.0
500.0
500.0
500.0
324.0
500.0
500.0
315.0
500.0
500.0
500.0
500.0
500.0
500.0
500.0
500.0
82.0
500.0
500.0
493.0
500.0
500.0
500.0
500.0
500.0
500.0
500.0
500.0
81.0
500.0
285.0
500.0
68.0
500.0
500.0
276.0
500.0
294.0
291.0
500.0
476.0
500.0
500.0
451.0
500.0
100.0
500.0
85.0
263.0
395.0
500.0
342.0
481.0
280.0
500.0
310.0
334.0
500.0
351.0
312.0
500.0
287.0
337.0
352.0
437.0
500.0
500.0
500.0
441.0
359.0
251.0
361.0
133.0
459.0
301.0
298.0
500.0
352.0
333.0
85.0
500.0
500.0
75.0
435.0
500.0
200.0
285.0
79.0
397.0
440.0
500.0
267.0
352.0
460.0
354.0
500.0
368.0
500.0
500.0
500.0
234.0
500.0
500.0
321.0
467.0
111.0
348.0
276.0
140.0
240.0
108.0
247.0
72.0
204.0
192.0
35.0
80.0
175.0
383.0
102.0
36.0
484.0
159.0
162.0
199.0
72.0
77.0
83.0
167.0
152.0
254.0
81.0
118.0
188.0
171.0
108.0
500.0
158.0
365.0
470.0
61.0
87.0
292.0
62.0
284.0
332.0
106.0
216.0
133.0
389.0
63.0
243.0
104.0
214.0
96.0
92.0
106.0
327.0
60.0
500.0
250.0
487.0
120.0
170.0
138.0
127.0
162.0
203.0
229.0
179.0
69.0
106.0
141.0
113.0
38.0
104.0
433.0
229.0
92.0
132.0
105.0
63.0
91.0
196.0
99.0
46.0
138.0
127.0
105.0
126.0
53.0
44.0
91.0
195.0
112.0
500.0
31.0
173.0
159.0
169.0
148.0
195.0
148.0
332.0
84.0
254.0
199.0
155.0
182.0
155.0
188.0
135.0
500.0
110.0
288.0
153.0
189.0
279.0
180.0
500.0
321.0
123.0
286.0
103.0
88.0
264.0
120.0
157.0
94.0
214.0
114.0
73.0
231.0
22.0
124.0
89.0
158.0
165.0
461.0
125.0
141.0
29.0
98.0
229.0
181.0
175.0
213.0
236.0
173.0
166.0
117.0
145.0
350.0
114.0
214.0
144.0
252.0
103.0
113.0
152.0
169.0
139.0
76.0
112.0
220.0
154.0
134.0
48.0
149.0
80.0
211.0
133.0
447.0
392.0
286.0
388.0
273.0
500.0
500.0
246.0
212.0
205.0
237.0
144.0
171.0
136.0
185.0
322.0
159.0
385.0
175.0
172.0
86.0
55.0
152.0
357.0
74.0
41.0
500.0
500.0
114.0
127.0
235.0
72.0
335.0
183.0
388.0
157.0
123.0
262.0
198.0
280.0
259.0
371.0
432.0
495.0
461.0
500.0
146.0
35.0
415.0
84.0
325.0
326.0
430.0
383.0
285.0
175.0
109.0
478.0
500.0
243.0
257.0
173.0
306.0
275.0
364.0
468.0
286.0
235.0
450.0
291.0
170.0
97.0
248.0
254.0
430.0
344.0
500.0
500.0
500.0
365.0
380.0
396.0
387.0
109.0
500.0
500.0
363.0
500.0
500.0
208.0
500.0
411.0
477.0
500.0
374.0
165.0
164.0
256.0
404.0
163.0
500.0
153.0
449.0
50.0
494.0
231.0
362.0
382.0
500.0
500.0
177.0
326.0
479.0
410.0
295.0
329.0
500.0
500.0
500.0
331.0
500.0
181.0
188.0
144.0
355.0
67.0
207.0
191.0
500.0
158.0
390.0
250.0
95.0
187.0
69.0
189.0
102.0
149.0
146.0
74.0
88.0
290.0
114.0
89.0
213.0
229.0
145.0
202.0
110.0
76.0
170.0
93.0
36.0
101.0
43.0
94.0
202.0
125.0
136.0
75.0
154.0
70.0
143.0
120.0
92.0
97.0
46.0
25.0
87.0
267.0
97.0
271.0
75.0
168.0
143.0
66.0
101.0
176.0
133.0
190.0
147.0
75.0
85.0
92.0
126.0
26.0
95.0
54.0
58.0
157.0
124.0
196.0
59.0
153.0
123.0
347.0
60.0
88.0
277.0
107.0
90.0
173.0
121.0
376.0
500.0
37.0
500.0
500.0
139.0
236.0
79.0
185.0
500.0
117.0
86.0
149.0
166.0
339.0
157.0
155.0
158.0
500.0
237.0
364.0
116.0
51.0
218.0
500.0
500.0
148.0
97.0
500.0
110.0
58.0
44.0
437.0
392.0
127.0
500.0
107.0
500.0
235.0
500.0
331.0
121.0
218.0
286.0
175.0
420.0
198.0
490.0
210.0
428.0
205.0
500.0
500.0
180.0
359.0
185.0
145.0
147.0
287.0
500.0
500.0
454.0
72.0
229.0
192.0
170.0
500.0
229.0
148.0
93.0
335.0
220.0
408.0
500.0
401.0
428.0
290.0
500.0
121.0
423.0
293.0
284.0
309.0
392.0
129.0
157.0
500.0
89.0
425.0
331.0
173.0
500.0
500.0
270.0
74.0
500.0
415.0
104.0
26.0
313.0
92.0
500.0
183.0
112.0
127.0
133.0
281.0
436.0
328.0
193.0
144.0
158.0
76.0
310.0
132.0
74.0
500.0
411.0
84.0
121.0
331.0
183.0
60.0
193.0
246.0
370.0
427.0
385.0
500.0
403.0
191.0
130.0
500.0
422.0
333.0
310.0
167.0
500.0
500.0
500.0
500.0
216.0
255.0
282.0
414.0
500.0
417.0
303.0
109.0
227.0
211.0
168.0
51.0
274.0
278.0
287.0
314.0
65.0
358.0
111.0
219.0
295.0
227.0
300.0
329.0
97.0
432.0
311.0
217.0
253.0
128.0
277.0
99.0
176.0
170.0
500.0
428.0
111.0
392.0
264.0
500.0
350.0
27.0
223.0
214.0
500.0
447.0
317.0
438.0
332.0
123.0
308.0
292.0
241.0
205.0
303.0
212.0
317.0
332.0
55.0
153.0
42.0
231.0
89.0
47.0
296.0
245.0
272.0
273.0
226.0
212.0
372.0
464.0
340.0
263.0
294.0
278.0
99.0
152.0
208.0
287.0
22.0
273.0
105.0
161.0
196.0
318.0
20.0
320.0
220.0
151.0
297.0
270.0
173.0
211.0
300.0
256.0
382.0
324.0
224.0
199.0
161.0
216.0
319.0
216.0
162.0
323.0
366.0
396.0
297.0
147.0
120.0
330.0
188.0
302.0
224.0
81.0
328.0
183.0
171.0
348.0
205.0
84.0
366.0
285.0
161.0
183.0
365.0
178.0
26.0
376.0
298.0
320.0
199.0
236.0
244.0
88.0
313.0
205.0
327.0
385.0
313.0
156.0
334.0
388.0
211.0
333.0
26.0
75.0
111.0
29.0
344.0
294.0
179.0
212.0
177.0
201.0
130.0
240.0
343.0
159.0
207.0
240.0
201.0
200.0
402.0
124.0
243.0
119.0
500.0
195.0
302.0
326.0
112.0
215.0
122.0
309.0
260.0
338.0
242.0
244.0
140.0
195.0
131.0
157.0
344.0
239.0
240.0
131.0
262.0
224.0
182.0
145.0
244.0
500.0
147.0
324.0
174.0
500.0
408.0
367.0
227.0
394.0
485.0
500.0
286.0
163.0
319.0
464.0
317.0
229.0
270.0
157.0
54.0
286.0
303.0
241.0
392.0
283.0
444.0
500.0
307.0
394.0
142.0
172.0
21.0
302.0
150.0
169.0
222.0
270.0
500.0
229.0
214.0
99.0
384.0
114.0
79.0
500.0
154.0
141.0
500.0
93.0
281.0
341.0
139.0
182.0
179.0
91.0
302.0
163.0
103.0
256.0
210.0
282.0
217.0
313.0
181.0
345.0
113.0
154.0
246.0
500.0
165.0
263.0
196.0
219.0
158.0
184.0
83.0
97.0
54.0
69.0
25.0
196.0
28.0
233.0
228.0
228.0
130.0
378.0
306.0
152.0
164.0
130.0
141.0
154.0
39.0
291.0
299.0
208.0
281.0
193.0
336.0
433.0
329.0
309.0
387.0
259.0
226.0
275.0
179.0
343.0
208.0
232.0
304.0
500.0
399.0
396.0
66.0
184.0
105.0
249.0
287.0
270.0
166.0
191.0
375.0
322.0
233.0
500.0
212.0
126.0
149.0
258.0
231.0
195.0
395.0
328.0
229.0
500.0
500.0
269.0
18.0
273.0
337.0
24.0
500.0
500.0
191.0
132.0
134.0
267.0
156.0
269.0
500.0
223.0
233.0
197.0
189.0
116.0
129.0
211.0
72.0
145.0
171.0
409.0
500.0
500.0
426.0
199.0
192.0
38.0
89.0
67.0
281.0
500.0
228.0
500.0
123.0
218.0
135.0
139.0
213.0
446.0
208.0
90.0
165.0
305.0
417.0
169.0
180.0
104.0
433.0
170.0
297.0
339.0
173.0
453.0
58.0
323.0
175.0
107.0
201.0
227.0
129.0
419.0
146.0
290.0
339.0
258.0
318.0
199.0
351.0
500.0
249.0
500.0
184.0
415.0
446.0
500.0
500.0
48.0
73.0
225.0
149.0
281.0
165.0
91.0
271.0
116.0
500.0
298.0
93.0
164.0
109.0
94.0
397.0
429.0
359.0
153.0
109.0
500.0
333.0
164.0
133.0
335.0
500.0
163.0
257.0
71.0
500.0
107.0
124.0
117.0
263.0
500.0
364.0
500.0
500.0
233.0
71.0
287.0
438.0
301.0
211.0
213.0
500.0
206.0
484.0
111.0
304.0
500.0
500.0
500.0
295.0
500.0
90.0
263.0
396.0
454.0
500.0
328.0
107.0
500.0
500.0
500.0
497.0
121.0
500.0
346.0
276.0
469.0
87.0
472.0
500.0
90.0
500.0
500.0
283.0
315.0
186.0
500.0
500.0
500.0
138.0
208.0
500.0
275.0
234.0
322.0
500.0
352.0
500.0
219.0
500.0
138.0
94.0
474.0
414.0
284.0
145.0
294.0
500.0
255.0
224.0
500.0
500.0
500.0
300.0
317.0
273.0
258.0
465.0
500.0
500.0
54.0
257.0
262.0
232.0
140.0
291.0
75.0
138.0
247.0
500.0
381.0
123.0
500.0
353.0
267.0
376.0
178.0
310.0
255.0
91.0
286.0
500.0
261.0
165.0
500.0
303.0
428.0
343.0
494.0
365.0
272.0
258.0
329.0
257.0
500.0
205.0
500.0
229.0
500.0
500.0
500.0
500.0
500.0
500.0
240.0
302.0
500.0
309.0
233.0
500.0
500.0
500.0
433.0
215.0
135.0
500.0
33.0
350.0
500.0
351.0
133.0
500.0
500.0
270.0
248.0
500.0
211.0
500.0
355.0
500.0
500.0
32.0
123.0
285.0
279.0
245.0
500.0
500.0
201.0
140.0
180.0
185.0
251.0
261.0
63.0
395.0
330.0
341.0
329.0
311.0
244.0
312.0
500.0
355.0
500.0
244.0
500.0
264.0
500.0
345.0
221.0
266.0
244.0
500.0
192.0
500.0
500.0
204.0
173.0
247.0
321.0
500.0
373.0
500.0
283.0
279.0
245.0
500.0
313.0
112.0
500.0
481.0
27.0
500.0
199.0
500.0
437.0
500.0
101.0
186.0
203.0
73.0
443.0
500.0
500.0
172.0
500.0
500.0
144.0
139.0
184.0
500.0
39.0
172.0
500.0
500.0
500.0
498.0
500.0
500.0
299.0
108.0
258.0
313.0
202.0
151.0
268.0
500.0
117.0
500.0
500.0
500.0
500.0
500.0
342.0
266.0
131.0
192.0
139.0
125.0
167.0
166.0
306.0
416.0
131.0
129.0
134.0
338.0
500.0
208.0
128.0
500.0
284.0
500.0
137.0
126.0
500.0
458.0
217.0
500.0
265.0
227.0
237.0
198.0
88.0
185.0
200.0
213.0
252.0
78.0
247.0
366.0
206.0
330.0
118.0
175.0
215.0
353.0
192.0
92.0
138.0
149.0
159.0
285.0
273.0
304.0
176.0
226.0
295.0
419.0
209.0
317.0
113.0
176.0
240.0
24.0
155.0
177.0
345.0
146.0
170.0
143.0
315.0
179.0
239.0
233.0
190.0
239.0
117.0
118.0
190.0
139.0
311.0
215.0
97.0
153.0
215.0
109.0
169.0
263.0
358.0
315.0
189.0
353.0
134.0
306.0
240.0
189.0
152.0
137.0
206.0
105.0
121.0
225.0
157.0
87.0
76.0
196.0
147.0
379.0
160.0
360.0
231.0
98.0
194.0
388.0
233.0
195.0
247.0
289.0
236.0
211.0
284.0
196.0
212.0
128.0
133.0
153.0
239.0
168.0
235.0
316.0
301.0
243.0
259.0
303.0
351.0
238.0
159.0
172.0
195.0
385.0
59.0
424.0
500.0
235.0
421.0
150.0
120.0
251.0
372.0
255.0
262.0
368.0
245.0
286.0
258.0
185.0
229.0
235.0
323.0
189.0
368.0
204.0
222.0
227.0
93.0
378.0
276.0
259.0
55.0
189.0
278.0
178.0
335.0
500.0
249.0
141.0
239.0
500.0
343.0
201.0
248.0
213.0
232.0
28.0
393.0
309.0
258.0
22.0
500.0
371.0
285.0
25.0
197.0
150.0
215.0
199.0
163.0
151.0
155.0
255.0
305.0
181.0
479.0
154.0
221.0
172.0
123.0
303.0
436.0
242.0
278.0
211.0
273.0
285.0
225.0
165.0
426.0
195.0
257.0
458.0
89.0
53.0
237.0
298.0
344.0
260.0
279.0
500.0
252.0
341.0
183.0
283.0
194.0
280.0
196.0
198.0
216.0
82.0
211.0
305.0
341.0
24.0
218.0
88.0
294.0
252.0
201.0
268.0
198.0
251.0
206.0
236.0
201.0
390.0
165.0
331.0
123.0
369.0
205.0
28.0
404.0
37.0
305.0
260.0
224.0
298.0
275.0
81.0
181.0
366.0
459.0
147.0
77.0
201.0
179.0
394.0
216.0
500.0
243.0
201.0
255.0
423.0
147.0
307.0
236.0
175.0
286.0
139.0
289.0
307.0
44.0
183.0
133.0
277.0
174.0
500.0
384.0
228.0
226.0
163.0
96.0
176.0
241.0
201.0
333.0
481.0
41.0
500.0
313.0
196.0
125.0
188.0
207.0
299.0
305.0
239.0
471.0
500.0
497.0
171.0
456.0
264.0
270.0
217.0
234.0
499.0
95.0
307.0
500.0
279.0
500.0
282.0
333.0
186.0
296.0
187.0
224.0
285.0
163.0
251.0
482.0
150.0
189.0
185.0
121.0
148.0
168.0
304.0
138.0
266.0
260.0
499.0
290.0
204.0
298.0
215.0
165.0
225.0
149.0
178.0
197.0
271.0
196.0
318.0
230.0
258.0
92.0
133.0
23.0
126.0
253.0
100.0
178.0
227.0
166.0
255.0
192.0
166.0
205.0
225.0
276.0
156.0
224.0
244.0
330.0
247.0
212.0
201.0
165.0
304.0
236.0
268.0
195.0
392.0
226.0
178.0
171.0
279.0
332.0
237.0
249.0
167.0
250.0
214.0
244.0
92.0
134.0
211.0
230.0
125.0
191.0
332.0
245.0
228.0
298.0
444.0
100.0
175.0
289.0
214.0
247.0
137.0
263.0
335.0
217.0
236.0
209.0
241.0
243.0
192.0
297.0
240.0
202.0
270.0
241.0
309.0
241.0
189.0
173.0
162.0
142.0
235.0
181.0
311.0
291.0
297.0
290.0
291.0
285.0
254.0
147.0
214.0
187.0
294.0
391.0
213.0
82.0
252.0
179.0
209.0
238.0
325.0
240.0
407.0
198.0
240.0
138.0
250.0
111.0
170.0
289.0
236.0
156.0
259.0
109.0
229.0
284.0
175.0
188.0
210.0
181.0
245.0
190.0
257.0
246.0
412.0
248.0
309.0
119.0
238.0
301.0
140.0
232.0
169.0
219.0
254.0
500.0
233.0
392.0
339.0
238.0
431.0
188.0
319.0
348.0
220.0
260.0
247.0
198.0
224.0
146.0
187.0
291.0
56.0
221.0
229.0
230.0
267.0
239.0
56.0
199.0
300.0
121.0
398.0
317.0
377.0
481.0
345.0
232.0
247.0
240.0
193.0
151.0
367.0
177.0
160.0
317.0
221.0
209.0
272.0
275.0
310.0
99.0
271.0
275.0
497.0
180.0
292.0
213.0
241.0
34.0
295.0
252.0
268.0
165.0
173.0
123.0
110.0
231.0
242.0
242.0
176.0
233.0
240.0
282.0
237.0
147.0
173.0
163.0
56.0
157.0
250.0
314.0
89.0
267.0
32.0
104.0
133.0
29.0
195.0
255.0
322.0
155.0
221.0
312.0
46.0
436.0
273.0
347.0
188.0
129.0
138.0
186.0
500.0
170.0
114.0
177.0
319.0
151.0
101.0
188.0
135.0
270.0
349.0
284.0
343.0
137.0
152.0
200.0
239.0
36.0
328.0
243.0
486.0
296.0
500.0
492.0
167.0
103.0
73.0
207.0
349.0
174.0
268.0
110.0
216.0
170.0
62.0
181.0
500.0
91.0
214.0
500.0
500.0
293.0
286.0
25.0
229.0
281.0
244.0
70.0
55.0
213.0
108.0
160.0
28.0
260.0
65.0
423.0
218.0
159.0
135.0
137.0
22.0
138.0
93.0
216.0
268.0
197.0
286.0
56.0
240.0
156.0
384.0
178.0
275.0
53.0
230.0
32.0
252.0
385.0
162.0
251.0
235.0
260.0
119.0
229.0
185.0
23.0
246.0
101.0
47.0
261.0
500.0
471.0
75.0
234.0
294.0
205.0
170.0
211.0
363.0
329.0
165.0
354.0
335.0
225.0
205.0
157.0
205.0
348.0
271.0
127.0
224.0
199.0
241.0
185.0
147.0
61.0
267.0
83.0
132.0
132.0
269.0
213.0
217.0
180.0
243.0
416.0
156.0
34.0
260.0
175.0
67.0
159.0
291.0
299.0
44.0
234.0
276.0
393.0
332.0
469.0
210.0
379.0
249.0
221.0
117.0
91.0
201.0
155.0
321.0
214.0
199.0
403.0
233.0
291.0
196.0
277.0
241.0
337.0
229.0
362.0
225.0
187.0
203.0
199.0
169.0
355.0
291.0
319.0
248.0
247.0
244.0
209.0
196.0
40.0
258.0
280.0
238.0
270.0
271.0
284.0
160.0
201.0
287.0
228.0
234.0
485.0
248.0
295.0
294.0
289.0
60.0
105.0
197.0
66.0
500.0
285.0
168.0
324.0
251.0
224.0
190.0
330.0
500.0
248.0
344.0
456.0
203.0
214.0
298.0
159.0
251.0
329.0
306.0
306.0
500.0
305.0
125.0
291.0
143.0
193.0
500.0
500.0
500.0
189.0
275.0
458.0
500.0
249.0
500.0
343.0
500.0
500.0
500.0
500.0
194.0
158.0
500.0
500.0
443.0
500.0
500.0
253.0
339.0
500.0
230.0
500.0
500.0
190.0
399.0
211.0
500.0
500.0
492.0
183.0
201.0
500.0
457.0
229.0
486.0
138.0
500.0
311.0
500.0
203.0
500.0
219.0
130.0
500.0
480.0
500.0
253.0
459.0
303.0
500.0
500.0
500.0
500.0
500.0
46.0
437.0
500.0
199.0
500.0
500.0
265.0
500.0
206.0
192.0
339.0
500.0
219.0
307.0
468.0
500.0
500.0
500.0
269.0
261.0
294.0
207.0
336.0
500.0
342.0
500.0
500.0
500.0
371.0
182.0
289.0
500.0
457.0
500.0
500.0
500.0
178.0
500.0
187.0
500.0
500.0
368.0
201.0
500.0
365.0
500.0
211.0
500.0
223.0
500.0
22.0
500.0
500.0
246.0
299.0
453.0
324.0
492.0
220.0
449.0
439.0
500.0
500.0
500.0
500.0
500.0
500.0
98.0
443.0
204.0
241.0
500.0
157.0
225.0
500.0
291.0
156.0
413.0
500.0
500.0
500.0
78.0
215.0
500.0
500.0
500.0
500.0
384.0
500.0
349.0
500.0
349.0
194.0
156.0
500.0
225.0
250.0
71.0
55.0
153.0
399.0
389.0
419.0
500.0
245.0
36.0
212.0
500.0
500.0
500.0
263.0
500.0
348.0
500.0
500.0
344.0
193.0
396.0
108.0
238.0
500.0
98.0
500.0
193.0
500.0
500.0
238.0
254.0
500.0
141.0
97.0
364.0
500.0
192.0
219.0
500.0
500.0
177.0
500.0
498.0
405.0
500.0
307.0
234.0
278.0
429.0
500.0
249.0
500.0
500.0
441.0
254.0
171.0
442.0
222.0
500.0
500.0
266.0
138.0
500.0
312.0
150.0
500.0
500.0
231.0
500.0
500.0
135.0
267.0
246.0
500.0
500.0
215.0
500.0
179.0
229.0
199.0
500.0
500.0
272.0
463.0
500.0
500.0
293.0
471.0
500.0
203.0
227.0
500.0
500.0
500.0
256.0
309.0
500.0
207.0
500.0
237.0
500.0
252.0
312.0
500.0
273.0
497.0
461.0
500.0
162.0
486.0
500.0
438.0
388.0
149.0
500.0
392.0
347.0
402.0
147.0
126.0
301.0
209.0
500.0
235.0
500.0
500.0
187.0
500.0
373.0
500.0
259.0
245.0
363.0
169.0
264.0
361.0
434.0
179.0
398.0
231.0
469.0
294.0
211.0
267.0
294.0
236.0
221.0
241.0
314.0
220.0
390.0
227.0
500.0
226.0
235.0
480.0
353.0
238.0
253.0
169.0
310.0
244.0
500.0
230.0
277.0
449.0
500.0
311.0
216.0
307.0
342.0
206.0
168.0
278.0
253.0
297.0
500.0
289.0
290.0
306.0
270.0
500.0
241.0
500.0
219.0
430.0
500.0
182.0
500.0
318.0
266.0
225.0
470.0
408.0
500.0
499.0
500.0
500.0
500.0
307.0
500.0
253.0
500.0
500.0
500.0
249.0
314.0
461.0
444.0
322.0
433.0
471.0
279.0
500.0
500.0
500.0
407.0
434.0
407.0
436.0
360.0
500.0
500.0
500.0
467.0
352.0
500.0
381.0
500.0
500.0
500.0
500.0
405.0
275.0
385.0
500.0
497.0
500.0
500.0
500.0
487.0
409.0
500.0
333.0
234.0
492.0
467.0
228.0
417.0
330.0
326.0
295.0
414.0
330.0
291.0
208.0
264.0
287.0
336.0
325.0
447.0
464.0
247.0
268.0
500.0
500.0
500.0
339.0
450.0
232.0
495.0
466.0
441.0
294.0
500.0
324.0
215.0
339.0
82.0
332.0
300.0
412.0
307.0
201.0
249.0
324.0
330.0
296.0
265.0
270.0
485.0
152.0
384.0
178.0
317.0
331.0
457.0
356.0
332.0
333.0
159.0
220.0
286.0
293.0
352.0
407.0
155.0
309.0
343.0
299.0
177.0
276.0
294.0
338.0
296.0
274.0
195.0
195.0
240.0
143.0
307.0
300.0
189.0
185.0
338.0
271.0
276.0
250.0
329.0
334.0
201.0
169.0
265.0
332.0
284.0
461.0
291.0
303.0
184.0
450.0
242.0
406.0
283.0
447.0
191.0
225.0
257.0
256.0
313.0
231.0
289.0
228.0
408.0
367.0
236.0
231.0
201.0
486.0
386.0
158.0
320.0
390.0
316.0
320.0
317.0
500.0
394.0
385.0
500.0
255.0
143.0
441.0
297.0
142.0
309.0
325.0
293.0
353.0
214.0
218.0
167.0
308.0
500.0
276.0
220.0
218.0
347.0
305.0
208.0
175.0
156.0
154.0
333.0
323.0
242.0
303.0
127.0
120.0
319.0
375.0
140.0
173.0
130.0
216.0
281.0
500.0
237.0
257.0
113.0
453.0
500.0
500.0
382.0
189.0
219.0
500.0
381.0
430.0
500.0
201.0
411.0
98.0
258.0
500.0
391.0
500.0
500.0
351.0
416.0
344.0
214.0
301.0
357.0
459.0
265.0
484.0
320.0
247.0
182.0
321.0
301.0
297.0
368.0
184.0
322.0
428.0
240.0
373.0
244.0
388.0
309.0
334.0
205.0
327.0
439.0
169.0
325.0
183.0
294.0
400.0
366.0
238.0
377.0
148.0
205.0
190.0
365.0
319.0
308.0
178.0
427.0
187.0
207.0
211.0
274.0
203.0
173.0
248.0
500.0
305.0
325.0
387.0
500.0
319.0
500.0
220.0
500.0
189.0
223.0
271.0
397.0
289.0
419.0
250.0
182.0
309.0
309.0
360.0
311.0
197.0
146.0
374.0
252.0
141.0
500.0
305.0
278.0
427.0
435.0
254.0
469.0
500.0
141.0
282.0
322.0
264.0
500.0
361.0
268.0
176.0
167.0
254.0
335.0
452.0
500.0
391.0
422.0
138.0
477.0
500.0
184.0
100.0
151.0
500.0
305.0
79.0
158.0
500.0
268.0
375.0
403.0
421.0
410.0
372.0
367.0
368.0
144.0
354.0
500.0
391.0
376.0
135.0
72.0
340.0
500.0
338.0
455.0
339.0
303.0
196.0
268.0
212.0
239.0
203.0
326.0
277.0
262.0
314.0
126.0
209.0
500.0
128.0
500.0
204.0
61.0
175.0
198.0
373.0
500.0
419.0
279.0
500.0
206.0
252.0
246.0
469.0
350.0
205.0
93.0
263.0
347.0
313.0
173.0
195.0
187.0
176.0
276.0
143.0
337.0
132.0
395.0
193.0
377.0
152.0
157.0
315.0
282.0
169.0
186.0
219.0
119.0
443.0
146.0
204.0
469.0
166.0
328.0
190.0
166.0
352.0
308.0
192.0
310.0
264.0
270.0
362.0
220.0
290.0
232.0
260.0
179.0
187.0
181.0
286.0
330.0
247.0
124.0
298.0
220.0
421.0
135.0
285.0
201.0