10.0
10.0
12.0
10.0
10.0
9.0
10.0
10.0
12.0
10.0
12.0
9.0
10.0
12.0
10.0
8.0
12.0
10.0
9.0
10.0
13.0
10.0
11.0
13.0
10.0
12.0
13.0
11.0
16.0
12.0
12.0
11.0
11.0
14.0
15.0
14.0
12.0
8.0
9.0
9.0
20.0
19.0
11.0
16.0
17.0
22.0
13.0
21.0
24.0
12.0
24.0
17.0
25.0
24.0
21.0
24.0
19.0
21.0
12.0
30.0
28.0
26.0
40.0
25.0
25.0
37.0
23.0
54.0
45.0
32.0
85.0
18.0
36.0
57.0
42.0
45.0
57.0
75.0
39.0
32.0
37.0
12.0
40.0
71.0
70.0
163.0
38.0
240.0
144.0
39.0
73.0
77.0
143.0
40.0
120.0
44.0
41.0
142.0
164.0
138.0
128.0
49.0
124.0
62.0
206.0
133.0
53.0
227.0
500.0
500.0
321.0
174.0
500.0
153.0
156.0
127.0
77.0
275.0
55.0
139.0
500.0
53.0
500.0
128.0
132.0
276.0
168.0
57.0
500.0
55.0
97.0
500.0
112.0
200.0
73.0
500.0
74.0
126.0
258.0
119.0
165.0
500.0
111.0
78.0
500.0
94.0
120.0
48.0
105.0
58.0
500.0
88.0
119.0
72.0
170.0
162.0
81.0
93.0
159.0
104.0
500.0
48.0
335.0
70.0
144.0
79.0
203.0
260.0
141.0
280.0
229.0
99.0
500.0
89.0
178.0
190.0
213.0
266.0
500.0
164.0
235.0
370.0
171.0
195.0
139.0
272.0
152.0
77.0
348.0
500.0
411.0
161.0
76.0
203.0
500.0
227.0
158.0
236.0
95.0
247.0
128.0
322.0
114.0
66.0
218.0
304.0
131.0
95.0
198.0
214.0
121.0
500.0
235.0
169.0
500.0
89.0
116.0
151.0
136.0
119.0
146.0
106.0
81.0
62.0
215.0
123.0
242.0
93.0
170.0
500.0
167.0
336.0
111.0
201.0
190.0
141.0
83.0
153.0
86.0
330.0
150.0
99.0
225.0
199.0
129.0
189.0
500.0
222.0
230.0
284.0
183.0
154.0
500.0
149.0
160.0
289.0
243.0
121.0
500.0
230.0
236.0
224.0
256.0
89.0
338.0
266.0
145.0
117.0
500.0
223.0
132.0
172.0
500.0
267.0
215.0
147.0
202.0
91.0
185.0
229.0
255.0
130.0
199.0
157.0
500.0
290.0
275.0
124.0
192.0
156.0
135.0
134.0
63.0
182.0
203.0
209.0
188.0
116.0
233.0
340.0
151.0
258.0
185.0
237.0
199.0
103.0
133.0
139.0
33.0
238.0
180.0
133.0
157.0
86.0
88.0
162.0
325.0
248.0
211.0
99.0
235.0
188.0
135.0
123.0
161.0
125.0
51.0
155.0
190.0
138.0
121.0
159.0
169.0
128.0
273.0
208.0
151.0
114.0
220.0
114.0
318.0
109.0
166.0
141.0
153.0
135.0
143.0
214.0
100.0
179.0
74.0
122.0
170.0
167.0
206.0
171.0
106.0
200.0
132.0
197.0
139.0
230.0
128.0
148.0
230.0
151.0
190.0
122.0
175.0
186.0
148.0
224.0
197.0
155.0
167.0
261.0
268.0
147.0
159.0
263.0
120.0
271.0
94.0
182.0
112.0
341.0
192.0
189.0
127.0
118.0
126.0
137.0
189.0
136.0
183.0
131.0
179.0
202.0
167.0
118.0
281.0
225.0
250.0
149.0
233.0
155.0
261.0
221.0
331.0
164.0
168.0
165.0
134.0
166.0
342.0
174.0
323.0
248.0
155.0
170.0
122.0
225.0
286.0
183.0
171.0
251.0
176.0
113.0
258.0
336.0
169.0
203.0
160.0
109.0
177.0
168.0
224.0
197.0
169.0
110.0
226.0
124.0
152.0
254.0
204.0
267.0
176.0
171.0
284.0
126.0
213.0
300.0
117.0
169.0
171.0
217.0
150.0
195.0
241.0
182.0
124.0
118.0
181.0
219.0
150.0
136.0
225.0
132.0
137.0
190.0
103.0
244.0
145.0
49.0
155.0
136.0
146.0
210.0
143.0
247.0
218.0
140.0
217.0
186.0
269.0
69.0
257.0
181.0
267.0
211.0
164.0
113.0
218.0
143.0
251.0
280.0
268.0
135.0
31.0
164.0
201.0
212.0
132.0
171.0
209.0
169.0
216.0
220.0
170.0
192.0
245.0
200.0
269.0
131.0
233.0
253.0
129.0
112.0
161.0
107.0
225.0
203.0
109.0
246.0
185.0
189.0
258.0
192.0
230.0
128.0
302.0
118.0
273.0
295.0
186.0
171.0
247.0
260.0
232.0
265.0
189.0
278.0
203.0
250.0
143.0
199.0
185.0
222.0
257.0
241.0
155.0
244.0
259.0
347.0
172.0
199.0
120.0
243.0
184.0
154.0
193.0
250.0
212.0
364.0
186.0
159.0
250.0
195.0
248.0
131.0
144.0
178.0
145.0
257.0
250.0
366.0
196.0
186.0
151.0
146.0
124.0
208.0
251.0
289.0
154.0
216.0
196.0
195.0
143.0
241.0
214.0
104.0
237.0
165.0
193.0
184.0
146.0
311.0
140.0
163.0
189.0
161.0
140.0
185.0
145.0
114.0
190.0
81.0
138.0
87.0
111.0
357.0
145.0
215.0
304.0
203.0
147.0
339.0
170.0
187.0
183.0
147.0
166.0
191.0
175.0
189.0
221.0
108.0
157.0
87.0
79.0
103.0
95.0
151.0
136.0
77.0
69.0
109.0
309.0
77.0
112.0
297.0
63.0
106.0
175.0
201.0
160.0
81.0
161.0
105.0
140.0
53.0
136.0
176.0
86.0
59.0
134.0
88.0
160.0
64.0
53.0
77.0
151.0
278.0
129.0
83.0
191.0
101.0
76.0
64.0
64.0
75.0
103.0
60.0
33.0
217.0
139.0
126.0
141.0
49.0
96.0
24.0
270.0
36.0
52.0
20.0
108.0
64.0
37.0
36.0
23.0
83.0
32.0
35.0
42.0
18.0
29.0
42.0
26.0
101.0
212.0
32.0
24.0
29.0
24.0
15.0
11.0
14.0
18.0
12.0
11.0
13.0
15.0
10.0
14.0
26.0
19.0
17.0
22.0
17.0
17.0
44.0
36.0
22.0
18.0
23.0
15.0
192.0
29.0
32.0
141.0
42.0
62.0
159.0
57.0
126.0
94.0
15.0
44.0
284.0
20.0
302.0
14.0
278.0
350.0
18.0
275.0
337.0
385.0
160.0
14.0
369.0
110.0
309.0
121.0
14.0
316.0
58.0
16.0
32.0
316.0
43.0
266.0
264.0
397.0
354.0
174.0
220.0
283.0
256.0
21.0
100.0
209.0
372.0
58.0
364.0
23.0
322.0
171.0
10.0
55.0
317.0
500.0
500.0
62.0
348.0
238.0
350.0
275.0
340.0
286.0
258.0
313.0
11.0
446.0
17.0
53.0
308.0
315.0
12.0
271.0
337.0
407.0
455.0
314.0
245.0
387.0
13.0
31.0
500.0
361.0
12.0
56.0
332.0
388.0
361.0
362.0
329.0
23.0
336.0
202.0
287.0
231.0
238.0
13.0
500.0
424.0
276.0
321.0
309.0
291.0
308.0
261.0
266.0
384.0
25.0
97.0
59.0
337.0
343.0
269.0
16.0
338.0
61.0
40.0
298.0
158.0
245.0
155.0
292.0
297.0
153.0
120.0
103.0
282.0
307.0
200.0
162.0
200.0
13.0
281.0
433.0
148.0
148.0
266.0
105.0
233.0
294.0
304.0
168.0
153.0
146.0
386.0
98.0
151.0
290.0
63.0
122.0
268.0
265.0
87.0
354.0
185.0
244.0
91.0
235.0
277.0
207.0
307.0
64.0
183.0
313.0
295.0
287.0
332.0
189.0
342.0
248.0
340.0
299.0
316.0
231.0
436.0
329.0
287.0
338.0
251.0
253.0
82.0
75.0
215.0
117.0
144.0
227.0
213.0
252.0
105.0
193.0
215.0
170.0
156.0
164.0
52.0
366.0
48.0
178.0
25.0
308.0
235.0
222.0
42.0
283.0
204.0
70.0
150.0
204.0
272.0
328.0
225.0
88.0
32.0
152.0
151.0
257.0
22.0
195.0
11.0
129.0
257.0
91.0
25.0
131.0
107.0
12.0
165.0
312.0
279.0
201.0
261.0
15.0
152.0
151.0
207.0
113.0
64.0
107.0
185.0
149.0
218.0
236.0
113.0
127.0
112.0
259.0
17.0
25.0
25.0
148.0
72.0
32.0
220.0
108.0
25.0
183.0
192.0
24.0
41.0
21.0
31.0
163.0
153.0
196.0
35.0
99.0
237.0
129.0
99.0
270.0
184.0
235.0
62.0
116.0
82.0
150.0
187.0
72.0
28.0
23.0
234.0
19.0
167.0
21.0
277.0
55.0
98.0
155.0
127.0
63.0
206.0
135.0
290.0
234.0
162.0
328.0
179.0
227.0
177.0
19.0
183.0
271.0
111.0
125.0
311.0
312.0
141.0
179.0
149.0
18.0
246.0
119.0
211.0
440.0
74.0
211.0
217.0
220.0
220.0
265.0
100.0
265.0
31.0
90.0
230.0
144.0
53.0
48.0
258.0
328.0
126.0
202.0
59.0
24.0
38.0
98.0
23.0
230.0
184.0
59.0
162.0
180.0
197.0
271.0
144.0
117.0
296.0
116.0
12.0
18.0
146.0
175.0
238.0
19.0
56.0
163.0
11.0
30.0
152.0
11.0
259.0
439.0
241.0
29.0
50.0
281.0
270.0
29.0
80.0
94.0
12.0
11.0
31.0
276.0
198.0
137.0
11.0
168.0
203.0
133.0
13.0
175.0
173.0
332.0
9.0
9.0
18.0
17.0
33.0
40.0
86.0
31.0
28.0
166.0
140.0
46.0
135.0
160.0
64.0
169.0
45.0
254.0
61.0
61.0
199.0
267.0
26.0
242.0
179.0
146.0
192.0
230.0
246.0
265.0
141.0
211.0
133.0
181.0
11.0
148.0
59.0
46.0
223.0
111.0
14.0
132.0
62.0
167.0
219.0
218.0
319.0
194.0
155.0
32.0
11.0
146.0
46.0
65.0
24.0
164.0
166.0
16.0
30.0
171.0
165.0
135.0
150.0
115.0
178.0
265.0
152.0
201.0
146.0
109.0
72.0
160.0
139.0
155.0
78.0
101.0
105.0
155.0
48.0
220.0
9.0
26.0
101.0
141.0
8.0
147.0
191.0
166.0
15.0
128.0
102.0
156.0
106.0
240.0
47.0
207.0
155.0
135.0
160.0
30.0
141.0
139.0
173.0
55.0
211.0
201.0
72.0
30.0
34.0
193.0
237.0
51.0
182.0
153.0
135.0
27.0
181.0
138.0
255.0
101.0
263.0
142.0
165.0
30.0
180.0
88.0
23.0
160.0
20.0
12.0
285.0
154.0
75.0
15.0
123.0
355.0
288.0
103.0
186.0
34.0
132.0
136.0
197.0
33.0
112.0
37.0
105.0
308.0
191.0
119.0
58.0
45.0
28.0
120.0
9.0
143.0
134.0
171.0
185.0
175.0
103.0
13.0
21.0
218.0
45.0
179.0
12.0
9.0
8.0
21.0
178.0
11.0
78.0
266.0
75.0
175.0
155.0
67.0
168.0
31.0
239.0
102.0
20.0
169.0
9.0
232.0
245.0
193.0
8.0
22.0
18.0
23.0
150.0
293.0
13.0
83.0
286.0
10.0
27.0
230.0
107.0
22.0
101.0
190.0
12.0
12.0
32.0
123.0
431.0
32.0
193.0
89.0
34.0
73.0
32.0
152.0
146.0
9.0
52.0
136.0
116.0
166.0
125.0
129.0
168.0
208.0
299.0
100.0
39.0
260.0
221.0
9.0
163.0
10.0
11.0
43.0
199.0
71.0
165.0
143.0
193.0
11.0
216.0
132.0
195.0
137.0
203.0
227.0
111.0
180.0
160.0
27.0
10.0
10.0
35.0
196.0
131.0
9.0
35.0
40.0
62.0
39.0
24.0
127.0
151.0
133.0
25.0
8.0
293.0
144.0
123.0
133.0
173.0
201.0
109.0
203.0
125.0
190.0
35.0
465.0
9.0
244.0
38.0
26.0
63.0
65.0
142.0
245.0
66.0
271.0
99.0
192.0
133.0
267.0
109.0
186.0
102.0
353.0
157.0
47.0
52.0
104.0
239.0
64.0
31.0
260.0
263.0
10.0
228.0
213.0
271.0
282.0
197.0
75.0
422.0
376.0
50.0
233.0
239.0
129.0
273.0
100.0
324.0
402.0
109.0
75.0
281.0
81.0
194.0
431.0
95.0
340.0
363.0
260.0
162.0
183.0
251.0
185.0
82.0
54.0
202.0
44.0
201.0
277.0
16.0
186.0
302.0
54.0
51.0
460.0
116.0
51.0
368.0
93.0
69.0
66.0
101.0
95.0
8.0
13.0
68.0
10.0
222.0
12.0
180.0
159.0
125.0
129.0
217.0
11.0
9.0
111.0
93.0
269.0
16.0
166.0
239.0
294.0
121.0
337.0
106.0
237.0
226.0
188.0
116.0
191.0
9.0
183.0
247.0
79.0
32.0
9.0
185.0
109.0
290.0
221.0
121.0
147.0
258.0
172.0
186.0
133.0
155.0
157.0
278.0
113.0
195.0
43.0
272.0
276.0
154.0
172.0
227.0
14.0
196.0
224.0
248.0
156.0
78.0
147.0
211.0
154.0
210.0
251.0
216.0
190.0
254.0
380.0
199.0
135.0
188.0
155.0
16.0
170.0
349.0
137.0
252.0
194.0
155.0
215.0
153.0
249.0
173.0
215.0
195.0
197.0
9.0
214.0
199.0
263.0
57.0
290.0
215.0
309.0
198.0
293.0
20.0
148.0
157.0
138.0
223.0
216.0
167.0
139.0
320.0
362.0
174.0
256.0
116.0
225.0
211.0
157.0
439.0
500.0
9.0
152.0
189.0
260.0
137.0
22.0
67.0
226.0
10.0
13.0
179.0
254.0
205.0
154.0
173.0
182.0
201.0
160.0
267.0
247.0
194.0
193.0
62.0
172.0
364.0
214.0
20.0
12.0
275.0
301.0
194.0
213.0
12.0
119.0
310.0
263.0
234.0
12.0
126.0
193.0
152.0
139.0
166.0
328.0
216.0
191.0
130.0
10.0
334.0
197.0
164.0
371.0
250.0
160.0
212.0
414.0
126.0
222.0
155.0
173.0
237.0
107.0
184.0
158.0
314.0
254.0
193.0
287.0
421.0
304.0
123.0
159.0
268.0
252.0
292.0
285.0
200.0
202.0
170.0
318.0
55.0
218.0
361.0
88.0
240.0
500.0
297.0
95.0
196.0
61.0
403.0
9.0
500.0
409.0
196.0
136.0
146.0
500.0
146.0
337.0
167.0
198.0
415.0
314.0
158.0
103.0
159.0
305.0
368.0
161.0
212.0
331.0
12.0
247.0
203.0
389.0
267.0
231.0
296.0
223.0
203.0
279.0
79.0
117.0
358.0
256.0
191.0
245.0
196.0
327.0
229.0
280.0
234.0
91.0
163.0
155.0
50.0
254.0
11.0
155.0
149.0
124.0
267.0
74.0
348.0
145.0
208.0
197.0
143.0
182.0
11.0
218.0
169.0
117.0
113.0
156.0
274.0
206.0
463.0
394.0
306.0
167.0
173.0
350.0
261.0
180.0
218.0
179.0
137.0
193.0
149.0
113.0
165.0
174.0
11.0
371.0
89.0
264.0
342.0
244.0
226.0
275.0
150.0
239.0
336.0
257.0
307.0
240.0
159.0
210.0
341.0
164.0
268.0
174.0
174.0
278.0
340.0
235.0
220.0
91.0
230.0
275.0
500.0
361.0
317.0
251.0
443.0
212.0
475.0
292.0
279.0
490.0
266.0
359.0
378.0
368.0
395.0
337.0
194.0
257.0
379.0
406.0
268.0
296.0
134.0
304.0
500.0
500.0
319.0
500.0
235.0
308.0
426.0
500.0
500.0
454.0
500.0
346.0
312.0
500.0
259.0
485.0
500.0
268.0
480.0
500.0
500.0
494.0
338.0
450.0
378.0
196.0
500.0
422.0
205.0
500.0
190.0
252.0
440.0
177.0
500.0
39.0
500.0
307.0
285.0
392.0
500.0
500.0
500.0
500.0
377.0
500.0
500.0
118.0
126.0
178.0
60.0
400.0
500.0
500.0
500.0
321.0
500.0
362.0
500.0
500.0
17.0
500.0
368.0
500.0
206.0
433.0
84.0
300.0
109.0
500.0
136.0
500.0
76.0
500.0
500.0
500.0
413.0
500.0
500.0
21.0
365.0
298.0
500.0
500.0
500.0
299.0
379.0
202.0
500.0
382.0
500.0
296.0
500.0
500.0
145.0
422.0
500.0
500.0
218.0
500.0
500.0
293.0
241.0
481.0
500.0
500.0
236.0
481.0
246.0
500.0
229.0
500.0
500.0
500.0
500.0
236.0
500.0
426.0
500.0
500.0
500.0
205.0
500.0
500.0
356.0
500.0
500.0
481.0
500.0
114.0
500.0
277.0
500.0
500.0
500.0
500.0
500.0
13.0
500.0
237.0
440.0
500.0
500.0
246.0
500.0
306.0
500.0
500.0
236.0
500.0
170.0
407.0
370.0
276.0
500.0
11.0
272.0
500.0
500.0
290.0
500.0
441.0
417.0
500.0
500.0
500.0
500.0
500.0
500.0
301.0
245.0
500.0
500.0
500.0
500.0
500.0
490.0
500.0
500.0
500.0
500.0
500.0
204.0
329.0
311.0
500.0
356.0
206.0
500.0
500.0
500.0
163.0
500.0
145.0
311.0
94.0
500.0
500.0
70.0
371.0
500.0
500.0
500.0
29.0
500.0
500.0
500.0
500.0
500.0
500.0
500.0
500.0
433.0
500.0
9.0
500.0
500.0
500.0
252.0
500.0
500.0
500.0
500.0
225.0
256.0
249.0
500.0
345.0
500.0
442.0
500.0
500.0
500.0
500.0
500.0
380.0
123.0
500.0
500.0
500.0
500.0
500.0
291.0
293.0
500.0
500.0
500.0
500.0
500.0
500.0
353.0
320.0
500.0
500.0
500.0
500.0
500.0
500.0
500.0
500.0
500.0
500.0
294.0
500.0
500.0
500.0
500.0
500.0
500.0
500.0
500.0
500.0
500.0
500.0
500.0
500.0
478.0
500.0
14.0
500.0
500.0
500.0
500.0
500.0
500.0
472.0
500.0
500.0
500.0
500.0
500.0
130.0
500.0
162.0
500.0
356.0
500.0
500.0
500.0
482.0
500.0
500.0
500.0
500.0
500.0
500.0
119.0
500.0
500.0
500.0
500.0
238.0
500.0
500.0
500.0
500.0
500.0
500.0
16.0
500.0
500.0
500.0
500.0
500.0
500.0
500.0
500.0
500.0
500.0
500.0
500.0
500.0
500.0
440.0
500.0
131.0
500.0
500.0
500.0
202.0
212.0
500.0
500.0
500.0
63.0
500.0
500.0
500.0
500.0
103.0
500.0
500.0
500.0
51.0
500.0
500.0
500.0
500.0
500.0
500.0
500.0
500.0
500.0
500.0
500.0
500.0
500.0
500.0
500.0
500.0
500.0
500.0
500.0
500.0
8.0
500.0
500.0
500.0
500.0
500.0
500.0
245.0
500.0
500.0
500.0
500.0
500.0
500.0
500.0
500.0
427.0
337.0
500.0
500.0
314.0
37.0
500.0
493.0
78.0
500.0
500.0
500.0
465.0
167.0
9.0
500.0
500.0
500.0
257.0
73.0
267.0
283.0
500.0
500.0
500.0
455.0
500.0
500.0
500.0
192.0
500.0
467.0
500.0
242.0
444.0
500.0
221.0
500.0
500.0
500.0
500.0
500.0
391.0
500.0
500.0
239.0
500.0
9.0
500.0
500.0
56.0
500.0
500.0
242.0
500.0
500.0
500.0
500.0
500.0
500.0
393.0
500.0
500.0
125.0
500.0
471.0
500.0
500.0
335.0
500.0
500.0
471.0
246.0
500.0
215.0
500.0
500.0
313.0
500.0
468.0
500.0
500.0
500.0
82.0
437.0
500.0
500.0
318.0
236.0
334.0
348.0
265.0
500.0
437.0
255.0
500.0
176.0
436.0
418.0
322.0
410.0
500.0
250.0
259.0
500.0
500.0
213.0
500.0
500.0
500.0
500.0
471.0
177.0
500.0
500.0
500.0
500.0
500.0
500.0
500.0
500.0
500.0
500.0
239.0
500.0
500.0
171.0
500.0
179.0
500.0
500.0
373.0
178.0
254.0
497.0
179.0
500.0
500.0
346.0
500.0
167.0
158.0
500.0
443.0
297.0
392.0
500.0
171.0
105.0
416.0
500.0
500.0
500.0
254.0
372.0
500.0
500.0
240.0
500.0
130.0
500.0
481.0
500.0
171.0
206.0
369.0
102.0
266.0
500.0
278.0
52.0
316.0
500.0
500.0
500.0
500.0
500.0
500.0
229.0
500.0
332.0
472.0
500.0
500.0
500.0
500.0
500.0
61.0
500.0
304.0
500.0
500.0
500.0
500.0
500.0
500.0
500.0
459.0
500.0
500.0
500.0
401.0
500.0
500.0
500.0
13.0
500.0
11.0
177.0
500.0
213.0
340.0
500.0
500.0
500.0
500.0
467.0
500.0
500.0
500.0
222.0
392.0
500.0
183.0
500.0
500.0
500.0
221.0
500.0
500.0
251.0
500.0
89.0
88.0
500.0
42.0
500.0
500.0
61.0
448.0
75.0
49.0
387.0
141.0
500.0
269.0
66.0
34.0
88.0
17.0
500.0
500.0
500.0
42.0
500.0
246.0
145.0
500.0
500.0
57.0
27.0
41.0
272.0
500.0
500.0
102.0
64.0
500.0
210.0
500.0
81.0
500.0
500.0
500.0
73.0
86.0
210.0
500.0
500.0
500.0
88.0
83.0
468.0
94.0
304.0
80.0
357.0
500.0
38.0
466.0
446.0
500.0
130.0
340.0
23.0
173.0
500.0
33.0
455.0
344.0
48.0
12.0
169.0
182.0
500.0
328.0
59.0
11.0
26.0
58.0
469.0
500.0
500.0
500.0
237.0
500.0
500.0
500.0
264.0
478.0
500.0
148.0
374.0
131.0
500.0
113.0
87.0
52.0
134.0
500.0
500.0
116.0
425.0
58.0
164.0
500.0
417.0
280.0
97.0
10.0
32.0
500.0
64.0
104.0
500.0
500.0
224.0
11.0
157.0
14.0
54.0
500.0
500.0
128.0
486.0
500.0
476.0
341.0
500.0
21.0
500.0
500.0
405.0
416.0
11.0
301.0
500.0
500.0
500.0
500.0
500.0
40.0
60.0
11.0
10.0
268.0
500.0
92.0
330.0
500.0
42.0
500.0
500.0
448.0
500.0
59.0
500.0
42.0
54.0
138.0
500.0
500.0
106.0
500.0
316.0
500.0
500.0
500.0
500.0
500.0
500.0
109.0
455.0
500.0
52.0
325.0
500.0
500.0
500.0
500.0
437.0
95.0
45.0
500.0
105.0
115.0
470.0
33.0
500.0
20.0
500.0
500.0
94.0
95.0
149.0
463.0
456.0
500.0
500.0
493.0
500.0
477.0
432.0
15.0
15.0
130.0
500.0
38.0
61.0
500.0
500.0
500.0
500.0
485.0
500.0
500.0
500.0
264.0
463.0
324.0
447.0
500.0
500.0
500.0
134.0
500.0
500.0
46.0
217.0
253.0
500.0
389.0
500.0
500.0
304.0
500.0
161.0
236.0
500.0
500.0
17.0
500.0
230.0
500.0
500.0
500.0
294.0
355.0
25.0
500.0
204.0
253.0
500.0
141.0
500.0
56.0
465.0
500.0
437.0
391.0
285.0
156.0
178.0
345.0
500.0
428.0
500.0
500.0
51.0
333.0
500.0
500.0
427.0
500.0
500.0
500.0
180.0
500.0
244.0
500.0
500.0
399.0
83.0
500.0
500.0
500.0
500.0
500.0
500.0
500.0
500.0
8.0
500.0
175.0
500.0
500.0
500.0
282.0
500.0
500.0
500.0
500.0
500.0
440.0
442.0
482.0
500.0
500.0
500.0
373.0
500.0
202.0
448.0
500.0
500.0
500.0
157.0
60.0
500.0
500.0
500.0
401.0
23.0
500.0
419.0
500.0
13.0
500.0
500.0
500.0
365.0
8.0
15.0
500.0
33.0
11.0
302.0
500.0
219.0
500.0
500.0
268.0
303.0
18.0
500.0
498.0
500.0
500.0
500.0
500.0
500.0
500.0
390.0
477.0
500.0
451.0
500.0
500.0
500.0
500.0
25.0
500.0
350.0
500.0
272.0
500.0
500.0
500.0
446.0
500.0
500.0
355.0
500.0
500.0
447.0
332.0
336.0
13.0
232.0
500.0
418.0
500.0
500.0
500.0
500.0
500.0
500.0
500.0
500.0
500.0
500.0
337.0
500.0
470.0
473.0
500.0
500.0
369.0
500.0
340.0
112.0
500.0
500.0
500.0
500.0
495.0
500.0
500.0
500.0
500.0
163.0
500.0
500.0
500.0
407.0
208.0
115.0
232.0
500.0
377.0
181.0
246.0
9.0
403.0
299.0
473.0
106.0
66.0
274.0
265.0
225.0
89.0
130.0
103.0
41.0
257.0
272.0
500.0
224.0
371.0
126.0
328.0
94.0
94.0
343.0
391.0
166.0
263.0
479.0
500.0
407.0
500.0
500.0
500.0
28.0
500.0
500.0
500.0
500.0
500.0
461.0
500.0
144.0
250.0
337.0
500.0
292.0
378.0
500.0
500.0
259.0
376.0
500.0
500.0
189.0
500.0
477.0
500.0
391.0
488.0
412.0
500.0
500.0
106.0
368.0
500.0
500.0
116.0
500.0
500.0
57.0
324.0
500.0
136.0
500.0
500.0
500.0
500.0
500.0
500.0
500.0
376.0
432.0
500.0
500.0
422.0
500.0
500.0
500.0
500.0
500.0
284.0
500.0
466.0
500.0
500.0
500.0
500.0
500.0
500.0
31.0
500.0
500.0
234.0
500.0
500.0
500.0
500.0
500.0
500.0
500.0
491.0
500.0
500.0
439.0
500.0
500.0
500.0
500.0
500.0
500.0
452.0
199.0
500.0
500.0
500.0
324.0
500.0
428.0
412.0
333.0
165.0
500.0
451.0
352.0
500.0
445.0
426.0
500.0
500.0
500.0
500.0
500.0
33.0
500.0
500.0
119.0
500.0
500.0
500.0
500.0
500.0
500.0
500.0
500.0
500.0
500.0
500.0
291.0
432.0
298.0
500.0
500.0
413.0
500.0
500.0
500.0
500.0
500.0
500.0
87.0
500.0
500.0
492.0
500.0
500.0
469.0
500.0
500.0
500.0
500.0
389.0
500.0
500.0
470.0
500.0
500.0
442.0
451.0
99.0
500.0
500.0
500.0
500.0
500.0
500.0
500.0
500.0
51.0
256.0
462.0
500.0
216.0
500.0
363.0
473.0
500.0
500.0
176.0
500.0
500.0
500.0
500.0
500.0
478.0
500.0
500.0
84.0
500.0
258.0
397.0
326.0
299.0
145.0
204.0
335.0
222.0
256.0
321.0
421.0
269.0
344.0
139.0
369.0
353.0
261.0
316.0
26.0
392.0
500.0
408.0
412.0
393.0
364.0
382.0
286.0
262.0
344.0
268.0
253.0
391.0
364.0
409.0
417.0
138.0
252.0
375.0
352.0
500.0
500.0
358.0
500.0
500.0
500.0
500.0
481.0
500.0
500.0
499.0
437.0
350.0
225.0
500.0
104.0
308.0
500.0
500.0
500.0
500.0
500.0
500.0
484.0
500.0
500.0
500.0
500.0
500.0
500.0
500.0
500.0
500.0
491.0
500.0
500.0
500.0
427.0
500.0
297.0
500.0
500.0
380.0
500.0
348.0
500.0
430.0
500.0
500.0
500.0
500.0
438.0
500.0
500.0
500.0
500.0
500.0
500.0
500.0
500.0
500.0
416.0
500.0
500.0
500.0
500.0
500.0
500.0
500.0
500.0
500.0
436.0
436.0
500.0
500.0
500.0
500.0
500.0
500.0
500.0
316.0
500.0
500.0
500.0
372.0
500.0
500.0
500.0
500.0
500.0
133.0
500.0
500.0
500.0
500.0
500.0
77.0
494.0
414.0
500.0
500.0
406.0
500.0
500.0
500.0
500.0
500.0
390.0
500.0
500.0
455.0
335.0
418.0
500.0
500.0
126.0
419.0
500.0
384.0
473.0
500.0
182.0
444.0
484.0
500.0
500.0
394.0
500.0
500.0
500.0
500.0
500.0
387.0
500.0
500.0
500.0
500.0
420.0
327.0
500.0
414.0
500.0
500.0
500.0
500.0
500.0
500.0
500.0
500.0
459.0
500.0
485.0
167.0
500.0
500.0
500.0
500.0
433.0
500.0
500.0
500.0
289.0
243.0
500.0
272.0
500.0
249.0
478.0
500.0
500.0
500.0
370.0
463.0
322.0
500.0
411.0
498.0
500.0
27.0
500.0
475.0
500.0
500.0
500.0
443.0
492.0
148.0
500.0
195.0
477.0
500.0
372.0
402.0
386.0
456.0
500.0
194.0
500.0
205.0
500.0
500.0
500.0
500.0
500.0
500.0
492.0
500.0
500.0
500.0
500.0
478.0
500.0
444.0
500.0
202.0
346.0
500.0
441.0
500.0
314.0
500.0
500.0
500.0
500.0
500.0
500.0
421.0
500.0
500.0
500.0
440.0
500.0
208.0
500.0
500.0
500.0
230.0
500.0
379.0
500.0
500.0
500.0
500.0
409.0
255.0
500.0
500.0
500.0
500.0
500.0
500.0
11.0
498.0
443.0
500.0
500.0
500.0
453.0
500.0
500.0
500.0
500.0
500.0
500.0
500.0
500.0
500.0
148.0
500.0
500.0
128.0
346.0
330.0
369.0
107.0
328.0
369.0
263.0
500.0
434.0
119.0
411.0
458.0
500.0
288.0
500.0
454.0
500.0
425.0
486.0
366.0
500.0
500.0
41.0
56.0
328.0
197.0
279.0
500.0
350.0
121.0
254.0
500.0
500.0
327.0
314.0
500.0
384.0
500.0
325.0
500.0
500.0
500.0
500.0
500.0
490.0
463.0
475.0
500.0
132.0
80.0
320.0
500.0
500.0
304.0
161.0
267.0
500.0
324.0
500.0
500.0
500.0
500.0
356.0
430.0
356.0
393.0
13.0
157.0
153.0
495.0
500.0
279.0
500.0
37.0
500.0
500.0
500.0
344.0
316.0
500.0
287.0
215.0
31.0
64.0
500.0
500.0
500.0
131.0
500.0
500.0
344.0
399.0
407.0
406.0
450.0
252.0
500.0
118.0
500.0
500.0
53.0
500.0
498.0
271.0
500.0
500.0
328.0
500.0
500.0
500.0
500.0
500.0
368.0
500.0
350.0
369.0
404.0
135.0
155.0
500.0
369.0
500.0
500.0
467.0
427.0
228.0
375.0
500.0
298.0
500.0
500.0
500.0
500.0
182.0
434.0
440.0
500.0
274.0
465.0
500.0
500.0
500.0
248.0
475.0
500.0
500.0
500.0
500.0
500.0
500.0
237.0
372.0
184.0
500.0
500.0
500.0
500.0
500.0
500.0
500.0
242.0
500.0
138.0
194.0
500.0
292.0
500.0
500.0
438.0
231.0
346.0
314.0
16.0
156.0
162.0
292.0
370.0
254.0
272.0
309.0
291.0
291.0
209.0
168.0
157.0
195.0
444.0
123.0
140.0
116.0
188.0
187.0
211.0
168.0
312.0
161.0
143.0
187.0
87.0
227.0
301.0
182.0
96.0
293.0
248.0
147.0
144.0
178.0
206.0
304.0
135.0
163.0
175.0
178.0
166.0
457.0
152.0
124.0
170.0
60.0
240.0
189.0
253.0
138.0
244.0
150.0
107.0
93.0
164.0
153.0
98.0
188.0
179.0
215.0
258.0
195.0
108.0
96.0
221.0
126.0
125.0
82.0
174.0
296.0
133.0
118.0
67.0
163.0
112.0
119.0
249.0
82.0
182.0
193.0
161.0
228.0
130.0
438.0
134.0
122.0
500.0
146.0
205.0
185.0
159.0
222.0
275.0
231.0
141.0
90.0
110.0
107.0
132.0
130.0
255.0
186.0
222.0
381.0
122.0
157.0
132.0
235.0
121.0
164.0
226.0
240.0
183.0
146.0
118.0
178.0
217.0
169.0
159.0
392.0
304.0
92.0
244.0
86.0
120.0
169.0
239.0
354.0
158.0
189.0
214.0
187.0
327.0
163.0
188.0
204.0
206.0
420.0
283.0
96.0
161.0
308.0
337.0
167.0
135.0
187.0
143.0
192.0
258.0
163.0
235.0
191.0
270.0
257.0
113.0
264.0
124.0
126.0
108.0
219.0
133.0
159.0
124.0
139.0
156.0
184.0
210.0
145.0
269.0
329.0
134.0
279.0
227.0
120.0
104.0
184.0
185.0
160.0
172.0
238.0
215.0
194.0
167.0
138.0
217.0
201.0
178.0
139.0
292.0
117.0
79.0
253.0
468.0
230.0
229.0
330.0
164.0
300.0
303.0
176.0
234.0
119.0
390.0
311.0
355.0
218.0
484.0
184.0
150.0
143.0
214.0
97.0
166.0
218.0
210.0
146.0
144.0
172.0
149.0
144.0
178.0
183.0
158.0
132.0
217.0
68.0
158.0
168.0
120.0
127.0
185.0
169.0
179.0
153.0
303.0
199.0
123.0
182.0
371.0
151.0
299.0
157.0
192.0
160.0
173.0
183.0
243.0
205.0
106.0
214.0
71.0
195.0
128.0
242.0
157.0
290.0
184.0
500.0
184.0
167.0
247.0
147.0
266.0
208.0
230.0
220.0
229.0
123.0
111.0
173.0
165.0
238.0
171.0
265.0
153.0
118.0
138.0
182.0
132.0
169.0
210.0
181.0
140.0
143.0
170.0
158.0
145.0
203.0
146.0
145.0
279.0
119.0
138.0
160.0
174.0
156.0
287.0
134.0
182.0
169.0
222.0
178.0
135.0
144.0
280.0
140.0
229.0
170.0
152.0
197.0
52.0
243.0
184.0
128.0
162.0
110.0
164.0
109.0
169.0
87.0
221.0
139.0
403.0
240.0
269.0
373.0
137.0
307.0
119.0
229.0
190.0
255.0
255.0
485.0
500.0
500.0
500.0
500.0
500.0
500.0
500.0
500.0
461.0
121.0
119.0
186.0
156.0
201.0
500.0
500.0
500.0
500.0
500.0
483.0
500.0
500.0
154.0
350.0
138.0
328.0
500.0
500.0
174.0
500.0
500.0
370.0
117.0
500.0
500.0
215.0
500.0
155.0
189.0
233.0
232.0
238.0
155.0
198.0
138.0
174.0
292.0
241.0
301.0
28.0
206.0
392.0
171.0
135.0
233.0
408.0
500.0
247.0
354.0
177.0
306.0
276.0
315.0
323.0
500.0
383.0
427.0
235.0
292.0
500.0
224.0
206.0
248.0
111.0
352.0
351.0
213.0
144.0
221.0
173.0
240.0
240.0
248.0
205.0
343.0
239.0
150.0
164.0
219.0
116.0
127.0
238.0
107.0
293.0
239.0
155.0
305.0
117.0
162.0
160.0
297.0
203.0
258.0
335.0
124.0
280.0
313.0
227.0
301.0
250.0
277.0
202.0
166.0
247.0
141.0
202.0
272.0
179.0
127.0
272.0
210.0
281.0
192.0
365.0
180.0
197.0
339.0
330.0
193.0
231.0
330.0
383.0
206.0
146.0
238.0
500.0
245.0
162.0
181.0
212.0
213.0
361.0
230.0
205.0
234.0
161.0
22.0
210.0
151.0
208.0
236.0
226.0
183.0
261.0
204.0
295.0
321.0
195.0
174.0
124.0
281.0
189.0
198.0
177.0
212.0
124.0
253.0
227.0
211.0
202.0
205.0
182.0
243.0
199.0
124.0
310.0
132.0
131.0
110.0
147.0
145.0
163.0
55.0
183.0
295.0
171.0
261.0
89.0
83.0
131.0
130.0
197.0
255.0
188.0
163.0
164.0
200.0
284.0
295.0
271.0
268.0
222.0
265.0
265.0
251.0
325.0
239.0
230.0
202.0
158.0
112.0
172.0
207.0
326.0
408.0
166.0
228.0
226.0
260.0
139.0
420.0
207.0
197.0
223.0
217.0
259.0
186.0
185.0
268.0
339.0
232.0
500.0
340.0
210.0
228.0
404.0
244.0
312.0
325.0
201.0
211.0
172.0
214.0
283.0
177.0
286.0
92.0
122.0
258.0
323.0
327.0
197.0
237.0
57.0
270.0
225.0
154.0
203.0
161.0
141.0
206.0
207.0
487.0
259.0
137.0
499.0
148.0
264.0
500.0
500.0
500.0
76.0
248.0
408.0
72.0
393.0
238.0
313.0
265.0
213.0
72.0
234.0
500.0
481.0
321.0
273.0
382.0
260.0
110.0
213.0
268.0
133.0
162.0
265.0
287.0
288.0
153.0
235.0
322.0
153.0
323.0
83.0
283.0
322.0
277.0
200.0
174.0
321.0
134.0
275.0
88.0
106.0
263.0
176.0
215.0
227.0
420.0
239.0
143.0
289.0
236.0
213.0
220.0
199.0
246.0
192.0
242.0
424.0
235.0
119.0
245.0
109.0
500.0
195.0
255.0
173.0
233.0
178.0
136.0
172.0
306.0
207.0
109.0
289.0
114.0
110.0
241.0
313.0
171.0
162.0
209.0
256.0
195.0
225.0
216.0
274.0
407.0
179.0
206.0
162.0
177.0
164.0
233.0
109.0
118.0
299.0
282.0
243.0
133.0
112.0
110.0
153.0
186.0
199.0
154.0
73.0
116.0
140.0
148.0
167.0
53.0
139.0
209.0
203.0
215.0
164.0
201.0
159.0
108.0
105.0
139.0
190.0
268.0
109.0
191.0
214.0
316.0
125.0
195.0
269.0
247.0
261.0
157.0
170.0
106.0
216.0
244.0
88.0
338.0
207.0
205.0
243.0
297.0
81.0
238.0
82.0
138.0
277.0
500.0
240.0
249.0
316.0
347.0
282.0
377.0
260.0
325.0
425.0
342.0
317.0
366.0
392.0
309.0
374.0
500.0
222.0
335.0
388.0
500.0
369.0
216.0
154.0
271.0
142.0
465.0
81.0
184.0
171.0
87.0
119.0
155.0
210.0
119.0
206.0
339.0
149.0
337.0
159.0
98.0
216.0
350.0
107.0
306.0
136.0
130.0
137.0
390.0
168.0
90.0
438.0
141.0
238.0
500.0
52.0
386.0
500.0
445.0
500.0
110.0
500.0
443.0
386.0
112.0
500.0
466.0
263.0
500.0
500.0
500.0
189.0
430.0
500.0
325.0
463.0
210.0
338.0
336.0
149.0
400.0
176.0
186.0
337.0
368.0
473.0
291.0
182.0
200.0
353.0
162.0
274.0
320.0
210.0
500.0
205.0
500.0
338.0
75.0
500.0
328.0
57.0
264.0
200.0
48.0
227.0
440.0
217.0
183.0
500.0
500.0
23.0
226.0
262.0
446.0
438.0
418.0
500.0
144.0
146.0
345.0
274.0
112.0
111.0
347.0
267.0
216.0
262.0
50.0
159.0
123.0
133.0
230.0
211.0
218.0
218.0
190.0
98.0
226.0
268.0
473.0
227.0
231.0
294.0
436.0
500.0
327.0
420.0
188.0
177.0
116.0
171.0
500.0
84.0
339.0
380.0
134.0
226.0
208.0
500.0
203.0
500.0
90.0
500.0
396.0
149.0
487.0
116.0
500.0
500.0
500.0
185.0
272.0
500.0
500.0
203.0
395.0
213.0
500.0
246.0
203.0
299.0
75.0
195.0
500.0
190.0
35.0
300.0
192.0
330.0
500.0
500.0
500.0
253.0
500.0
500.0
500.0
292.0
142.0
500.0
42.0
249.0
102.0
500.0
205.0
500.0
500.0
244.0
120.0
500.0
267.0
500.0
82.0
217.0
500.0
500.0
500.0
83.0
221.0
461.0
201.0
445.0
500.0
500.0
159.0
500.0
256.0
500.0
500.0
147.0
413.0
122.0
500.0
261.0
110.0
169.0
500.0
69.0
85.0
500.0
500.0
500.0
72.0
67.0
355.0
500.0
267.0
500.0
261.0
383.0
270.0
500.0
14.0
500.0
340.0
24.0
263.0
122.0
500.0
70.0
222.0
143.0
447.0
106.0
96.0
264.0
118.0
500.0
128.0
500.0
500.0
358.0
305.0
500.0
403.0
500.0
500.0
220.0
500.0
101.0
56.0
500.0
500.0
271.0
500.0
500.0
500.0
500.0
500.0
500.0
490.0
225.0
280.0
500.0
500.0
500.0
500.0
500.0
500.0
284.0
500.0
500.0
500.0
251.0
274.0
500.0
500.0
500.0
90.0
474.0
500.0
340.0
234.0
500.0
500.0
500.0
105.0
500.0
452.0
500.0
500.0
295.0
500.0
500.0
92.0
500.0
44.0
500.0
500.0
500.0
500.0
500.0
127.0
500.0
500.0
500.0
500.0
500.0
500.0
199.0
91.0
500.0
403.0
376.0
77.0
500.0
349.0
500.0
415.0
500.0
500.0
119.0
500.0
382.0
448.0
500.0
500.0
500.0
61.0
290.0
221.0
500.0
500.0
343.0
500.0
344.0
274.0
500.0
500.0
500.0
500.0
500.0
500.0
480.0
265.0
500.0
293.0
366.0
500.0
500.0
500.0
500.0
483.0
500.0
500.0
500.0
180.0
245.0
500.0
500.0
254.0
500.0
500.0
500.0
85.0
283.0
352.0
407.0
280.0
500.0
154.0
426.0
500.0
500.0
179.0
500.0
500.0
500.0
500.0
388.0
273.0
228.0
347.0
151.0
500.0
148.0
500.0
500.0
165.0
399.0
500.0
399.0
330.0
500.0
500.0
334.0
131.0
199.0
323.0
168.0
500.0
480.0
245.0
500.0
500.0
500.0
500.0
500.0
500.0
500.0
500.0
500.0
500.0
237.0
151.0
269.0
500.0
272.0
79.0
279.0
500.0
500.0
500.0
500.0
500.0
500.0
240.0
500.0
500.0
500.0
500.0
442.0
138.0
500.0
500.0
451.0
500.0
429.0
247.0
321.0
500.0
314.0
500.0
275.0
275.0
500.0
205.0
500.0
500.0
360.0
442.0
500.0
500.0
218.0
252.0
454.0
201.0
249.0
500.0
500.0
373.0
500.0
72.0
500.0
500.0
500.0
500.0
500.0
242.0
500.0
451.0
500.0
217.0
500.0
259.0
500.0
286.0
500.0
500.0
217.0
500.0
500.0
90.0
203.0
500.0
284.0
500.0
500.0
500.0
500.0
500.0
412.0
500.0
250.0
267.0
200.0
167.0
500.0
104.0
445.0
289.0
500.0
247.0
274.0
245.0
500.0
314.0
145.0
211.0
362.0
432.0
98.0
187.0
469.0
500.0
500.0
500.0
500.0
190.0
500.0
500.0
326.0
176.0
329.0
495.0
226.0
83.0
236.0
500.0
500.0
190.0
232.0
500.0
200.0
278.0
500.0
500.0
296.0
254.0
204.0
197.0
500.0
86.0
428.0
249.0
439.0
278.0
500.0
500.0
227.0
306.0
500.0
315.0
238.0
500.0
381.0
282.0
240.0
500.0
500.0
500.0
414.0
201.0
233.0
223.0
500.0
500.0
401.0
255.0
316.0
500.0
500.0
226.0
500.0
284.0
362.0
500.0
177.0
500.0
424.0
500.0
500.0
205.0
500.0
177.0
415.0
500.0
500.0
182.0
135.0
500.0
163.0
88.0
83.0
116.0
142.0
332.0
347.0
500.0
466.0
322.0
500.0
500.0
403.0
207.0
500.0
500.0
500.0
104.0
266.0
89.0
500.0
500.0
500.0
297.0
500.0
500.0
150.0
500.0
500.0
240.0
90.0
500.0
500.0
500.0
318.0
348.0
500.0
500.0
179.0
500.0
149.0
298.0
98.0
500.0
500.0
500.0
133.0
163.0
226.0
473.0
151.0
500.0
500.0
109.0
500.0
257.0
452.0
172.0
500.0
227.0
413.0
248.0
484.0
137.0
420.0
449.0
500.0
192.0
233.0
500.0
170.0
183.0
212.0
500.0
500.0
129.0
334.0
269.0
500.0
500.0
480.0
449.0
500.0
426.0
500.0
149.0
163.0
500.0
248.0
500.0
167.0
184.0
325.0
256.0
207.0
500.0
500.0
220.0
254.0
424.0
206.0
500.0
180.0
151.0
500.0
350.0
500.0
94.0
223.0
354.0
500.0
500.0
140.0
337.0
500.0
500.0
500.0
500.0
232.0
236.0
279.0
500.0
463.0
235.0
500.0
346.0
500.0
180.0
500.0
230.0
500.0
500.0
500.0
500.0
500.0
500.0
295.0
383.0
222.0
201.0
130.0
322.0
500.0
500.0
500.0
500.0
87.0
500.0
392.0
267.0
450.0
283.0
500.0
500.0
270.0
500.0
500.0
302.0
500.0
366.0
500.0
229.0
221.0
331.0
86.0
219.0
211.0
308.0
317.0
204.0
259.0
164.0
193.0
252.0
188.0
197.0
192.0
308.0
390.0
308.0
229.0
304.0
277.0
132.0
198.0
335.0
403.0
130.0
44.0
108.0
319.0
150.0
290.0
309.0
290.0
360.0
110.0
159.0
147.0
264.0
62.0
187.0
220.0
186.0
213.0
179.0
80.0
279.0
88.0
119.0
343.0
139.0
325.0
269.0
259.0
353.0
122.0
242.0
487.0
157.0
336.0
58.0
80.0
271.0
281.0
212.0
125.0
341.0
56.0
110.0
128.0
229.0
140.0
270.0
118.0
188.0
151.0
123.0
66.0
255.0
303.0
144.0
176.0
71.0
332.0
251.0
500.0
141.0
169.0
105.0
314.0
500.0
500.0
500.0
469.0
500.0
202.0
500.0
500.0
500.0
500.0
500.0
500.0
358.0
451.0
500.0
500.0
500.0
500.0
500.0
500.0
500.0
478.0
500.0
210.0
500.0
500.0
500.0
500.0
290.0
500.0
500.0
500.0
500.0
471.0
500.0
213.0
340.0
303.0
168.0
500.0
500.0
500.0
38.0
500.0
151.0
500.0
500.0
500.0
436.0
365.0
425.0
430.0
473.0
479.0
500.0
471.0
483.0
500.0
425.0
371.0
461.0
138.0
359.0
275.0
500.0
441.0
500.0
482.0
162.0
500.0
366.0
483.0
239.0
500.0
433.0
500.0
500.0
387.0
302.0
420.0
178.0
415.0
500.0
302.0
219.0
500.0
399.0
500.0
500.0
406.0
467.0
497.0
435.0
487.0
500.0
432.0
335.0
500.0
471.0
500.0
500.0
347.0
500.0
283.0
500.0
500.0
500.0
500.0
479.0
500.0
168.0
401.0
259.0
354.0
493.0
500.0
500.0
500.0
500.0
500.0
500.0
239.0
235.0
326.0
302.0
500.0
500.0
465.0
500.0
500.0
200.0
500.0
500.0
500.0
500.0
500.0
500.0
500.0
500.0
500.0
500.0
500.0
500.0
500.0
500.0
500.0
500.0
500.0
500.0
65.0
285.0
500.0
500.0
500.0
500.0
348.0
386.0
500.0
444.0
500.0
500.0
500.0
380.0
500.0
500.0
500.0
500.0
500.0
500.0
500.0
500.0
500.0
500.0
500.0
500.0
485.0
500.0
500.0
500.0
500.0
500.0
500.0
500.0
500.0
500.0
500.0
500.0
500.0
500.0
500.0
500.0
500.0
500.0
500.0
500.0
500.0
500.0
105.0
500.0
500.0
500.0
366.0
500.0
500.0
500.0
500.0
500.0
500.0
500.0
500.0
500.0
113.0
500.0
500.0
500.0
500.0
500.0
500.0
500.0
500.0
500.0
500.0
500.0
500.0
500.0
500.0
500.0
500.0
500.0
500.0
500.0
447.0
500.0
500.0
500.0
500.0
500.0
500.0
500.0
500.0
500.0
500.0
500.0
500.0
500.0
500.0
500.0
500.0
359.0
397.0
500.0
500.0
403.0
496.0
500.0
500.0
174.0
177.0
72.0
133.0
138.0
103.0
420.0
68.0
284.0
229.0
76.0
500.0
84.0
206.0
246.0
97.0
238.0
149.0
370.0
137.0
72.0
152.0
281.0
117.0
289.0
95.0
126.0
83.0
195.0
167.0
391.0
59.0
159.0
500.0
104.0
278.0
167.0
183.0
347.0
209.0
459.0
212.0
315.0
72.0
500.0
500.0
243.0
233.0
262.0
240.0
335.0
273.0
150.0
500.0
85.0
329.0
480.0
144.0
272.0
193.0
85.0
124.0
205.0
108.0
283.0
275.0
157.0
472.0
188.0
178.0
390.0
453.0
242.0
500.0
428.0
136.0
164.0
500.0
500.0
162.0
264.0
420.0
187.0
109.0
500.0
186.0
301.0
245.0
500.0
500.0
188.0
389.0
24.0
500.0
143.0
275.0
246.0
145.0
207.0
133.0
106.0
372.0
241.0
298.0
500.0
72.0
277.0
232.0
288.0
260.0
242.0
229.0
500.0
208.0
67.0
314.0
500.0
196.0
129.0
172.0
296.0
207.0
182.0
500.0
500.0
500.0
193.0
219.0
131.0
184.0
218.0
146.0
300.0
182.0
219.0
272.0
196.0
235.0
276.0
93.0
221.0
169.0
343.0
148.0
280.0
239.0
95.0
291.0
143.0
142.0
49.0
144.0
149.0
459.0
247.0
125.0
500.0
187.0
216.0
500.0
207.0
228.0
187.0
208.0
171.0
68.0
99.0
64.0
161.0
156.0
40.0
121.0
500.0
176.0
143.0
199.0
250.0
166.0
72.0
500.0
72.0
500.0
186.0
24.0
329.0
500.0
71.0
113.0
162.0
362.0
392.0
75.0
402.0
292.0
137.0
142.0
362.0
127.0
323.0
500.0
221.0
41.0
133.0
500.0
314.0
439.0
500.0
500.0
260.0
500.0
363.0
58.0
95.0
184.0
109.0
387.0
453.0
500.0
500.0
169.0
500.0
326.0
500.0
500.0
500.0
500.0
500.0
500.0
250.0
500.0
348.0
500.0
500.0
500.0
500.0
475.0
423.0
500.0
500.0
500.0
500.0
500.0
222.0
500.0
500.0
91.0
500.0
500.0
500.0
500.0
500.0
389.0
500.0
500.0
142.0
491.0
500.0
500.0
500.0
205.0
500.0
500.0
500.0
189.0
382.0
500.0
500.0
500.0
500.0
123.0
500.0
500.0
500.0
500.0
500.0
500.0
500.0
500.0
500.0
231.0
500.0
500.0
500.0
500.0
500.0
500.0
500.0
100.0
500.0
500.0
500.0
500.0
500.0
500.0
500.0
500.0
500.0
500.0
500.0
500.0
236.0
257.0
500.0
500.0
500.0
354.0
301.0
500.0
500.0
500.0
500.0
500.0
500.0
500.0
500.0
500.0
500.0
500.0
500.0
500.0
500.0
500.0
500.0
500.0
500.0
500.0
500.0
500.0
319.0
500.0
500.0
500.0
313.0
500.0
500.0
261.0
500.0
500.0
500.0
500.0
500.0
500.0
500.0
344.0
500.0
500.0
500.0
500.0
500.0
500.0
383.0
500.0
500.0
500.0
500.0
500.0
500.0
500.0
259.0
500.0
500.0
500.0
500.0
500.0
500.0
500.0
500.0
500.0
106.0
500.0
500.0
500.0
500.0
500.0
500.0
500.0
500.0
500.0
500.0
500.0
500.0
500.0
500.0
500.0
500.0
500.0
500.0
500.0
500.0
500.0
500.0
500.0
500.0
500.0
337.0
500.0
500.0
500.0
500.0
500.0
500.0
500.0
65.0
500.0
73.0
500.0
500.0
357.0
500.0
500.0
339.0
500.0
500.0
500.0
500.0
500.0
500.0
500.0
500.0
500.0
500.0
500.0
500.0
500.0
500.0
500.0
500.0
500.0
500.0
500.0
500.0
500.0
378.0
500.0
127.0
500.0
500.0
283.0
500.0
500.0
500.0
500.0
155.0
500.0
500.0
500.0
500.0
474.0
500.0
500.0
169.0
500.0
500.0
500.0
500.0
194.0
118.0
380.0
500.0
190.0
120.0
500.0
500.0
500.0
500.0
500.0
259.0
500.0
500.0
500.0
211.0
112.0
500.0
500.0
500.0
284.0
500.0
500.0
500.0
500.0
500.0
500.0
500.0
500.0
500.0
500.0
500.0
500.0
500.0
500.0
500.0
500.0
500.0
387.0
500.0
500.0
500.0
179.0
500.0
500.0
500.0
500.0
500.0
500.0
500.0
500.0
500.0
500.0
500.0
500.0
500.0
500.0
500.0
500.0
500.0
500.0
181.0
500.0
500.0
500.0
500.0
500.0
500.0
500.0
500.0
500.0
500.0
500.0
500.0
500.0
440.0
500.0
500.0
500.0
500.0
165.0
500.0
469.0
500.0
500.0
500.0
500.0
306.0
500.0
500.0
185.0
150.0
298.0
500.0
500.0
500.0
500.0
500.0
126.0
500.0
500.0
500.0
396.0
500.0
500.0
39.0
500.0
500.0
500.0
355.0
500.0
188.0
500.0
390.0
154.0
479.0
306.0
339.0
500.0
500.0
433.0
500.0
500.0
500.0
500.0
481.0
500.0
500.0
206.0
500.0
71.0
500.0
242.0
298.0
500.0
500.0
500.0
478.0
500.0
500.0
500.0
500.0
500.0
500.0
500.0
500.0
296.0
500.0
500.0
500.0
500.0
500.0
500.0
500.0
500.0
500.0
500.0
500.0
500.0
346.0
500.0
500.0
500.0
500.0
500.0
500.0
500.0
500.0
500.0
500.0
500.0
500.0
500.0
500.0
500.0
500.0
500.0
500.0
500.0
500.0
500.0
500.0
500.0
500.0
500.0
500.0
500.0
500.0
500.0
500.0
500.0
500.0
500.0
500.0
500.0
500.0
500.0
500.0
319.0
500.0
500.0
500.0
405.0
500.0
500.0
500.0
405.0
324.0
500.0
500.0
500.0
500.0
500.0
175.0
500.0
500.0
374.0
500.0
500.0
500.0
429.0
500.0
500.0
500.0
500.0
500.0
500.0
500.0
164.0
500.0
500.0
390.0
500.0
291.0
500.0
500.0
300.0
500.0
472.0
500.0
500.0
462.0
500.0
500.0
500.0
500.0
480.0
500.0
391.0
500.0
500.0
157.0
500.0
500.0
500.0
500.0
500.0
500.0
500.0
500.0
500.0
500.0
500.0
500.0
500.0
500.0
500.0
500.0
500.0
500.0
500.0
500.0
500.0
500.0
500.0
500.0
500.0
500.0
500.0
500.0
500.0
500.0
500.0
500.0
500.0
500.0
500.0
266.0
344.0
322.0
12.0
500.0
500.0
500.0
500.0
500.0
374.0
500.0
500.0
500.0
392.0
500.0
500.0
500.0
293.0
494.0
500.0
500.0
500.0
500.0
500.0
500.0
76.0
397.0
175.0
500.0
500.0
500.0
500.0
500.0
500.0
500.0
500.0
119.0
468.0
500.0
500.0
500.0
500.0
500.0
500.0
110.0
500.0
119.0
500.0
500.0
500.0
500.0
500.0
500.0
500.0
500.0
500.0
500.0
500.0
500.0
500.0
500.0
500.0
500.0
500.0
500.0
71.0
500.0
500.0
500.0
500.0
500.0
246.0
500.0
500.0
500.0
500.0
500.0
500.0
500.0
500.0
500.0
500.0
500.0
500.0
500.0
500.0
500.0
500.0
370.0
239.0
500.0
500.0
500.0
500.0
500.0
500.0
500.0
465.0
500.0
500.0
500.0
500.0
500.0
500.0
500.0
500.0
500.0
500.0
500.0
283.0
500.0
500.0
500.0
500.0
500.0
500.0
500.0
500.0
500.0
63.0
122.0
500.0
500.0
500.0
500.0
500.0
500.0
254.0
500.0
500.0
192.0
500.0
500.0
500.0
500.0
500.0
441.0
500.0
500.0
400.0
500.0
500.0
500.0
500.0
500.0
500.0
500.0
500.0
500.0
500.0
500.0
500.0
500.0
500.0
500.0
500.0
500.0
500.0
500.0
105.0
500.0
500.0
500.0
500.0
500.0
500.0
500.0
500.0
500.0
500.0
500.0
387.0
500.0
500.0
500.0
500.0
500.0
500.0
500.0
500.0
500.0
500.0
500.0
500.0
490.0
390.0
500.0
500.0
500.0
500.0
500.0
500.0
500.0
500.0
500.0
500.0
500.0
500.0
186.0
500.0
500.0
500.0
500.0
500.0
500.0
500.0
462.0
500.0
500.0
500.0
368.0
500.0
500.0
500.0
186.0
500.0
500.0
500.0
500.0
500.0
500.0
500.0
500.0
500.0
500.0
500.0
500.0
500.0
500.0
396.0
500.0
471.0
500.0
500.0
500.0
500.0
500.0
500.0
500.0
500.0
500.0
500.0
500.0
500.0
500.0
500.0
500.0
500.0
500.0
500.0
500.0
500.0
500.0
316.0
500.0
389.0
500.0
500.0
500.0
500.0
500.0
500.0
500.0
500.0
500.0
500.0
500.0
500.0
500.0
500.0
466.0
500.0
500.0
500.0
500.0
500.0
500.0
500.0
500.0
500.0
500.0
500.0
500.0
500.0
500.0
500.0
500.0
500.0
500.0
272.0
310.0
500.0
71.0
500.0
500.0
227.0
500.0
500.0
377.0
500.0
500.0
500.0
500.0
500.0
500.0
500.0
349.0
405.0
500.0
500.0
500.0
457.0
500.0
500.0
500.0
500.0
251.0
500.0
500.0
263.0
500.0
500.0
500.0
500.0
208.0
500.0
450.0
500.0
388.0
500.0
500.0
500.0
364.0
500.0
500.0
500.0
500.0
500.0
500.0
500.0
231.0
500.0
346.0
500.0
500.0
500.0
500.0
500.0
500.0
500.0
500.0
500.0
500.0
500.0
222.0
500.0
464.0
500.0
500.0
500.0
500.0
500.0
500.0
500.0
500.0
500.0
500.0
500.0
500.0
500.0
357.0
500.0
500.0
500.0
500.0
500.0
500.0
500.0
500.0
285.0
500.0
500.0
187.0
489.0
500.0
264.0
400.0
500.0
500.0
500.0
500.0
495.0
500.0
500.0
500.0
500.0
500.0
500.0
500.0
478.0
500.0
500.0
500.0
500.0
500.0
500.0
500.0
500.0
500.0
500.0
500.0
500.0
500.0
329.0
500.0
500.0
500.0
500.0
500.0
434.0
443.0
500.0
500.0
484.0
265.0
500.0
500.0
500.0
402.0
96.0
500.0
500.0
500.0
500.0
500.0
230.0
500.0
151.0
500.0
500.0
500.0
231.0
500.0
84.0
500.0
407.0
299.0
477.0
500.0
121.0
125.0
195.0
453.0
445.0
300.0
500.0
383.0
500.0
220.0
500.0
281.0
498.0
500.0
500.0
182.0
500.0
173.0
426.0
500.0
500.0
500.0
500.0
500.0
500.0
500.0
398.0
500.0
347.0
500.0
247.0
500.0
153.0
500.0
500.0
500.0
500.0
500.0
500.0
500.0
318.0
500.0
500.0
500.0
500.0
500.0
428.0
500.0
500.0
500.0
194.0
420.0
500.0
500.0
384.0
500.0
500.0
500.0
500.0
500.0
500.0
500.0
332.0
500.0
500.0
500.0
500.0
310.0
500.0
500.0
412.0
293.0
120.0
193.0
500.0
231.0
500.0
500.0
500.0
500.0
243.0
500.0
308.0
500.0
500.0
500.0
500.0
500.0
452.0
500.0
343.0
500.0
500.0
500.0
288.0
500.0
500.0
500.0
258.0
276.0
284.0
500.0
272.0
500.0
262.0
348.0
409.0
438.0
302.0
292.0
244.0
376.0
173.0
341.0
423.0
415.0
500.0
321.0
500.0
500.0
29.0
500.0
500.0
500.0
373.0
381.0
500.0
323.0
455.0
500.0
207.0
350.0
500.0
500.0
388.0
449.0
326.0
377.0
500.0
500.0
500.0
380.0
500.0
162.0
500.0
457.0
475.0
259.0
500.0
332.0
500.0
323.0
323.0
207.0
412.0
478.0
355.0
463.0
347.0
256.0
500.0
438.0
500.0
500.0
408.0
386.0
500.0
343.0
365.0
186.0
500.0
500.0
500.0
360.0
500.0
500.0
500.0
500.0
500.0
295.0
500.0
496.0
500.0
500.0
500.0
284.0
397.0
500.0
500.0
500.0
500.0
500.0
305.0
497.0
500.0
500.0
500.0
217.0
165.0
500.0
326.0
500.0
500.0
500.0
500.0
500.0
500.0
489.0
445.0
335.0
200.0
500.0
500.0
460.0
500.0
298.0
500.0
500.0
484.0
271.0
487.0
500.0
500.0
482.0
500.0
500.0
500.0
500.0
489.0
316.0
500.0
500.0
499.0
500.0
500.0
500.0
500.0
500.0
500.0
454.0
500.0
500.0
500.0
500.0
480.0
158.0
500.0
500.0
500.0
151.0
500.0
500.0
500.0
500.0
447.0
500.0
500.0
500.0
500.0
500.0
500.0
485.0
418.0
500.0
500.0
500.0
500.0
500.0
160.0
472.0
500.0
500.0
500.0
500.0
500.0
427.0
500.0
500.0
500.0
379.0
500.0
245.0
500.0
500.0
500.0
500.0
500.0
500.0
500.0
500.0
500.0
500.0
500.0
500.0
500.0
497.0
500.0
500.0
500.0
500.0
500.0
500.0
500.0
500.0
500.0
247.0
500.0
500.0
500.0
500.0
500.0
500.0
500.0
500.0
500.0
500.0
500.0
500.0
500.0
500.0
500.0
470.0
451.0
500.0
500.0
500.0
500.0
500.0
500.0
500.0
500.0
500.0
100.0
500.0
500.0
500.0
500.0
308.0
500.0
500.0
500.0
500.0
500.0
500.0
500.0
500.0
454.0
63.0
500.0
500.0
500.0
500.0
500.0
500.0
500.0
500.0
500.0
500.0
500.0
500.0
500.0
500.0
500.0
197.0
500.0
500.0
500.0
500.0
474.0
500.0
500.0
500.0
500.0
500.0
500.0
500.0
500.0
500.0
500.0
500.0
500.0
500.0
500.0
500.0
500.0
500.0
500.0
500.0
89.0
500.0
500.0
500.0
500.0
500.0
500.0
500.0
500.0
500.0
500.0
500.0
500.0
500.0
500.0
324.0
500.0
429.0
500.0
500.0
500.0
500.0
500.0
500.0
500.0
500.0
500.0
500.0
500.0
500.0
500.0
500.0
500.0
500.0
500.0
500.0
500.0
499.0
500.0
500.0
500.0
500.0
500.0
500.0
500.0
500.0
500.0
500.0
500.0
500.0
500.0
500.0
500.0
500.0
500.0
500.0
500.0
500.0
500.0
500.0
500.0
500.0
500.0
500.0
500.0
500.0
500.0
500.0
500.0
500.0
500.0
500.0
500.0
500.0
500.0
500.0
500.0
500.0
500.0
500.0
500.0
500.0
500.0
500.0
500.0
500.0
500.0
500.0
500.0
500.0
500.0
500.0
500.0
500.0
500.0
500.0
500.0
500.0
500.0
500.0
500.0
500.0
500.0
500.0
500.0
500.0
500.0
500.0
500.0
500.0
500.0
500.0
500.0
500.0
500.0
500.0
500.0
500.0
500.0
500.0
500.0
500.0
500.0
500.0
500.0
500.0
500.0
500.0
500.0
500.0
500.0
500.0
500.0
500.0
500.0
500.0
500.0
500.0
500.0
500.0
500.0
500.0
500.0
500.0
500.0
500.0
500.0
500.0
500.0
500.0
500.0
500.0
500.0
500.0
500.0
500.0
500.0
500.0
500.0
500.0
500.0
500.0
500.0
500.0
500.0
500.0
500.0
500.0
500.0
500.0
500.0
500.0
500.0
500.0
500.0
500.0
500.0
500.0
500.0
500.0
500.0
500.0
500.0
228.0
500.0
500.0
500.0
500.0
500.0
500.0
500.0
500.0
500.0
500.0
500.0
500.0
500.0
500.0
500.0
500.0
500.0
500.0
500.0
500.0
500.0
500.0
500.0
500.0
500.0
500.0
500.0
113.0
500.0
500.0
500.0
500.0
500.0
500.0
500.0
500.0
500.0
500.0
500.0
500.0
500.0
500.0
500.0
500.0
500.0
500.0
500.0
500.0
500.0
500.0
500.0
500.0
500.0
500.0
500.0
500.0
500.0
500.0
500.0
500.0
500.0
500.0
500.0
500.0
500.0
500.0
500.0
500.0
500.0
500.0
500.0
500.0
500.0
500.0
500.0
500.0
500.0
500.0
500.0
500.0
500.0
500.0
500.0
500.0
500.0
500.0
500.0
500.0
500.0
500.0
500.0
500.0
500.0
500.0
500.0
500.0
500.0
500.0
500.0
500.0
500.0
500.0
500.0
500.0
500.0
107.0
500.0
500.0
500.0
500.0
500.0
500.0
500.0
500.0
500.0
500.0
500.0
500.0
500.0
500.0
500.0
500.0
500.0
500.0
500.0
500.0
500.0
500.0
500.0
500.0
500.0
500.0
500.0
500.0
500.0
500.0
500.0
500.0
500.0
500.0
500.0
500.0
500.0
500.0
500.0
500.0
500.0
500.0
500.0
500.0
500.0
500.0
500.0
500.0
500.0
500.0
500.0
500.0
500.0
500.0
500.0
500.0
500.0
500.0
500.0
500.0
500.0
500.0
500.0
500.0
500.0
500.0
500.0
500.0
500.0
500.0
500.0
500.0
500.0
500.0
500.0
500.0
500.0
500.0
500.0
500.0
500.0
500.0
500.0
500.0
500.0
500.0
500.0
500.0
500.0
384.0
500.0
500.0
500.0
500.0
338.0
500.0
500.0
500.0
500.0
500.0
500.0
500.0
500.0
469.0
500.0
33.0
500.0
80.0
457.0
480.0
500.0
500.0
160.0
500.0
500.0
244.0
500.0
500.0
500.0
500.0
500.0
185.0
500.0
500.0
205.0
500.0
500.0
206.0
500.0
261.0
481.0
500.0
500.0
422.0
500.0
254.0
500.0
500.0
34.0
500.0
500.0
344.0
183.0
500.0
124.0
500.0
500.0
500.0
198.0
370.0
500.0
411.0
500.0
500.0
500.0
115.0
500.0
329.0
500.0
500.0
500.0
500.0
500.0
500.0
209.0
500.0
500.0
500.0
500.0
192.0
500.0
500.0
175.0
500.0
500.0
233.0
500.0
500.0
500.0
500.0
458.0
500.0
500.0
181.0
500.0
500.0
230.0
500.0
500.0
500.0
283.0
238.0
500.0
500.0
500.0
500.0
500.0
500.0
500.0
500.0
376.0
500.0
308.0
500.0
63.0
500.0
369.0
182.0
500.0
500.0
500.0
500.0
30.0
382.0
500.0
500.0
500.0
500.0
500.0
500.0
500.0
500.0
500.0
500.0
500.0
500.0
500.0
500.0
437.0
500.0
500.0
500.0
500.0
500.0
500.0
500.0
500.0
500.0
500.0
500.0
500.0
500.0
500.0
500.0
500.0
137.0
500.0
500.0
500.0
500.0
500.0
500.0
500.0
500.0
500.0
500.0
500.0
500.0
500.0
500.0
500.0
500.0
500.0
500.0
500.0
500.0
500.0
500.0
500.0
211.0
500.0
380.0
500.0
500.0
500.0
500.0
500.0
500.0
500.0
500.0
500.0
313.0
500.0
500.0
500.0
500.0
500.0
500.0
500.0
329.0
500.0
174.0
500.0
500.0
500.0
500.0
500.0
500.0
173.0
500.0
500.0
292.0
500.0
346.0
500.0
500.0
500.0
296.0
500.0
500.0
500.0
500.0
500.0
455.0
500.0
500.0
500.0
500.0
500.0
500.0
500.0
500.0
500.0
500.0
500.0
500.0
500.0
500.0
349.0
283.0
500.0
500.0
500.0
500.0
500.0
500.0
423.0
500.0
500.0
500.0
500.0
500.0
500.0
500.0
500.0
500.0
500.0
500.0
500.0
500.0
500.0
500.0
401.0
500.0
500.0
500.0
500.0
500.0
500.0
500.0
500.0
500.0
349.0
500.0
500.0
500.0
500.0
500.0
500.0
500.0
500.0
500.0
500.0
500.0
500.0
500.0
500.0
500.0
500.0
500.0
500.0
500.0
500.0
500.0
500.0
500.0
500.0
500.0
182.0
500.0
500.0
500.0
500.0
500.0
500.0
500.0
455.0
500.0
500.0
500.0
500.0
500.0
500.0
500.0
500.0
500.0
459.0
488.0
500.0
473.0
500.0
500.0
500.0
500.0
500.0
500.0
500.0
500.0
500.0
500.0
500.0
500.0
500.0
498.0
500.0
500.0
500.0
500.0
500.0
500.0
500.0
500.0
500.0
500.0
500.0
500.0
450.0
500.0
500.0
500.0
500.0
500.0
500.0
500.0
500.0
500.0
500.0
500.0
500.0
392.0
500.0
500.0
500.0
500.0
500.0
500.0
500.0
500.0
500.0
500.0
500.0
500.0
500.0
500.0
500.0
500.0
500.0
500.0
500.0
500.0
500.0
500.0
500.0
500.0
500.0
500.0
500.0
500.0
500.0
500.0
500.0
500.0
500.0
500.0
500.0
500.0
500.0
500.0
500.0
500.0
128.0
500.0
500.0
500.0
440.0
500.0
500.0
500.0
500.0
500.0
500.0
134.0
500.0
500.0
218.0
500.0
264.0
500.0
500.0
500.0
500.0
500.0
500.0
500.0
500.0
500.0
500.0
500.0
500.0
500.0
500.0
500.0
500.0
500.0
500.0
500.0
500.0
500.0
366.0
500.0
500.0
500.0
500.0
500.0
500.0
500.0
500.0
450.0
500.0
500.0
500.0
500.0
500.0
500.0
500.0
500.0
500.0
357.0
388.0
500.0
500.0
500.0
500.0
301.0
221.0
500.0
240.0
500.0
500.0
500.0
423.0
158.0
136.0
500.0
213.0
469.0
311.0
500.0
500.0
500.0
500.0
500.0
500.0
500.0
500.0
500.0
500.0
500.0
500.0
500.0
500.0
440.0
500.0
500.0
500.0
500.0
455.0
500.0
500.0
500.0
500.0
500.0
500.0
500.0
500.0
500.0
500.0
500.0
500.0
500.0
500.0
500.0
351.0
500.0
500.0
500.0
500.0
500.0
500.0
500.0
500.0
500.0
500.0
500.0
500.0
500.0
500.0
500.0
500.0
500.0
500.0
500.0
500.0
500.0
500.0
500.0
500.0
500.0
500.0
500.0
500.0
500.0
500.0
500.0
500.0
500.0
500.0
500.0
434.0
500.0
500.0
500.0
500.0
500.0
436.0
334.0
390.0
500.0
401.0
500.0
500.0
500.0
500.0
500.0
500.0
500.0
500.0
500.0
500.0
500.0
500.0
500.0
500.0
500.0
500.0
309.0
500.0
500.0
500.0
500.0
500.0
500.0
500.0
500.0
500.0
500.0
500.0
500.0
500.0
500.0
500.0
500.0
500.0
477.0
500.0
500.0
500.0
500.0
500.0
500.0
500.0
280.0
500.0
500.0
500.0
500.0
500.0
500.0
500.0
500.0
500.0
500.0
500.0
500.0
500.0
500.0
500.0
500.0
500.0
500.0
500.0
500.0
500.0
500.0
500.0
500.0
483.0
500.0
500.0
500.0
500.0
500.0
500.0
500.0
500.0
500.0
500.0
500.0
500.0
500.0
500.0
500.0
500.0
500.0
500.0
500.0
500.0
500.0
500.0
500.0
500.0
500.0
500.0
500.0
500.0
500.0
500.0
500.0
500.0
500.0
487.0
500.0
500.0
500.0
500.0
500.0
287.0
500.0
500.0
500.0
500.0
500.0
500.0
500.0
500.0
500.0
500.0
252.0
500.0
500.0
343.0
500.0
500.0
500.0
500.0
500.0
500.0
500.0
500.0
500.0
500.0
500.0
500.0
462.0
500.0
500.0
500.0
500.0
500.0
500.0
500.0
500.0
500.0
500.0
500.0
500.0
500.0
500.0
500.0
500.0
500.0
500.0
500.0
500.0
500.0
500.0
500.0
500.0
500.0
500.0
500.0
500.0
500.0
500.0
500.0
500.0
500.0
500.0
500.0
500.0
500.0
500.0
500.0
255.0
500.0
500.0
500.0
500.0
500.0
500.0
500.0
500.0
500.0
500.0
458.0
500.0
500.0
500.0
500.0
500.0
500.0
500.0
500.0
500.0
500.0
500.0
500.0
500.0
500.0
500.0
500.0
500.0
500.0
500.0
500.0
500.0
500.0
500.0
500.0
500.0
500.0
500.0
500.0
500.0
500.0
500.0
500.0
500.0
500.0
500.0
500.0
500.0
269.0
500.0
500.0
337.0
500.0
500.0
500.0
500.0
500.0
500.0
500.0
500.0
500.0
500.0
500.0
500.0
500.0
500.0
500.0
500.0
270.0
500.0
500.0
500.0
486.0
500.0
500.0
108.0
99.0
500.0
500.0
398.0
108.0
479.0
500.0
500.0
500.0
500.0
500.0
65.0
500.0
500.0
500.0
500.0
500.0
500.0
500.0
407.0
391.0
485.0
500.0
500.0
500.0
238.0
500.0
500.0
500.0
500.0
500.0
500.0
356.0
500.0
233.0
500.0
500.0
500.0
500.0
237.0
500.0
500.0
500.0
500.0
500.0
500.0
500.0
500.0
415.0
500.0
500.0
500.0
500.0
500.0
500.0
500.0
500.0
500.0
500.0
500.0
500.0
500.0
500.0
500.0
500.0
500.0
500.0
500.0
500.0
500.0
500.0
500.0
500.0
500.0
500.0
500.0
500.0
500.0
500.0
500.0
500.0
500.0
433.0
500.0
500.0
500.0
500.0
500.0
500.0
500.0
500.0
500.0
500.0
500.0
500.0
500.0
500.0
500.0
500.0
500.0
500.0
500.0
500.0
500.0
500.0
500.0
500.0
500.0
500.0
500.0
500.0
500.0
500.0
500.0
54.0
500.0
500.0
500.0
500.0
500.0
500.0
500.0
500.0
500.0
407.0
500.0
500.0
500.0
500.0
500.0
500.0
500.0
500.0
500.0
500.0
500.0
500.0
500.0
500.0
405.0
463.0
500.0
500.0
500.0
500.0
500.0
500.0
500.0
500.0
500.0
500.0
500.0
500.0
500.0
500.0
500.0
500.0
500.0
500.0
500.0
500.0
500.0
500.0
500.0
500.0
500.0
500.0
500.0
500.0
500.0
500.0
500.0
500.0
500.0
500.0
500.0
500.0
500.0
500.0
500.0
500.0
500.0
500.0
500.0
389.0
500.0
500.0
500.0
470.0
500.0
422.0
500.0
500.0
482.0
500.0
500.0
500.0
500.0
500.0
393.0
500.0
500.0
500.0
500.0
500.0
500.0
500.0
500.0
500.0
500.0
500.0
500.0
500.0
344.0
500.0
500.0
492.0
500.0
500.0
500.0
500.0
500.0
500.0
500.0
500.0
500.0
500.0
500.0
395.0
500.0
500.0
500.0
500.0
500.0
500.0
500.0
500.0
500.0
500.0
500.0
500.0
500.0
500.0
500.0
500.0
500.0
500.0
500.0
500.0
500.0
500.0
500.0
176.0
500.0
500.0
500.0
488.0
500.0
500.0
500.0
500.0
500.0
500.0
500.0
500.0
500.0
500.0
500.0
500.0
500.0
500.0
500.0
500.0
500.0
500.0
500.0
500.0
500.0
500.0
500.0
500.0
500.0
500.0
500.0
500.0
500.0
277.0
500.0
500.0
500.0
500.0
500.0
500.0
500.0
500.0
500.0
500.0
500.0
500.0
500.0
500.0
358.0
500.0
441.0
500.0
104.0
376.0
500.0
500.0
500.0
500.0
500.0
500.0
500.0
500.0
500.0
500.0
500.0
500.0
500.0
500.0
500.0
500.0
326.0
500.0
500.0
500.0
500.0
500.0
500.0
500.0
500.0
500.0
500.0
500.0
500.0
500.0
500.0
500.0
500.0
500.0
500.0
500.0
500.0
500.0
500.0
500.0
500.0
500.0
478.0
500.0
500.0
500.0
500.0
500.0
500.0
500.0
500.0
500.0
500.0
500.0
500.0
500.0
500.0
500.0
500.0
500.0
458.0
500.0
156.0
500.0
500.0
500.0
500.0
500.0
500.0
500.0
500.0
500.0
500.0
500.0
500.0
500.0
500.0
500.0
500.0
500.0
318.0
340.0
500.0
435.0
500.0
500.0
500.0
500.0
500.0
500.0
500.0
500.0
500.0
500.0
500.0
500.0
500.0
500.0
424.0
500.0
500.0
500.0
500.0
500.0
500.0
500.0
500.0
500.0
500.0
500.0
500.0
500.0
500.0
500.0
500.0
500.0
500.0
500.0
500.0
500.0
500.0
500.0
500.0
500.0
433.0
500.0
177.0
500.0
500.0
500.0
500.0
500.0
500.0
500.0
500.0
500.0
500.0
500.0
500.0
500.0
500.0
500.0
500.0
500.0
500.0
500.0
500.0
500.0
500.0
500.0
276.0
168.0
500.0
500.0
500.0
500.0
500.0
500.0
142.0
500.0
500.0
500.0
500.0
500.0
500.0
500.0
185.0
500.0
500.0
500.0
166.0
500.0
500.0
500.0
500.0
500.0
500.0
302.0
500.0
500.0
500.0
500.0
500.0
411.0
500.0
343.0
500.0
500.0
500.0
500.0
500.0
500.0
500.0
500.0
500.0
500.0
65.0
500.0
500.0
312.0
500.0
500.0
500.0
500.0
500.0
500.0
500.0
500.0
191.0
500.0
346.0
500.0
165.0
500.0
482.0
500.0
500.0
500.0
500.0
500.0
500.0
500.0
500.0
500.0
500.0
500.0
500.0
500.0
500.0
500.0
500.0
500.0
500.0
500.0
500.0
500.0
500.0
500.0
500.0
500.0
500.0
500.0
500.0
500.0
500.0
500.0
500.0
500.0
500.0
500.0
500.0
500.0
500.0
500.0
472.0
500.0
500.0
500.0
500.0
500.0
500.0
374.0
500.0
500.0
500.0
216.0
500.0
500.0
500.0
500.0
500.0
500.0
500.0
500.0
500.0
500.0
230.0
500.0
500.0
500.0
237.0
500.0
500.0
500.0
500.0
500.0
500.0
500.0
310.0
500.0
500.0
500.0
500.0
318.0
402.0
500.0
500.0
500.0
82.0
500.0
241.0
500.0
500.0
452.0
500.0
500.0
500.0
500.0
500.0
500.0
387.0
421.0
500.0
16.0
500.0
500.0
500.0
500.0
500.0
500.0
500.0
500.0
500.0
500.0
500.0
500.0
179.0
500.0
500.0
500.0
500.0
500.0
500.0
500.0
500.0
500.0
500.0
500.0
500.0
397.0
500.0
165.0
500.0
317.0
500.0
500.0
500.0
500.0
430.0
400.0
500.0
500.0
500.0
295.0
500.0
500.0
294.0
500.0
500.0
484.0
500.0
500.0
500.0
103.0
500.0
500.0
500.0
500.0
435.0
436.0
500.0
500.0
500.0
500.0
500.0
500.0
500.0
500.0
500.0
500.0
500.0
500.0
500.0
459.0
425.0
500.0
500.0
500.0
500.0
500.0
500.0
500.0
500.0
500.0
500.0
500.0
325.0
500.0
500.0
500.0
500.0
500.0
500.0
123.0
500.0
500.0
361.0
151.0
406.0
500.0
500.0
500.0
155.0
500.0
349.0
500.0
500.0
500.0
500.0
500.0
500.0
500.0
272.0
500.0
500.0
500.0
130.0
500.0
284.0
500.0
500.0
500.0
207.0
500.0
195.0
500.0
500.0
500.0
489.0
500.0
500.0
500.0
500.0
282.0
500.0
500.0
343.0
500.0
66.0
346.0
500.0
500.0
500.0
500.0
500.0
158.0
341.0
400.0
500.0
417.0
500.0
500.0
282.0
359.0
500.0
500.0
500.0
500.0
500.0
500.0
500.0
500.0
500.0
500.0
500.0
500.0
500.0
374.0
500.0
500.0
500.0
500.0
500.0
500.0
130.0
500.0
417.0
500.0
500.0
500.0
500.0
500.0
500.0
500.0
500.0
500.0
421.0
500.0
500.0
500.0
500.0
500.0
500.0
500.0
500.0
500.0
500.0
500.0
500.0
500.0
254.0
386.0
500.0
500.0
500.0
500.0
500.0
366.0
180.0
500.0
500.0
500.0
500.0
500.0
500.0
500.0
500.0
500.0
500.0
500.0
500.0
500.0
500.0
500.0
500.0
500.0
236.0
500.0
500.0
500.0
500.0
500.0
500.0
500.0
500.0
500.0
500.0
500.0
500.0
500.0
500.0
376.0
500.0
500.0
500.0
166.0
500.0
244.0
500.0
500.0
500.0
500.0
500.0
500.0
500.0
500.0
133.0
500.0
500.0
500.0
500.0
500.0
500.0
500.0
500.0
500.0
500.0
500.0
500.0
500.0
500.0
500.0
500.0
500.0
500.0
500.0
500.0
500.0
500.0
500.0
500.0
167.0
500.0
500.0
500.0
500.0
291.0
500.0
500.0
500.0
500.0
500.0
500.0
500.0
500.0
500.0
500.0
500.0
500.0
500.0
500.0
500.0
500.0
100.0
500.0
500.0
500.0
500.0
500.0
500.0
500.0
500.0
500.0
500.0
500.0
500.0
500.0
500.0
500.0
500.0
500.0
500.0
500.0
500.0
500.0
500.0
500.0
500.0
500.0
500.0
500.0
500.0
500.0
500.0
500.0
500.0
500.0
500.0
500.0
500.0
500.0
500.0
500.0
500.0
500.0
500.0
500.0
500.0
500.0
500.0
500.0
500.0
436.0
500.0
500.0
500.0
500.0
500.0
500.0
500.0
95.0
500.0
500.0
500.0
500.0
500.0
500.0
500.0
500.0
500.0
500.0
500.0
500.0
500.0
500.0
500.0
500.0
500.0
500.0
500.0
500.0
500.0
500.0
500.0
500.0
500.0
500.0
500.0
500.0
500.0
500.0
500.0
500.0
500.0
294.0
500.0
500.0
500.0
500.0
500.0
500.0
220.0
500.0
500.0
500.0
222.0
500.0
265.0
500.0
257.0
500.0
500.0
112.0
500.0
500.0
500.0
500.0
500.0
500.0
500.0
500.0
500.0
500.0
500.0
500.0
500.0
86.0
500.0
500.0
500.0
500.0
500.0
500.0
389.0
500.0
174.0
500.0
328.0
500.0
500.0
500.0
500.0
500.0
500.0
500.0
500.0
500.0
500.0
500.0
500.0
500.0
500.0
500.0
500.0
329.0
500.0
500.0
500.0
500.0
500.0
500.0
500.0
500.0
500.0
500.0
500.0
500.0
500.0
500.0
500.0
500.0
500.0
500.0
500.0
500.0
500.0
500.0
500.0
500.0
274.0
500.0
500.0
500.0
500.0
500.0
500.0
500.0
500.0
500.0
500.0
489.0
500.0
500.0
500.0
500.0
500.0
500.0
500.0
68.0
500.0
500.0
500.0
500.0
500.0
500.0
500.0
500.0
500.0
500.0
500.0
500.0
500.0
500.0
500.0
500.0
500.0
500.0
500.0
500.0
212.0
500.0
500.0
500.0
500.0
500.0
500.0
500.0
500.0
500.0
352.0
500.0
500.0
500.0
500.0
500.0
500.0
253.0
500.0
431.0
500.0
196.0
412.0
500.0
109.0
78.0
500.0
500.0
335.0
189.0
500.0
72.0
256.0
469.0
500.0
149.0
500.0
500.0
352.0
500.0
261.0
500.0
259.0
367.0
500.0
152.0
358.0
253.0
42.0
106.0
500.0
500.0
500.0
372.0
85.0
500.0
138.0
322.0
107.0
127.0
500.0
500.0
276.0
293.0
101.0
302.0
450.0
259.0
282.0
500.0
69.0
500.0
288.0
500.0
401.0
444.0
411.0
380.0
500.0
500.0
440.0
304.0
500.0
440.0
500.0
374.0
420.0
406.0
406.0
500.0
500.0
418.0
425.0
444.0
500.0
500.0
500.0
276.0
463.0
484.0
205.0
330.0
281.0
418.0
500.0
500.0
203.0
184.0
500.0
429.0
448.0
429.0
405.0
203.0
201.0
500.0
438.0
433.0
357.0
105.0
190.0
421.0
496.0
500.0
500.0
20.0
500.0
476.0
500.0
396.0
71.0
405.0
267.0
350.0
63.0
500.0
415.0
500.0
472.0
62.0
280.0
225.0
297.0
214.0
197.0
227.0
162.0
435.0
392.0
463.0
500.0
500.0
454.0
500.0
391.0
141.0
142.0
280.0
118.0
60.0
500.0
47.0
500.0
366.0
500.0
500.0
440.0
500.0
51.0
500.0
157.0
500.0
500.0
392.0
138.0
500.0
500.0
500.0
160.0
500.0
250.0
394.0
500.0
500.0
500.0
500.0
500.0
193.0
25.0
500.0
500.0
500.0
480.0
432.0
491.0
487.0
500.0
500.0
500.0
165.0
260.0
500.0
331.0
474.0
446.0
500.0
500.0
500.0
500.0
37.0
500.0
500.0
500.0
500.0
500.0
445.0
456.0
280.0
164.0
500.0
500.0
316.0
108.0
418.0
48.0
500.0
234.0
500.0
500.0
347.0
500.0
123.0
37.0
500.0
417.0
403.0
500.0
500.0
500.0
500.0
393.0
500.0
500.0
154.0
21.0
500.0
500.0
500.0
202.0
339.0
500.0
476.0
366.0
500.0
345.0
500.0
500.0
449.0
500.0
298.0
500.0
500.0
500.0
500.0
41.0
500.0
500.0
500.0
500.0
500.0
500.0
500.0
500.0
500.0
500.0
500.0
500.0
489.0
500.0
500.0
500.0
500.0
500.0
500.0
500.0
500.0
500.0
500.0
500.0
500.0
500.0
500.0
500.0
500.0
500.0
500.0
500.0
500.0
500.0
500.0
500.0
500.0
500.0
500.0
372.0
500.0
500.0
500.0
500.0
500.0
500.0
500.0
500.0
490.0
500.0
500.0
500.0
500.0
500.0
500.0
500.0
500.0
500.0
500.0
112.0
500.0
500.0
500.0
500.0
500.0
500.0
458.0
500.0
500.0
500.0
500.0
500.0
500.0
409.0
500.0
500.0
500.0
500.0
500.0
461.0
500.0
500.0
500.0
500.0
500.0
500.0
478.0
500.0
500.0
500.0
500.0
500.0
500.0
500.0
496.0
500.0
500.0
500.0
500.0
500.0
406.0
500.0
500.0
500.0
500.0
500.0
500.0
500.0
500.0
500.0
500.0
500.0
500.0
500.0
500.0
500.0
500.0
395.0
500.0
500.0
500.0
500.0
500.0
500.0
500.0
500.0
500.0
500.0
500.0
500.0
500.0
500.0
500.0
500.0
500.0
500.0
500.0
488.0
500.0
500.0
500.0
500.0
500.0
500.0
500.0
500.0
355.0
500.0
500.0
500.0
500.0
500.0
500.0
500.0
500.0
500.0
500.0
500.0
500.0
500.0
500.0
500.0
500.0
500.0
500.0
500.0
500.0
500.0
500.0
500.0
500.0
500.0
500.0
500.0
500.0
500.0
500.0
346.0
500.0
500.0
500.0
500.0
500.0
500.0
500.0
500.0
500.0
93.0
500.0
500.0
500.0
500.0
500.0
500.0
500.0
500.0
500.0
500.0
500.0
283.0
500.0
500.0
500.0
500.0
500.0
500.0
500.0
500.0
500.0
500.0
500.0
500.0
62.0
500.0
500.0
500.0
500.0
500.0
500.0
500.0
500.0
500.0
500.0
500.0
500.0
500.0
500.0
500.0
500.0
500.0
500.0
500.0
500.0
220.0
500.0
500.0
500.0
500.0
500.0
500.0
500.0
500.0
500.0
500.0
500.0
500.0
500.0
500.0
500.0
462.0
500.0
500.0
500.0
500.0
500.0
500.0
500.0
500.0
500.0
500.0
500.0
500.0
500.0
500.0
500.0
500.0
500.0
500.0
500.0
500.0
500.0
500.0
500.0
500.0
500.0
500.0
500.0
500.0
500.0
500.0
500.0
500.0
500.0
500.0
500.0
500.0
500.0
500.0
500.0
500.0
500.0
500.0
500.0
500.0
500.0
500.0
500.0
500.0
500.0
500.0
500.0
500.0
500.0
500.0
500.0
500.0
500.0
500.0
500.0
500.0
287.0
500.0
500.0
500.0
500.0
500.0
500.0
500.0
500.0
500.0
500.0
500.0
500.0
500.0
161.0
500.0
500.0
500.0
500.0
500.0
500.0
500.0
500.0
500.0
500.0
500.0
500.0
500.0
500.0
500.0
403.0
500.0
500.0
500.0
500.0
500.0
500.0
500.0
500.0
500.0
500.0
500.0
128.0
500.0
500.0
500.0
500.0
500.0
500.0
500.0
500.0
500.0
427.0
500.0
500.0
500.0
500.0
500.0
500.0
500.0
500.0
500.0
500.0
366.0
500.0
500.0
500.0
500.0
500.0
496.0
500.0
500.0
500.0
500.0
500.0
500.0
500.0
500.0
500.0
500.0
500.0
500.0
500.0
500.0
500.0