9.0
10.0
9.0
11.0
9.0
10.0
9.0
9.0
10.0
10.0
9.0
11.0
9.0
9.0
12.0
10.0
11.0
13.0
12.0
9.0
11.0
10.0
10.0
12.0
12.0
14.0
10.0
10.0
17.0
10.0
9.0
14.0
14.0
16.0
17.0
12.0
16.0
21.0
16.0
11.0
20.0
14.0
13.0
21.0
10.0
19.0
21.0
13.0
15.0
11.0
18.0
15.0
23.0
12.0
30.0
30.0
16.0
16.0
14.0
31.0
34.0
12.0
30.0
14.0
22.0
9.0
15.0
22.0
47.0
45.0
20.0
32.0
50.0
39.0
27.0
41.0
33.0
70.0
14.0
26.0
45.0
35.0
60.0
52.0
54.0
37.0
15.0
59.0
22.0
31.0
29.0
32.0
52.0
52.0
21.0
16.0
12.0
25.0
27.0
65.0
25.0
57.0
17.0
30.0
26.0
115.0
51.0
24.0
32.0
23.0
79.0
80.0
82.0
55.0
158.0
24.0
59.0
43.0
73.0
66.0
35.0
26.0
314.0
34.0
500.0
35.0
28.0
407.0
405.0
76.0
500.0
108.0
226.0
483.0
137.0
15.0
35.0
181.0
99.0
145.0
80.0
72.0
35.0
333.0
40.0
500.0
344.0
45.0
232.0
500.0
500.0
500.0
500.0
55.0
500.0
500.0
90.0
500.0
500.0
500.0
377.0
107.0
318.0
500.0
20.0
127.0
97.0
125.0
55.0
218.0
500.0
85.0
500.0
500.0
500.0
500.0
418.0
465.0
104.0
142.0
500.0
500.0
446.0
500.0
500.0
500.0
500.0
446.0
500.0
500.0
81.0
315.0
59.0
185.0
196.0
500.0
500.0
462.0
142.0
334.0
62.0
500.0
403.0
357.0
145.0
411.0
461.0
500.0
500.0
500.0
500.0
49.0
500.0
500.0
250.0
168.0
171.0
500.0
453.0
500.0
500.0
88.0
500.0
500.0
500.0
198.0
463.0
423.0
461.0
500.0
89.0
93.0
500.0
59.0
500.0
336.0
500.0
500.0
132.0
272.0
54.0
500.0
272.0
500.0
500.0
289.0
500.0
273.0
500.0
431.0
41.0
102.0
115.0
500.0
210.0
500.0
135.0
357.0
500.0
193.0
500.0
500.0
469.0
355.0
223.0
67.0
312.0
500.0
177.0
170.0
500.0
159.0
500.0
500.0
500.0
135.0
500.0
500.0
500.0
500.0
118.0
500.0
199.0
297.0
475.0
500.0
375.0
500.0
500.0
89.0
500.0
500.0
500.0
500.0
140.0
394.0
500.0
315.0
500.0
500.0
500.0
500.0
500.0
261.0
500.0
500.0
221.0
500.0
500.0
362.0
100.0
439.0
419.0
395.0
59.0
272.0
500.0
500.0
500.0
348.0
389.0
150.0
109.0
448.0
455.0
500.0
500.0
500.0
455.0
133.0
500.0
422.0
385.0
317.0
282.0
181.0
203.0
148.0
175.0
284.0
121.0
312.0
75.0
168.0
74.0
64.0
125.0
106.0
302.0
249.0
133.0
82.0
79.0
81.0
140.0
100.0
157.0
134.0
149.0
100.0
500.0
130.0
184.0
360.0
320.0
318.0
239.0
116.0
176.0
310.0
500.0
386.0
410.0
306.0
307.0
93.0
146.0
464.0
435.0
225.0
304.0
424.0
144.0
336.0
334.0
293.0
254.0
351.0
239.0
320.0
382.0
95.0
351.0
134.0
462.0
281.0
246.0
143.0
106.0
265.0
288.0
286.0
342.0
360.0
263.0
251.0
281.0
268.0
385.0
351.0
298.0
466.0
384.0
375.0
480.0
205.0
369.0
354.0
365.0
124.0
288.0
357.0
342.0
281.0
271.0
397.0
145.0
91.0
414.0
292.0
365.0
339.0
396.0
301.0
155.0
252.0
287.0
289.0
292.0
426.0
297.0
337.0
309.0
479.0
409.0
319.0
301.0
419.0
231.0
103.0
381.0
385.0
351.0
500.0
500.0
344.0
255.0
199.0
166.0
272.0
390.0
351.0
251.0
188.0
357.0
256.0
281.0
299.0
213.0
476.0
188.0
276.0
391.0
362.0
205.0
295.0
249.0
272.0
500.0
309.0
338.0
389.0
477.0
293.0
298.0
318.0
361.0
287.0
283.0
367.0
301.0
373.0
365.0
75.0
264.0
266.0
411.0
317.0
273.0
314.0
257.0
298.0
356.0
422.0
149.0
227.0
201.0
126.0
266.0
309.0
89.0
266.0
345.0
288.0
271.0
315.0
208.0
288.0
490.0
225.0
251.0
112.0
313.0
233.0
281.0
317.0
324.0
178.0
440.0
242.0
134.0
219.0
246.0
177.0
163.0
179.0
247.0
126.0
95.0
160.0
62.0
250.0
213.0
298.0
299.0
200.0
200.0
109.0
216.0
214.0
154.0
156.0
164.0
257.0
189.0
170.0
210.0
256.0
215.0
99.0
133.0
280.0
257.0
153.0
187.0
304.0
227.0
235.0
311.0
211.0
363.0
140.0
291.0
125.0
190.0
300.0
75.0
156.0
323.0
126.0
178.0
217.0
180.0
252.0
249.0
191.0
225.0
307.0
109.0
237.0
137.0
223.0
97.0
171.0
149.0
241.0
136.0
157.0
254.0
159.0
140.0
174.0
201.0
263.0
127.0
232.0
149.0
149.0
154.0
95.0
138.0
126.0
161.0
172.0
290.0
176.0
189.0
155.0
176.0
186.0
118.0
81.0
159.0
85.0
226.0
144.0
110.0
94.0
281.0
184.0
165.0
204.0
241.0
199.0
289.0
163.0
279.0
141.0
238.0
273.0
214.0
175.0
231.0
245.0
209.0
304.0
132.0
142.0
119.0
146.0
202.0
102.0
176.0
262.0
164.0
155.0
194.0
379.0
187.0
237.0
147.0
144.0
278.0
325.0
162.0
136.0
152.0
131.0
265.0
222.0
257.0
214.0
201.0
141.0
406.0
162.0
178.0
157.0
204.0
204.0
176.0
285.0
183.0
171.0
260.0
162.0
137.0
215.0
234.0
142.0
173.0
163.0
149.0
210.0
141.0
154.0
192.0
130.0
102.0
316.0
244.0
169.0
245.0
272.0
148.0
187.0
329.0
139.0
105.0
261.0
300.0
190.0
216.0
139.0
316.0
232.0
136.0
156.0
189.0
199.0
162.0
185.0
213.0
199.0
137.0
95.0
214.0
102.0
151.0
141.0
177.0
245.0
205.0
134.0
241.0
334.0
199.0
270.0
98.0
200.0
152.0
204.0
240.0
325.0
167.0
221.0
210.0
152.0
217.0
159.0
185.0
150.0
118.0
142.0
230.0
169.0
184.0
330.0
180.0
224.0
170.0
161.0
168.0
128.0
117.0
105.0
139.0
162.0
107.0
183.0
269.0
121.0
177.0
147.0
197.0
290.0
249.0
196.0
144.0
152.0
118.0
147.0
187.0
192.0
217.0
199.0
354.0
123.0
171.0
232.0
123.0
223.0
202.0
149.0
152.0
323.0
159.0
159.0
332.0
346.0
127.0
132.0
218.0
180.0
255.0
476.0
144.0
119.0
260.0
168.0
196.0
237.0
253.0
185.0
148.0
172.0
114.0
257.0
208.0
137.0
130.0
170.0
144.0
174.0
310.0
195.0
215.0
177.0
297.0
206.0
150.0
311.0
191.0
106.0
144.0
142.0
112.0
273.0
95.0
130.0
340.0
250.0
140.0
221.0
138.0
160.0
206.0
215.0
176.0
160.0
238.0
125.0
136.0
159.0
167.0
203.0
144.0
81.0
178.0
189.0
174.0
425.0
247.0
169.0
245.0
185.0
208.0
119.0
196.0
175.0
205.0
115.0
107.0
262.0
165.0
285.0
142.0
136.0
125.0
133.0
107.0
79.0
198.0
163.0
144.0
140.0
153.0
191.0
99.0
111.0
158.0
163.0
97.0
198.0
184.0
164.0
190.0
208.0
51.0
184.0
90.0
265.0
72.0
125.0
147.0
96.0
79.0
31.0
313.0
166.0
131.0
179.0
266.0
127.0
205.0
221.0
212.0
91.0
175.0
193.0
191.0
221.0
91.0
134.0
116.0
135.0
104.0
94.0
202.0
154.0
181.0
84.0
120.0
90.0
74.0
59.0
69.0
116.0
60.0
114.0
150.0
257.0
51.0
76.0
60.0
46.0
57.0
54.0
267.0
138.0
72.0
76.0
113.0
65.0
116.0
56.0
70.0
52.0
62.0
63.0
46.0
67.0
49.0
52.0
127.0
132.0
59.0
93.0
36.0
52.0
25.0
81.0
65.0
17.0
21.0
82.0
34.0
45.0
28.0
76.0
40.0
23.0
47.0
33.0
31.0
27.0
25.0
50.0
119.0
18.0
23.0
34.0
16.0
22.0
11.0
18.0
25.0
28.0
17.0
12.0
16.0
14.0
18.0
13.0
17.0
11.0
14.0
29.0
21.0
49.0
14.0
35.0
141.0
67.0
34.0
15.0
39.0
21.0
110.0
19.0
123.0
133.0
212.0
57.0
38.0
71.0
38.0
236.0
59.0
26.0
63.0
111.0
16.0
71.0
164.0
50.0
151.0
89.0
31.0
187.0
137.0
32.0
67.0
51.0
108.0
11.0
203.0
61.0
101.0
93.0
83.0
47.0
118.0
32.0
77.0
105.0
14.0
500.0
16.0
22.0
11.0
330.0
21.0
28.0
35.0
67.0
116.0
347.0
150.0
14.0
487.0
500.0
172.0
429.0
500.0
460.0
97.0
500.0
455.0
500.0
366.0
266.0
143.0
233.0
233.0
107.0
420.0
107.0
93.0
500.0
293.0
73.0
167.0
500.0
57.0
179.0
217.0
113.0
211.0
206.0
69.0
112.0
49.0
142.0
30.0
102.0
37.0
500.0
323.0
401.0
337.0
304.0
18.0
260.0
249.0
500.0
500.0
500.0
361.0
20.0
164.0
500.0
111.0
186.0
47.0
500.0
266.0
358.0
56.0
131.0
500.0
500.0
45.0
500.0
196.0
424.0
60.0
500.0
126.0
60.0
380.0
95.0
165.0
137.0
45.0
500.0
500.0
497.0
184.0
500.0
500.0
500.0
92.0
272.0
500.0
256.0
211.0
500.0
127.0
500.0
235.0
164.0
444.0
500.0
67.0
500.0
500.0
500.0
495.0
16.0
500.0
500.0
500.0
220.0
500.0
216.0
137.0
500.0
152.0
374.0
500.0
500.0
155.0
500.0
236.0
500.0
500.0
500.0
460.0
500.0
500.0
500.0
378.0
467.0
118.0
291.0
500.0
215.0
500.0
500.0
500.0
29.0
500.0
500.0
500.0
500.0
108.0
483.0
185.0
239.0
45.0
299.0
97.0
500.0
500.0
500.0
121.0
500.0
61.0
359.0
129.0
500.0
106.0
398.0
500.0
500.0
366.0
500.0
486.0
500.0
500.0
500.0
369.0
193.0
500.0
468.0
137.0
500.0
174.0
29.0
500.0
500.0
500.0
437.0
205.0
478.0
497.0
446.0
500.0
500.0
500.0
500.0
500.0
157.0
10.0
68.0
500.0
500.0
486.0
500.0
137.0
500.0
500.0
500.0
500.0
500.0
500.0
500.0
500.0
301.0
500.0
500.0
488.0
500.0
500.0
500.0
500.0
500.0
500.0
500.0
226.0
500.0
21.0
500.0
500.0
500.0
500.0
433.0
500.0
230.0
500.0
500.0
500.0
500.0
500.0
500.0
500.0
500.0
127.0
210.0
184.0
77.0
500.0
500.0
500.0
500.0
500.0
500.0
491.0
500.0
500.0
500.0
500.0
500.0
380.0
142.0
500.0
444.0
500.0
500.0
500.0
500.0
500.0
500.0
81.0
281.0
500.0
500.0
500.0
500.0
500.0
500.0
500.0
500.0
111.0
500.0
500.0
175.0
500.0
500.0
500.0
500.0
500.0
500.0
500.0
500.0
83.0
500.0
500.0
479.0
500.0
9.0
500.0
500.0
395.0
500.0
500.0
500.0
500.0
500.0
500.0
500.0
500.0
500.0
500.0
500.0
500.0
500.0
500.0
500.0
500.0
500.0
226.0
500.0
340.0
500.0
479.0
500.0
500.0
500.0
500.0
500.0
500.0
500.0
500.0
500.0
500.0
500.0
500.0
500.0
500.0
500.0
500.0
500.0
500.0
500.0
500.0
500.0
500.0
500.0
500.0
488.0
500.0
500.0
235.0
500.0
500.0
500.0
500.0
500.0
500.0
339.0
500.0
500.0
500.0
500.0
500.0
500.0
500.0
500.0
460.0
101.0
258.0
219.0
145.0
205.0
118.0
500.0
500.0
488.0
361.0
500.0
500.0
500.0
500.0
500.0
500.0
500.0
500.0
500.0
203.0
500.0
440.0
176.0
500.0
500.0
500.0
283.0
304.0
500.0
500.0
500.0
94.0
123.0
500.0
500.0
500.0
500.0
500.0
168.0
500.0
365.0
216.0
500.0
220.0
500.0
150.0
500.0
159.0
467.0
328.0
500.0
182.0
194.0
500.0
266.0
215.0
500.0
172.0
500.0
390.0
500.0
500.0
500.0
158.0
461.0
266.0
385.0
500.0
287.0
308.0
150.0
134.0
55.0
144.0
266.0
361.0
147.0
500.0
500.0
271.0
199.0
500.0
500.0
500.0
219.0
213.0
420.0
217.0
146.0
464.0
500.0
130.0
31.0
500.0
199.0
464.0
500.0
245.0
500.0
500.0
75.0
54.0
500.0
500.0
108.0
248.0
500.0
250.0
352.0
293.0
500.0
183.0
294.0
500.0
500.0
71.0
500.0
43.0
500.0
359.0
54.0
373.0
500.0
444.0
500.0
339.0
500.0
366.0
500.0
397.0
500.0
500.0
500.0
500.0
500.0
500.0
500.0
171.0
500.0
486.0
500.0
500.0
148.0
126.0
326.0
137.0
39.0
500.0
114.0
500.0
366.0
500.0
484.0
500.0
199.0
438.0
500.0
500.0
500.0
220.0
500.0
500.0
416.0
500.0
500.0
500.0
71.0
284.0
478.0
78.0
142.0
500.0
500.0
500.0
248.0
446.0
99.0
493.0
63.0
240.0
68.0
500.0
500.0
500.0
110.0
500.0
500.0
500.0
156.0
500.0
500.0
175.0
478.0
500.0
440.0
141.0
494.0
500.0
500.0
500.0
500.0
488.0
288.0
346.0
185.0
483.0
32.0
500.0
500.0
500.0
500.0
113.0
500.0
354.0
135.0
194.0
149.0
154.0
500.0
500.0
101.0
90.0
500.0
324.0
500.0
456.0
195.0
483.0
103.0
500.0
500.0
171.0
500.0
377.0
412.0
500.0
500.0
500.0
323.0
170.0
164.0
500.0
500.0
280.0
500.0
500.0
471.0
224.0
500.0
500.0
500.0
500.0
129.0
500.0
500.0
500.0
235.0
500.0
500.0
109.0
500.0
198.0
102.0
500.0
443.0
500.0
500.0
495.0
500.0
500.0
500.0
439.0
124.0
153.0
178.0
500.0
500.0
500.0
500.0
500.0
500.0
500.0
500.0
278.0
123.0
500.0
309.0
259.0
335.0
500.0
500.0
500.0
500.0
500.0
500.0
500.0
500.0
380.0
500.0
500.0
500.0
500.0
500.0
500.0
500.0
500.0
500.0
500.0
500.0
500.0
500.0
500.0
500.0
500.0
500.0
500.0
500.0
500.0
500.0
136.0
447.0
500.0
500.0
500.0
500.0
500.0
500.0
500.0
500.0
500.0
500.0
500.0
500.0
500.0
500.0
416.0
500.0
333.0
500.0
500.0
500.0
500.0
500.0
500.0
500.0
500.0
297.0
500.0
142.0
500.0
188.0
500.0
500.0
500.0
500.0
500.0
500.0
68.0
500.0
500.0
500.0
500.0
500.0
500.0
500.0
500.0
500.0
500.0
500.0
500.0
414.0
500.0
184.0
500.0
500.0
500.0
500.0
500.0
500.0
500.0
500.0
500.0
500.0
500.0
500.0
151.0
500.0
500.0
500.0
500.0
500.0
500.0
500.0
500.0
439.0
500.0
500.0
500.0
500.0
500.0
500.0
500.0
269.0
382.0
497.0
134.0
500.0
500.0
500.0
500.0
500.0
500.0
500.0
500.0
500.0
500.0
500.0
500.0
500.0
500.0
118.0
500.0
152.0
500.0
500.0
500.0
500.0
500.0
500.0
500.0
352.0
500.0
500.0
500.0
500.0
500.0
500.0
500.0
500.0
500.0
500.0
500.0
500.0
500.0
500.0
500.0
500.0
500.0
500.0
500.0
500.0
500.0
500.0
500.0
500.0
500.0
62.0
500.0
500.0
500.0
500.0
500.0
500.0
500.0
500.0
500.0
500.0
282.0
204.0
498.0
500.0
500.0
500.0
500.0
500.0
500.0
500.0
500.0
500.0
500.0
500.0
500.0
500.0
500.0
500.0
470.0
500.0
500.0
500.0
500.0
232.0
500.0
500.0
355.0
118.0
500.0
500.0
500.0
11.0
424.0
500.0
500.0
224.0
500.0
329.0
500.0
500.0
500.0
500.0
500.0
500.0
500.0
500.0
500.0
500.0
500.0
500.0
500.0
273.0
500.0
500.0
500.0
500.0
500.0
500.0
500.0
500.0
500.0
500.0
500.0
500.0
500.0
500.0
500.0
500.0
500.0
500.0
500.0
500.0
500.0
434.0
246.0
500.0
500.0
500.0
500.0
500.0
500.0
500.0
92.0
500.0
500.0
376.0
161.0
119.0
500.0
500.0
247.0
500.0
273.0
500.0
500.0
500.0
500.0
500.0
264.0
500.0
500.0
76.0
500.0
500.0
500.0
500.0
500.0
500.0
500.0
500.0
500.0
500.0
344.0
500.0
500.0
500.0
500.0
500.0
500.0
500.0
500.0
500.0
500.0
500.0
500.0
358.0
500.0
500.0
500.0
500.0
500.0
500.0
264.0
500.0
500.0
462.0
500.0
500.0
300.0
500.0
500.0
500.0
110.0
500.0
500.0
500.0
500.0
500.0
500.0
500.0
500.0
500.0
500.0
234.0
500.0
500.0
500.0
500.0
500.0
500.0
500.0
500.0
500.0
500.0
500.0
222.0
500.0
500.0
500.0
500.0
500.0
500.0
500.0
500.0
500.0
500.0
500.0
226.0
500.0
500.0
500.0
500.0
500.0
233.0
246.0
500.0
500.0
500.0
500.0
289.0
228.0
500.0
500.0
500.0
452.0
427.0
484.0
500.0
500.0
500.0
500.0
500.0
500.0
500.0
500.0
500.0
500.0
500.0
500.0
500.0
500.0
500.0
500.0
500.0
500.0
500.0
500.0
500.0
500.0
500.0
500.0
500.0
500.0
500.0
500.0
500.0
500.0
500.0
500.0
500.0
500.0
500.0
271.0
500.0
500.0
500.0
422.0
500.0
357.0
500.0
500.0
500.0
500.0
500.0
500.0
463.0
500.0
500.0
500.0
500.0
500.0
500.0
500.0
500.0
500.0
500.0
500.0
500.0
180.0
500.0
500.0
146.0
151.0
500.0
500.0
500.0
500.0
500.0
500.0
500.0
500.0
500.0
500.0
500.0
500.0
500.0
500.0
500.0
500.0
500.0
500.0
500.0
500.0
500.0
500.0
500.0
500.0
500.0
500.0
500.0
500.0
500.0
500.0
500.0
500.0
500.0
500.0
500.0
500.0
500.0
500.0
500.0
500.0
500.0
500.0
500.0
500.0
500.0
500.0
500.0
500.0
500.0
500.0
500.0
500.0
500.0
500.0
500.0
500.0
367.0
500.0
500.0
500.0
492.0
500.0
500.0
500.0
500.0
500.0
500.0
500.0
500.0
500.0
500.0
500.0
500.0
500.0
500.0
500.0
217.0
500.0
500.0
500.0
500.0
500.0
500.0
500.0
500.0
500.0
500.0
500.0
500.0
500.0
500.0
500.0
500.0
500.0
500.0
500.0
500.0
500.0
500.0
500.0
500.0
500.0
500.0
500.0
500.0
486.0
500.0
500.0
500.0
500.0
257.0
500.0
500.0
500.0
467.0
500.0
235.0
500.0
500.0
500.0
500.0
500.0
500.0
500.0
500.0
500.0
500.0
500.0
500.0
500.0
500.0
362.0
500.0
500.0
500.0
500.0
500.0
500.0
500.0
500.0
500.0
500.0
500.0
500.0
342.0
500.0
500.0
500.0
319.0
388.0
410.0
500.0
500.0
500.0
500.0
500.0
500.0
500.0
500.0
500.0
500.0
500.0
500.0
500.0
500.0
500.0
500.0
500.0
500.0
434.0
176.0
500.0
500.0
500.0
500.0
500.0
500.0
500.0
500.0
500.0
500.0
500.0
500.0
500.0
500.0
500.0
500.0
500.0
500.0
295.0
500.0
500.0
500.0
500.0
443.0
500.0
500.0
500.0
500.0
500.0
500.0
500.0
500.0
133.0
500.0
500.0
500.0
500.0
500.0
500.0
500.0
294.0
500.0
500.0
500.0
500.0
500.0
500.0
500.0
500.0
500.0
500.0
500.0
500.0
500.0
500.0
500.0
500.0
500.0
500.0
500.0
500.0
500.0
500.0
500.0
500.0
500.0
500.0
500.0
500.0
500.0
500.0
500.0
500.0
500.0
500.0
500.0
500.0
500.0
500.0
412.0
500.0
500.0
411.0
427.0
500.0
500.0
500.0
500.0
500.0
500.0
500.0
500.0
500.0
500.0
500.0
500.0
361.0
500.0
500.0
211.0
500.0
500.0
500.0
500.0
500.0
500.0
500.0
500.0
500.0
500.0
500.0
500.0
500.0
500.0
346.0
500.0
500.0
500.0
500.0
500.0
500.0
97.0
500.0
500.0
500.0
500.0
500.0
500.0
500.0
500.0
500.0
500.0
500.0
500.0
500.0
500.0
500.0
500.0
500.0
500.0
500.0
458.0
500.0
500.0
500.0
500.0
500.0
500.0
500.0
500.0
351.0
500.0
500.0
500.0
500.0
500.0
500.0
500.0
500.0
500.0
500.0
500.0
253.0
292.0
500.0
362.0
500.0
500.0
500.0
216.0
500.0
500.0
500.0
500.0
500.0
500.0
500.0
500.0
500.0
500.0
500.0
500.0
500.0
500.0
500.0
500.0
500.0
500.0
500.0
500.0
500.0
500.0
283.0
500.0
500.0
500.0
500.0
500.0
500.0
500.0
500.0
500.0
500.0
500.0
201.0
500.0
500.0
500.0
500.0
500.0
500.0
500.0
500.0
500.0
500.0
282.0
500.0
500.0
500.0
500.0
500.0
500.0
500.0
450.0
500.0
500.0
500.0
500.0
500.0
500.0
500.0
500.0
175.0
500.0
500.0
186.0
500.0
500.0
500.0
500.0
500.0
500.0
500.0
500.0
500.0
500.0
500.0
500.0
500.0
500.0
500.0
500.0
500.0
500.0
500.0
500.0
500.0
500.0
500.0
500.0
500.0
500.0
500.0
500.0
500.0
500.0
500.0
354.0
500.0
500.0
500.0
500.0
500.0
500.0
500.0
500.0
500.0
500.0
500.0
500.0
500.0
500.0
500.0
500.0
500.0
500.0
500.0
500.0
500.0
500.0
341.0
500.0
500.0
500.0
500.0
148.0
500.0
500.0
500.0
500.0
500.0
500.0
168.0
500.0
500.0
437.0
500.0
500.0
500.0
500.0
500.0
500.0
500.0
316.0
88.0
500.0
500.0
500.0
500.0
500.0
500.0
500.0
500.0
500.0
500.0
500.0
500.0
500.0
500.0
431.0
486.0
500.0
500.0
500.0
500.0
500.0
246.0
500.0
500.0
500.0
500.0
500.0
500.0
500.0
500.0
500.0
500.0
500.0
500.0
500.0
500.0
500.0
500.0
500.0
500.0
500.0
286.0
500.0
500.0
500.0
500.0
500.0
500.0
500.0
500.0
500.0
500.0
500.0
500.0
500.0
500.0
500.0
500.0
500.0
500.0
190.0
500.0
500.0
500.0
487.0
430.0
500.0
500.0
500.0
500.0
500.0
500.0
500.0
500.0
500.0
500.0
500.0
500.0
500.0
500.0
292.0
500.0
500.0
500.0
176.0
500.0
500.0
500.0
500.0
500.0
500.0
500.0
500.0
500.0
500.0
500.0
500.0
500.0
500.0
500.0
500.0
500.0
500.0
500.0
500.0
500.0
500.0
138.0
500.0
500.0
500.0
500.0
500.0
500.0
500.0
500.0
500.0
500.0
500.0
500.0
500.0
500.0
449.0
500.0
161.0
500.0
500.0
500.0
500.0
500.0
500.0
500.0
500.0
500.0
500.0
500.0
500.0
500.0
500.0
500.0
312.0
500.0
424.0
500.0
500.0
500.0
500.0
500.0
326.0
500.0
500.0
500.0
500.0
500.0
500.0
500.0
500.0
500.0
500.0
500.0
175.0
408.0
500.0
500.0
500.0
268.0
500.0
500.0
500.0
500.0
500.0
500.0
500.0
500.0
500.0
500.0
500.0
500.0
500.0
500.0
500.0
223.0
500.0
500.0
500.0
500.0
500.0
500.0
500.0
263.0
500.0
500.0
500.0
500.0
500.0
500.0
500.0
51.0
500.0
500.0
500.0
26.0
500.0
500.0
500.0
500.0
500.0
500.0
500.0
500.0
500.0
500.0
500.0
500.0
500.0
500.0
500.0
500.0
500.0
500.0
344.0
500.0
500.0
500.0
500.0
500.0
500.0
500.0
500.0
500.0
500.0
500.0
500.0
500.0
500.0
500.0
500.0
500.0
500.0
500.0
500.0
500.0
500.0
500.0
500.0
500.0
413.0
500.0
500.0
500.0
500.0
500.0
500.0
500.0
500.0
500.0
500.0
500.0
500.0
500.0
500.0
500.0
500.0
500.0
500.0
500.0
500.0
500.0
500.0
500.0
500.0
500.0
500.0
500.0
500.0
199.0
126.0
500.0
500.0
179.0
359.0
131.0
500.0
500.0
485.0
495.0
155.0
304.0
193.0
500.0
500.0
500.0
77.0
500.0
500.0
500.0
500.0
500.0
500.0
500.0
500.0
500.0
500.0
500.0
500.0
500.0
500.0
9.0
500.0
500.0
500.0
500.0
500.0
500.0
500.0
445.0
500.0
500.0
500.0
500.0
500.0
500.0
500.0
500.0
500.0
500.0
500.0
500.0
438.0
500.0
500.0
500.0
500.0
500.0
500.0
500.0
500.0
500.0
500.0
500.0
500.0
500.0
500.0
500.0
500.0
500.0
500.0
500.0
500.0
500.0
500.0
189.0
500.0
500.0
500.0
500.0
500.0
500.0
500.0
500.0
381.0
500.0
500.0
500.0
500.0
500.0
500.0
500.0
500.0
500.0
500.0
500.0
500.0
500.0
500.0
500.0
500.0
500.0
500.0
500.0
500.0
500.0
500.0
500.0
500.0
500.0
500.0
500.0
120.0
500.0
500.0
500.0
500.0
346.0
500.0
500.0
500.0
500.0
500.0
500.0
500.0
500.0
500.0
500.0
500.0
500.0
500.0
500.0
500.0
500.0
500.0
500.0
500.0
500.0
500.0
500.0
500.0
500.0
500.0
500.0
500.0
500.0
500.0
500.0
500.0
204.0
274.0
15.0
500.0
500.0
500.0
500.0
500.0
500.0
500.0
500.0
500.0
500.0
500.0
500.0
500.0
500.0
500.0
500.0
500.0
500.0
500.0
500.0
500.0
500.0
500.0
500.0
500.0
500.0
500.0
500.0
500.0
500.0
500.0
500.0
500.0
500.0
500.0
500.0
500.0
500.0
500.0
500.0
500.0
500.0
500.0
500.0
500.0
500.0
500.0
500.0
500.0
500.0
500.0
500.0
404.0
500.0
500.0
206.0
500.0
500.0
500.0
500.0
225.0
500.0
500.0
436.0
500.0
500.0
383.0
500.0
500.0
500.0
500.0
500.0
51.0
500.0
500.0
500.0
500.0
500.0
500.0
500.0
500.0
500.0
500.0
500.0
500.0
500.0
500.0
500.0
500.0
500.0
500.0
500.0
500.0
500.0
500.0
500.0
500.0
500.0
500.0
500.0
500.0
500.0
500.0
500.0
500.0
109.0
500.0
500.0
500.0
198.0
423.0
459.0
500.0
500.0
500.0
500.0
500.0
500.0
500.0
500.0
500.0
500.0
500.0
317.0
500.0
500.0
500.0
500.0
500.0
500.0
98.0
500.0
53.0
500.0
500.0
272.0
500.0
500.0
500.0
500.0
500.0
500.0
500.0
500.0
500.0
500.0
500.0
500.0
500.0
500.0
500.0
500.0
500.0
500.0
500.0
500.0
500.0
500.0
500.0
500.0
500.0
500.0
500.0
500.0
500.0
84.0
500.0
500.0
500.0
500.0
500.0
22.0
500.0
500.0
500.0
500.0
500.0
500.0
43.0
500.0
500.0
135.0
500.0
500.0
500.0
500.0
500.0
377.0
500.0
500.0
500.0
500.0
500.0
500.0
243.0
500.0
500.0
500.0
500.0
500.0
500.0
500.0
500.0
500.0
500.0
500.0
500.0
500.0
500.0
445.0
500.0
500.0
500.0
500.0
500.0
500.0
500.0
500.0
500.0
500.0
500.0
500.0
500.0
500.0
482.0
500.0
500.0
500.0
500.0
500.0
500.0
466.0
500.0
500.0
500.0
500.0
500.0
500.0
343.0
500.0
500.0
500.0
500.0
500.0
500.0
500.0
500.0
500.0
500.0
500.0
500.0
500.0
500.0
500.0
500.0
500.0
500.0
500.0
500.0
500.0
500.0
500.0
500.0
500.0
500.0
500.0
500.0
500.0
500.0
500.0
500.0
500.0
500.0
500.0
500.0
500.0
500.0
500.0
500.0
500.0
500.0
500.0
500.0
500.0
500.0
128.0
500.0
500.0
500.0
500.0
500.0
500.0
500.0
500.0
500.0
500.0
500.0
500.0
500.0
500.0
500.0
500.0
500.0
500.0
500.0
500.0
500.0
500.0
500.0
500.0
500.0
500.0
500.0
500.0
500.0
500.0
500.0
500.0
500.0
500.0
500.0
500.0
500.0
500.0
500.0
500.0
500.0
500.0
500.0
500.0
500.0
500.0
500.0
500.0
500.0
500.0
500.0
500.0
500.0
500.0
500.0
500.0
500.0
500.0
500.0
500.0
500.0
500.0
500.0
500.0
500.0
500.0
500.0
500.0
500.0
500.0
177.0
500.0
500.0
500.0
500.0
500.0
500.0
500.0
500.0
500.0
500.0
500.0
500.0
500.0
500.0
500.0
500.0
500.0
500.0
500.0
500.0
500.0
500.0
500.0
500.0
500.0
500.0
500.0
500.0
500.0
500.0
500.0
500.0
500.0
500.0
500.0
500.0
500.0
500.0
500.0
500.0
500.0
500.0
500.0
500.0
500.0
500.0
500.0
500.0
500.0
500.0
500.0
500.0
500.0
500.0
232.0
500.0
500.0
500.0
500.0
500.0
500.0
500.0
500.0
500.0
500.0
500.0
500.0
500.0
500.0
500.0
500.0
368.0
131.0
500.0
488.0
347.0
500.0
500.0
354.0
500.0
447.0
225.0
500.0
415.0
394.0
500.0
500.0
500.0
500.0
500.0
500.0
500.0
500.0
252.0
500.0
500.0
500.0
500.0
500.0
500.0
500.0
490.0
500.0
500.0
466.0
485.0
500.0
313.0
500.0
500.0
500.0
324.0
500.0
500.0
500.0
500.0
248.0
500.0
500.0
500.0
500.0
500.0
500.0
500.0
500.0
500.0
500.0
500.0
500.0
500.0
500.0
500.0
421.0
500.0
500.0
500.0
500.0
500.0
500.0
500.0
500.0
500.0
500.0
500.0
500.0
500.0
410.0
500.0
500.0
500.0
500.0
500.0
500.0
500.0
500.0
500.0
500.0
500.0
500.0
500.0
404.0
500.0
500.0
500.0
500.0
500.0
500.0
500.0
500.0
500.0
500.0
500.0
500.0
500.0
500.0
500.0
500.0
500.0
500.0
500.0
500.0
500.0
500.0
500.0
500.0
500.0
500.0
45.0
500.0
500.0
500.0
500.0
500.0
500.0
500.0
500.0
500.0
500.0
500.0
500.0
500.0
500.0
500.0
500.0
500.0
500.0
500.0
500.0
500.0
500.0
500.0
500.0
500.0
500.0
500.0
500.0
60.0
97.0
500.0
500.0
500.0
500.0
500.0
500.0
500.0
500.0
500.0
500.0
500.0
500.0
500.0
500.0
500.0
500.0
359.0
500.0
500.0
500.0
500.0
500.0
500.0
500.0
500.0
500.0
364.0
222.0
500.0
500.0
500.0
500.0
500.0
500.0
500.0
500.0
500.0
500.0
500.0
500.0
500.0
500.0
500.0
500.0
500.0
500.0
500.0
500.0
190.0
500.0
500.0
500.0
305.0
500.0
228.0
500.0
246.0
500.0
500.0
500.0
500.0
500.0
500.0
500.0
500.0
500.0
500.0
500.0
500.0
500.0
500.0
328.0
500.0
500.0
500.0
500.0
500.0
500.0
500.0
500.0
500.0
500.0
500.0
500.0
500.0
500.0
500.0
500.0
500.0
500.0
500.0
500.0
500.0
500.0
500.0
500.0
500.0
500.0
500.0
500.0
321.0
500.0
500.0
214.0
500.0
500.0
500.0
500.0
500.0
500.0
500.0
500.0
275.0
500.0
500.0
500.0
500.0
500.0
500.0
500.0
301.0
500.0
500.0
500.0
500.0
500.0
500.0
292.0
500.0
500.0
500.0
500.0
500.0
369.0
500.0
292.0
500.0
500.0
500.0
500.0
500.0
500.0
500.0
500.0
500.0
500.0
500.0
500.0
500.0
500.0
500.0
500.0
403.0
500.0
500.0
500.0
500.0
500.0
500.0
500.0
500.0
500.0
500.0
500.0
500.0
500.0
500.0
500.0
500.0
500.0
379.0
500.0
269.0
500.0
500.0
500.0
500.0
500.0
500.0
500.0
500.0
500.0
500.0
500.0
500.0
500.0
500.0
500.0
500.0
500.0
500.0
500.0
500.0
500.0
500.0
500.0
500.0
320.0
500.0
500.0
500.0
500.0
500.0
500.0
500.0
500.0
500.0
500.0
500.0
500.0
500.0
374.0
500.0
500.0
500.0
500.0
500.0
500.0
500.0
500.0
500.0
500.0
500.0
500.0
131.0
500.0
500.0
500.0
500.0
500.0
500.0
500.0
415.0
500.0
500.0
500.0
500.0
500.0
499.0
500.0
500.0
500.0
500.0
500.0
500.0
500.0
500.0
500.0
500.0
500.0
500.0
500.0
500.0
305.0
500.0
500.0
500.0
500.0
500.0
391.0
500.0
500.0
500.0
500.0
500.0
500.0
500.0
500.0
500.0
500.0
500.0
500.0
500.0
500.0
500.0
500.0
500.0
500.0
500.0
500.0
500.0
327.0
500.0
500.0
500.0
500.0
500.0
500.0
500.0
500.0
299.0
500.0
500.0
500.0
500.0
500.0
500.0
500.0
500.0
500.0
500.0
500.0
500.0
500.0
500.0
500.0
276.0
393.0
500.0
500.0
500.0
364.0
500.0
500.0
500.0
500.0
500.0
500.0
500.0
499.0
500.0
500.0
500.0
500.0
500.0
500.0
347.0
500.0
500.0
500.0
500.0
500.0
500.0
500.0
500.0
500.0
500.0
500.0
500.0
500.0
500.0
500.0
500.0
500.0
500.0
500.0
500.0
500.0
500.0
500.0
443.0
500.0
500.0
500.0
500.0
500.0
500.0
500.0
500.0
500.0
500.0
500.0
500.0
500.0
500.0
500.0
500.0
500.0
500.0
500.0
500.0
500.0
301.0
500.0
500.0
500.0
500.0
500.0
500.0
500.0
500.0
500.0
500.0
69.0
500.0
500.0
500.0
500.0
500.0
500.0
500.0
500.0
500.0
500.0
500.0
500.0
500.0
500.0
500.0
500.0
500.0
500.0
500.0
500.0
500.0
500.0
500.0
500.0
500.0
500.0
500.0
500.0
500.0
500.0
500.0
500.0
500.0
54.0
500.0
500.0
500.0
305.0
106.0
242.0
500.0
500.0
500.0
500.0
500.0
500.0
247.0
500.0
500.0
500.0
500.0
500.0
500.0
500.0
89.0
500.0
500.0
500.0
110.0
500.0
500.0
296.0
500.0
500.0
500.0
500.0
500.0
500.0
500.0
500.0
500.0
500.0
500.0
500.0
500.0
500.0
500.0
500.0
500.0
500.0
500.0
500.0
500.0
242.0
500.0
500.0
500.0
500.0
500.0
500.0
500.0
500.0
500.0
500.0
434.0
500.0
500.0
343.0
500.0
500.0
500.0
500.0
500.0
500.0
500.0
500.0
500.0
500.0
176.0
307.0
500.0
500.0
500.0
500.0
500.0
500.0
500.0
500.0
500.0
500.0
500.0
500.0
500.0
500.0
500.0
500.0
500.0
500.0
500.0
500.0
500.0
500.0
500.0
500.0
500.0
500.0
500.0
500.0
500.0
500.0
500.0
500.0
500.0
500.0
500.0
500.0
500.0
500.0
500.0
500.0
500.0
87.0
500.0
500.0
500.0
500.0
500.0
500.0
500.0
500.0
500.0
81.0
500.0
500.0
500.0
500.0
500.0
500.0
201.0
500.0
500.0
500.0
500.0
500.0
500.0
500.0
500.0
500.0
500.0
500.0
500.0
500.0
500.0
500.0
500.0
500.0
500.0
500.0
500.0
500.0
500.0
500.0
483.0
500.0
500.0
500.0
500.0
500.0
481.0
500.0
500.0
500.0
500.0
87.0
500.0
500.0
500.0
342.0
500.0
500.0
500.0
500.0
500.0
500.0
500.0
500.0
500.0
500.0
500.0
208.0
500.0
500.0
500.0
500.0
500.0
500.0
500.0
410.0
500.0
500.0
500.0
500.0
500.0
500.0
274.0
385.0
454.0
270.0
434.0
500.0
500.0
500.0
420.0
347.0
500.0
61.0
498.0
500.0
500.0
237.0
500.0
377.0
500.0
291.0
500.0
422.0
500.0
225.0
500.0
500.0
500.0
339.0
279.0
267.0
500.0
500.0
500.0
459.0
500.0
344.0
500.0
500.0
500.0
500.0
500.0
500.0
500.0
500.0
134.0
152.0
500.0
298.0
500.0
500.0
500.0
500.0
94.0
500.0
415.0
500.0
138.0
500.0
500.0
500.0
500.0
500.0
500.0
500.0
500.0
336.0
500.0
500.0
44.0
500.0
500.0
500.0
500.0
500.0
500.0
500.0
500.0
252.0
500.0
500.0
500.0
500.0
500.0
500.0
500.0
500.0
500.0
500.0
500.0
500.0
500.0
500.0
500.0
500.0
500.0
500.0
500.0
500.0
500.0
500.0
500.0
500.0
500.0
500.0
500.0
500.0
500.0
500.0
500.0
500.0
500.0
164.0
500.0
500.0
500.0
500.0
413.0
500.0
500.0
500.0
500.0
500.0
500.0
500.0
500.0
500.0
500.0
500.0
121.0
500.0
500.0
500.0
500.0
500.0
500.0
500.0
500.0
500.0
500.0
500.0
500.0
500.0
452.0
500.0
500.0
500.0
500.0
500.0
500.0
500.0
500.0
132.0
500.0
500.0
500.0
500.0
500.0
211.0
500.0
500.0
500.0
500.0
86.0
500.0
500.0
500.0
500.0
500.0
500.0
500.0
280.0
500.0
500.0
409.0
500.0
500.0
500.0
500.0
500.0
500.0
500.0
500.0
500.0
500.0
500.0
500.0
500.0
500.0
500.0
500.0
500.0
500.0
500.0
323.0
500.0
500.0
500.0
125.0
500.0
500.0
500.0
500.0
424.0
500.0
500.0
500.0
500.0
500.0
500.0
500.0
500.0
500.0
500.0
500.0
500.0
500.0
500.0
500.0
500.0
500.0
500.0
500.0
500.0
500.0
500.0
500.0
500.0
500.0
500.0
500.0
500.0
500.0
500.0
500.0
500.0
500.0
235.0
500.0
500.0
500.0
500.0
500.0
500.0
500.0
500.0
500.0
500.0
500.0
500.0
500.0
500.0
500.0
500.0
51.0
500.0
500.0
500.0
500.0
365.0
500.0
500.0
500.0
500.0
500.0
500.0
500.0
500.0
500.0
500.0
500.0
500.0
474.0
500.0
500.0
500.0
500.0
500.0
500.0
333.0
500.0
500.0
349.0
500.0
224.0
500.0
500.0
62.0
500.0
500.0
500.0
500.0
500.0
500.0
500.0
500.0
500.0
500.0
500.0
500.0
500.0
500.0
484.0
500.0
500.0
500.0
500.0
500.0
500.0
500.0
500.0
500.0
230.0
500.0
500.0
500.0
500.0
500.0
500.0
500.0
500.0
500.0
500.0
500.0
500.0
500.0
500.0
500.0
500.0
500.0
500.0
500.0
500.0
500.0
500.0
500.0
500.0
500.0
437.0
500.0
346.0
500.0
500.0
500.0
500.0
500.0
500.0
500.0
500.0
500.0
500.0
500.0
469.0
500.0
500.0
500.0
500.0
500.0
500.0
500.0
500.0
500.0
500.0
500.0
75.0
500.0
500.0
500.0
500.0
500.0
500.0
500.0
500.0
500.0
500.0
500.0
500.0
500.0
500.0
500.0
500.0
500.0
31.0
500.0
500.0
500.0
500.0
500.0
500.0
500.0
500.0
500.0
500.0
500.0
500.0
41.0
500.0
344.0
500.0
500.0
500.0
500.0
500.0
500.0
500.0
500.0
500.0
500.0
289.0
500.0
500.0
500.0
500.0
500.0
161.0
222.0
500.0
500.0
500.0
500.0
500.0
500.0
500.0
500.0
500.0
500.0
500.0
500.0
500.0
500.0
500.0
500.0
295.0
500.0
500.0
500.0
500.0
500.0
500.0
500.0
500.0
500.0
500.0
500.0
500.0
500.0
500.0
500.0
500.0
500.0
500.0
500.0
500.0
500.0
500.0
500.0
500.0
433.0
500.0
500.0
500.0
500.0
500.0
500.0
500.0
500.0
500.0
500.0
500.0
500.0
500.0
500.0
500.0
500.0
500.0
500.0
500.0
500.0
500.0
500.0
500.0
500.0
500.0
500.0
500.0
500.0
500.0
500.0
500.0
500.0
500.0
500.0
500.0
500.0
500.0
301.0
500.0
500.0
500.0
500.0
500.0
500.0
500.0
500.0
500.0
500.0
500.0
500.0
500.0
500.0
500.0
500.0
500.0
500.0
500.0
500.0
500.0
500.0
500.0
500.0
500.0
500.0
500.0
500.0
500.0
500.0
500.0
500.0
500.0
500.0
500.0
500.0
500.0
500.0
500.0
500.0
500.0
500.0
500.0
500.0
500.0
500.0
500.0
500.0
500.0
500.0
500.0
500.0
500.0
500.0
500.0
500.0
500.0
500.0
500.0
500.0
500.0
500.0
500.0
500.0
500.0
500.0
500.0
500.0
500.0
500.0
500.0
500.0
500.0
500.0
500.0
500.0
500.0
500.0
500.0
500.0
500.0
500.0
500.0
500.0
500.0
500.0
500.0
500.0
500.0
500.0
500.0
500.0
500.0
500.0
500.0
500.0
500.0
500.0
500.0
500.0
500.0
500.0
500.0
500.0
500.0
500.0
500.0
500.0
500.0
500.0
500.0
500.0
500.0
500.0
500.0
500.0
500.0
500.0
394.0
500.0
500.0
500.0
500.0
500.0
500.0
500.0
500.0
500.0
500.0
500.0
500.0
375.0
500.0
500.0
500.0
500.0
500.0
500.0
500.0
500.0
500.0
500.0
500.0
500.0
500.0
500.0
118.0
500.0
500.0
500.0
500.0
500.0
500.0
500.0
500.0
500.0
500.0
500.0
500.0
500.0
500.0
500.0
500.0
500.0
500.0
500.0
500.0
500.0
500.0
500.0
500.0
386.0
500.0
500.0
500.0
500.0
500.0
500.0
500.0
500.0
500.0
500.0
500.0
500.0
500.0
500.0
500.0
500.0
500.0
500.0
500.0
500.0
500.0
500.0
500.0
500.0
500.0
500.0
500.0
500.0
500.0
500.0
500.0
500.0
500.0
500.0
500.0
500.0
500.0
500.0
471.0
500.0
500.0
500.0
366.0
355.0
500.0
500.0
500.0
500.0
500.0
500.0
500.0
500.0
500.0
500.0
500.0
500.0
500.0
500.0
500.0
500.0
500.0
500.0
500.0
500.0
500.0
500.0
500.0
500.0
500.0
500.0
500.0
500.0
500.0
500.0
500.0
500.0
500.0
500.0
500.0
479.0
500.0
500.0
424.0
73.0
500.0
500.0
500.0
500.0
500.0
500.0
500.0
252.0
500.0
281.0
500.0
500.0
500.0
500.0
500.0
500.0
500.0
500.0
500.0
500.0
500.0
500.0
500.0
500.0
500.0
500.0
500.0
500.0
500.0
500.0
500.0
500.0
500.0
500.0
500.0
500.0
500.0
500.0
500.0
500.0
500.0
500.0
500.0
500.0
500.0
500.0
500.0
500.0
500.0
500.0
500.0
500.0
500.0
500.0
500.0
500.0
500.0
500.0
500.0
500.0
500.0
500.0
500.0
500.0
500.0
500.0
500.0
500.0
500.0
500.0
500.0
500.0
500.0
500.0
500.0
500.0
500.0
500.0
500.0
500.0
500.0
500.0
500.0
500.0
500.0
500.0
500.0
500.0
500.0
500.0
500.0
500.0
500.0
500.0
500.0
500.0
500.0
500.0
500.0
500.0
500.0
500.0
500.0
500.0
500.0
500.0
500.0
500.0
500.0
494.0
500.0
500.0
500.0
500.0
500.0
500.0
500.0
500.0
500.0
500.0
500.0
500.0
500.0
500.0
500.0
500.0
500.0
500.0
500.0
500.0
500.0
500.0
500.0
500.0
500.0
500.0
500.0
500.0
500.0
500.0
500.0
500.0
500.0
500.0
500.0
500.0
500.0
500.0
500.0
500.0
500.0
500.0
500.0
500.0
500.0
500.0
500.0
270.0
500.0
500.0
500.0
500.0
500.0
500.0
500.0
500.0
500.0
500.0
500.0
500.0
500.0
500.0
500.0
500.0
500.0
500.0
500.0
500.0
500.0
500.0
500.0
500.0
500.0
500.0
500.0
500.0
500.0
500.0
500.0
500.0
500.0
500.0
500.0
500.0
500.0
500.0
500.0
500.0
500.0
500.0
500.0
500.0
500.0
500.0
500.0
500.0
500.0
500.0
500.0
500.0
500.0
500.0
500.0
423.0
500.0
500.0
500.0
500.0
500.0
500.0
500.0
500.0
500.0
500.0
500.0
500.0
500.0
500.0
500.0
500.0
500.0
500.0
500.0
500.0
500.0
500.0
500.0
500.0
500.0
500.0
500.0
500.0
500.0
500.0
500.0
500.0
500.0
500.0
500.0
500.0
500.0
500.0
500.0
500.0
500.0
500.0
500.0
500.0
500.0
500.0
500.0
500.0
500.0
500.0
500.0
500.0
500.0
500.0
500.0
500.0
500.0
500.0
500.0
500.0
500.0
500.0
500.0
500.0
500.0
500.0
500.0
500.0
500.0
500.0
500.0
500.0
500.0
500.0
500.0
500.0
500.0
500.0
500.0
500.0
500.0
500.0
500.0
500.0
500.0
500.0
500.0
500.0
500.0
500.0
500.0
500.0
500.0
477.0
500.0
500.0
500.0
500.0
500.0
500.0
500.0
500.0
500.0
500.0
500.0
500.0
500.0
500.0
500.0
500.0
500.0
500.0
500.0
500.0
500.0
439.0
500.0
500.0
500.0
500.0
500.0
500.0
500.0
500.0
500.0
500.0
500.0
500.0
500.0
500.0
500.0
500.0
500.0
500.0
500.0
500.0
500.0
500.0
500.0
500.0
500.0
500.0
500.0
500.0
325.0
500.0
500.0
500.0
500.0
500.0
500.0
500.0
500.0
500.0
500.0
500.0
500.0
500.0
500.0
500.0
500.0
500.0
500.0
500.0
500.0
500.0
500.0
500.0
500.0
500.0
500.0
500.0
500.0
408.0
500.0
500.0
500.0
500.0
500.0
500.0
500.0
500.0
500.0
500.0
500.0
500.0
500.0
500.0
500.0
500.0
500.0
500.0
500.0
500.0
500.0
500.0
500.0
500.0
500.0
500.0
500.0
500.0
500.0
500.0
500.0
500.0
500.0
500.0
500.0
500.0
500.0
500.0
500.0
500.0
500.0
500.0
500.0
500.0
500.0
500.0
500.0
500.0
500.0
500.0
500.0
500.0
500.0
500.0
500.0
227.0
500.0
500.0
500.0
500.0
500.0
500.0
500.0
500.0
500.0
500.0
418.0
500.0
500.0
500.0
500.0
500.0
500.0
500.0
500.0
500.0
500.0
500.0
500.0
500.0
500.0
500.0
500.0
500.0
500.0
500.0
164.0
500.0
500.0
500.0
500.0
500.0
500.0
500.0
500.0
500.0
500.0
500.0
500.0
500.0
500.0
500.0
500.0
500.0
500.0
500.0
324.0
500.0
500.0
500.0
500.0
500.0
500.0
500.0
500.0
500.0
500.0
500.0
500.0
500.0
500.0
500.0
500.0
500.0
500.0
500.0
500.0
500.0
500.0
500.0
500.0
500.0
500.0
500.0
500.0
500.0
500.0
500.0
500.0
500.0
500.0
500.0
500.0
500.0
500.0
500.0
500.0
500.0
500.0
500.0
500.0
500.0
500.0
500.0
500.0
500.0
500.0
500.0
500.0
500.0
500.0
500.0
500.0
500.0
500.0
500.0
500.0
500.0
500.0
500.0
500.0
500.0
500.0
500.0
500.0
500.0
500.0
500.0
500.0
500.0
500.0
500.0
500.0
500.0
500.0
500.0
500.0
500.0
500.0
500.0
500.0
500.0
500.0
500.0
500.0
500.0
500.0
500.0
500.0
500.0
500.0
500.0
500.0
500.0
500.0
500.0
500.0
500.0
500.0
500.0
500.0
500.0
500.0
500.0
500.0
500.0
500.0
500.0
500.0
500.0
500.0
500.0
500.0
500.0
500.0
500.0
500.0
500.0
500.0
500.0
500.0
500.0
500.0
500.0
500.0
500.0
500.0
500.0
500.0
500.0
500.0
500.0
500.0
500.0
500.0
500.0
500.0
500.0
500.0
500.0
500.0
500.0
500.0
500.0
500.0
500.0
500.0
500.0
500.0
500.0
500.0
500.0
500.0
500.0
500.0
500.0
500.0
500.0
500.0
500.0
500.0
500.0
401.0
500.0
500.0
500.0
500.0
500.0
500.0
500.0
500.0
500.0
500.0
500.0
500.0
500.0
500.0
382.0
500.0
500.0
500.0
500.0
459.0
500.0
342.0
500.0
500.0
500.0
500.0
500.0
500.0
500.0
287.0
500.0
500.0
500.0
500.0
500.0
500.0
500.0
500.0
500.0
500.0
500.0
500.0
500.0
500.0
500.0
473.0
500.0
500.0
500.0
500.0
500.0
500.0
500.0
500.0
500.0
500.0
500.0
500.0
500.0
467.0
500.0
500.0
317.0
500.0
452.0
500.0
500.0
500.0
500.0
500.0
500.0
500.0
500.0
500.0
500.0
500.0
500.0
500.0
197.0
500.0
500.0
500.0
500.0
500.0
500.0
500.0
500.0
500.0
500.0
500.0
500.0
500.0
500.0
500.0
479.0
500.0
500.0
500.0
500.0
500.0
500.0
500.0
500.0
500.0
500.0
500.0
500.0
500.0
500.0
500.0
500.0
500.0
500.0
500.0
500.0
256.0
500.0
500.0
500.0
500.0
500.0
500.0
500.0
500.0
500.0
500.0
500.0
500.0
500.0
500.0
500.0
500.0
500.0
500.0
500.0
500.0
500.0
135.0
500.0
500.0
500.0
500.0
500.0
500.0
500.0
500.0
500.0
500.0
500.0
500.0
500.0
181.0
500.0
500.0
500.0
500.0
500.0
500.0
500.0
500.0
500.0
500.0
500.0
500.0
500.0
500.0
500.0
500.0
500.0
500.0
500.0
500.0
500.0
500.0
500.0
500.0
500.0
500.0
500.0
500.0
500.0
500.0
500.0
500.0
500.0
500.0
500.0
500.0
500.0
500.0
500.0
500.0
500.0
500.0
500.0
500.0
500.0
500.0
500.0
500.0
500.0
500.0
500.0
500.0
500.0
500.0
500.0
500.0
500.0
500.0
500.0
500.0
500.0
500.0
500.0
500.0
500.0
500.0
500.0
500.0
500.0
500.0
500.0
486.0
500.0
473.0
500.0
500.0
500.0
500.0
500.0
500.0
500.0
500.0
500.0
500.0
500.0
500.0
491.0
500.0
500.0
500.0
500.0
500.0
500.0
500.0
500.0
500.0
500.0
500.0
500.0
500.0
500.0
500.0
500.0
500.0
500.0
500.0
500.0
500.0
500.0
500.0
500.0
500.0
500.0
500.0
500.0
500.0
500.0
500.0
500.0
494.0
500.0
500.0
500.0
500.0
500.0
500.0
500.0
500.0
500.0
500.0
500.0
500.0
500.0
500.0
433.0
368.0
500.0
500.0
448.0
500.0
500.0
500.0
500.0
500.0
500.0
500.0
500.0
500.0
500.0
500.0
500.0
500.0
500.0
500.0
500.0
500.0
500.0
500.0
500.0
500.0
344.0
500.0
500.0
328.0
500.0
500.0
500.0
120.0
500.0
45.0
131.0
500.0
500.0
162.0
138.0
500.0
500.0
500.0
500.0
500.0
89.0
500.0
500.0
500.0
148.0
500.0
213.0
325.0
500.0
140.0
500.0
500.0
163.0
242.0
500.0
500.0
500.0
500.0
500.0
500.0
500.0
500.0
500.0
500.0
500.0
500.0
429.0
500.0
500.0
500.0
500.0
178.0
156.0
36.0
176.0
500.0
251.0
78.0
460.0
236.0
231.0
466.0
500.0
45.0
148.0
274.0
129.0
121.0
500.0
500.0
141.0
500.0
500.0
500.0
500.0
500.0
500.0
500.0
500.0
500.0
500.0
500.0
500.0
500.0
500.0
500.0
500.0
500.0
500.0
500.0
500.0
500.0
500.0
500.0
500.0
500.0
500.0
500.0
500.0
500.0
500.0
454.0
500.0
500.0
500.0
500.0
500.0
500.0
500.0
431.0
500.0
500.0
500.0
500.0
351.0
500.0
500.0
500.0
320.0
500.0
500.0
500.0
500.0
500.0
321.0
500.0
488.0
500.0
500.0
158.0
480.0
500.0
500.0
500.0
91.0
500.0
500.0
325.0
442.0
322.0
500.0
500.0
500.0
500.0
500.0
493.0
298.0
376.0
293.0
446.0
222.0
384.0
500.0
500.0
500.0
500.0
500.0
500.0
500.0
500.0
500.0
500.0
500.0
353.0
500.0
387.0
500.0
485.0
404.0
466.0
357.0
500.0
413.0
342.0
482.0
500.0
500.0
336.0
479.0
16.0
346.0
419.0
335.0
282.0
328.0
410.0
248.0
411.0
408.0
500.0
367.0
500.0
500.0
395.0
500.0
59.0
500.0
500.0
500.0
500.0
361.0
464.0
288.0
500.0
500.0
500.0
500.0
446.0
500.0
198.0
345.0
329.0
494.0
429.0
425.0
258.0
146.0
54.0
500.0
363.0
263.0
147.0
500.0
286.0
265.0
500.0
500.0
366.0
146.0
186.0
172.0
163.0
403.0
376.0
500.0
219.0
500.0
500.0
500.0
500.0
500.0
500.0
500.0
500.0
500.0
500.0
500.0
500.0
500.0
500.0
500.0
500.0
364.0
500.0
500.0
500.0
319.0
500.0
175.0
500.0
213.0
299.0
389.0
438.0
304.0
500.0
500.0
450.0
500.0
500.0
500.0
331.0
500.0
500.0
500.0
500.0
500.0
500.0
500.0
500.0
500.0
481.0
500.0
500.0
473.0
394.0
500.0
500.0
500.0
377.0
300.0
500.0
500.0
500.0
310.0
327.0
496.0
500.0
469.0
186.0
167.0
380.0
208.0
372.0
60.0
500.0
281.0
380.0
194.0
276.0
161.0
310.0
216.0
269.0
291.0
414.0
98.0
449.0
500.0
332.0
347.0
500.0
432.0
416.0
500.0
340.0
500.0
297.0
377.0
500.0
500.0
500.0
173.0
500.0
500.0
500.0
500.0
500.0
500.0
500.0
500.0
37.0
274.0
500.0
448.0
500.0
500.0
382.0
278.0
443.0
500.0
362.0
372.0
248.0
356.0
220.0
221.0
188.0
183.0
500.0
194.0
228.0
190.0
291.0
386.0
211.0
208.0
246.0
407.0
337.0
327.0
21.0
330.0
67.0
62.0
104.0
384.0
126.0
19.0
80.0
437.0
34.0
340.0
35.0
232.0
334.0
500.0
68.0
182.0
147.0
499.0
500.0
286.0
500.0
46.0
104.0
201.0
339.0
379.0
466.0
426.0
500.0
106.0
346.0
500.0
500.0
500.0
374.0
290.0
500.0
244.0
100.0
500.0
160.0
222.0
244.0
310.0
500.0
317.0
191.0
500.0
500.0
352.0
500.0
500.0
423.0
500.0
306.0
436.0
500.0
213.0
500.0
123.0
385.0
283.0
272.0
324.0
500.0
284.0
470.0
500.0
500.0
172.0
198.0
390.0
422.0
442.0
100.0
331.0
470.0
424.0
500.0
269.0
500.0
329.0
500.0
285.0
411.0
153.0
500.0
495.0
500.0
465.0
500.0
500.0
448.0
500.0
465.0
470.0
500.0
500.0
500.0
500.0
500.0
500.0
229.0
353.0
500.0
500.0
500.0
500.0
500.0
500.0
500.0
500.0
459.0
500.0
500.0
500.0
500.0
500.0
500.0
500.0
500.0
500.0
463.0
500.0
500.0
500.0
500.0
500.0
339.0
500.0
500.0
500.0
500.0
500.0
500.0
414.0
500.0
500.0
405.0
487.0
500.0
463.0
500.0
500.0
489.0
500.0
500.0
500.0
500.0
500.0
478.0
500.0
463.0
500.0
500.0
500.0
428.0
472.0
490.0
500.0
500.0
500.0
500.0
500.0
500.0
500.0
77.0
197.0
500.0
500.0
120.0
500.0
365.0
500.0
302.0
500.0
500.0
406.0
365.0
499.0
467.0
500.0
462.0
276.0
500.0
500.0
500.0
500.0
500.0
320.0
500.0
500.0
500.0
500.0
500.0
500.0
500.0
500.0
500.0
500.0
472.0
500.0
500.0
500.0
500.0
500.0
500.0
500.0
500.0
500.0
500.0
500.0
352.0
500.0
422.0
397.0
500.0
500.0
500.0
308.0
500.0
500.0
500.0
487.0
271.0
500.0
500.0
500.0
488.0
500.0
500.0
500.0
462.0
423.0
500.0
500.0
500.0
330.0
500.0
500.0
500.0
500.0
500.0
23.0
415.0
500.0
333.0
500.0
386.0
478.0
500.0
500.0
500.0
496.0
500.0
500.0
500.0
498.0
500.0
500.0
500.0
500.0
407.0
418.0
500.0
500.0
498.0
500.0
374.0
204.0
299.0
500.0
229.0
500.0
500.0
500.0
355.0
500.0
500.0
500.0
375.0
500.0
500.0
500.0
500.0
500.0
290.0
500.0
500.0
500.0
500.0
500.0
500.0
500.0
500.0
500.0
273.0
500.0
168.0
500.0
500.0
500.0
500.0
305.0
414.0
500.0
500.0
433.0
304.0
500.0
500.0
500.0
500.0
500.0
500.0
500.0
500.0
500.0
388.0
500.0
500.0
500.0
500.0
500.0
500.0
500.0
500.0
500.0
500.0
500.0
500.0
500.0
500.0
500.0
500.0
495.0
500.0
413.0
430.0
467.0
454.0
419.0
500.0
361.0
500.0
500.0
500.0
500.0
208.0
500.0
495.0
500.0
500.0
500.0
500.0
500.0
500.0
500.0
357.0
500.0
500.0
500.0
500.0
436.0
160.0
112.0
251.0
500.0
303.0
129.0
173.0
465.0
454.0
249.0
500.0
334.0
362.0
258.0
115.0
277.0
168.0
500.0
373.0
500.0
500.0
500.0
182.0
206.0
131.0
500.0
500.0
500.0
500.0
500.0
500.0
500.0
380.0
500.0
500.0
500.0
500.0
500.0
500.0
500.0
500.0
500.0
500.0
500.0
500.0
500.0
500.0
500.0
500.0
500.0
500.0
500.0
144.0
500.0
500.0
500.0
500.0
500.0
500.0
500.0
500.0
500.0
500.0
500.0
500.0
500.0
500.0
500.0
500.0
500.0
500.0
500.0
500.0
500.0
500.0
500.0
500.0
356.0
307.0
500.0
204.0
500.0
500.0
500.0
500.0
430.0
500.0
500.0
500.0
500.0
500.0
494.0
437.0
342.0
476.0
500.0
333.0
500.0
500.0
500.0
500.0
500.0
312.0
181.0
414.0
484.0
500.0
326.0
500.0
82.0
414.0
500.0
398.0
249.0
134.0
94.0
41.0
191.0
213.0
47.0
135.0
110.0
88.0
157.0
289.0
101.0
349.0
137.0
264.0
140.0
305.0
265.0
303.0
38.0
212.0
200.0
159.0
152.0
319.0
276.0
98.0
500.0
228.0
74.0
386.0
42.0
500.0
293.0
500.0
151.0
500.0
202.0
500.0
500.0
500.0
294.0
144.0
500.0
500.0
66.0
410.0
500.0
500.0
76.0
244.0
500.0
234.0
500.0
500.0
500.0
50.0
500.0
500.0
500.0
405.0
500.0
500.0
500.0
500.0
500.0
500.0
286.0
155.0
436.0
500.0
500.0
500.0
500.0
500.0
500.0
500.0
500.0
500.0
500.0
500.0
500.0
500.0
500.0
500.0
500.0
500.0
500.0
500.0
500.0
500.0
500.0
500.0
500.0
500.0
500.0
500.0
500.0
500.0
500.0
500.0
312.0
146.0
500.0
500.0
500.0
487.0
500.0
500.0
475.0
500.0
500.0
500.0
368.0
500.0
500.0
500.0
500.0
500.0
500.0
500.0
103.0
86.0
429.0
500.0
500.0
500.0
500.0
500.0
500.0
500.0
121.0
405.0
500.0
125.0
500.0
71.0
500.0
500.0
500.0
65.0
379.0
500.0
500.0
475.0
500.0
500.0
487.0
500.0
92.0
500.0
335.0
500.0
358.0
496.0
500.0
500.0
500.0
500.0
500.0
500.0
500.0
500.0
500.0
500.0
500.0
500.0
500.0
500.0
500.0
500.0
500.0
500.0
500.0
500.0
441.0
500.0
500.0
500.0
500.0
500.0
500.0
500.0
500.0
500.0
500.0
500.0
500.0
500.0
400.0
500.0
500.0
500.0
500.0
500.0
500.0
468.0
500.0
500.0
500.0
500.0
500.0
500.0
500.0
500.0
500.0
500.0
500.0
500.0
500.0
500.0
500.0
500.0
500.0
500.0
500.0
500.0
500.0
500.0
500.0
500.0
500.0
500.0
500.0
500.0
500.0
500.0
500.0
500.0
500.0
500.0
500.0
500.0
500.0
500.0
500.0
500.0
500.0
500.0
500.0
500.0
500.0
500.0
500.0
500.0
500.0
500.0
500.0
500.0
500.0
500.0
500.0
500.0
500.0
500.0
500.0
500.0
500.0
500.0
500.0
500.0
500.0
500.0
500.0
500.0
500.0
500.0
500.0
500.0
500.0
500.0
500.0
500.0
500.0
500.0
500.0
500.0
500.0
500.0
500.0
500.0
500.0
500.0
500.0
500.0
500.0
500.0
500.0
500.0
500.0
500.0
500.0
500.0
500.0
500.0
500.0
89.0
500.0
500.0
500.0
500.0
382.0
500.0
500.0
500.0
500.0
500.0
500.0
500.0
500.0
500.0
500.0
500.0
462.0
500.0
500.0
500.0
500.0
500.0
500.0
500.0
500.0
500.0
500.0
500.0
500.0
500.0
500.0
500.0
500.0
500.0
500.0
500.0
500.0
500.0
500.0
500.0
500.0
500.0
500.0
500.0
500.0
89.0
500.0
500.0
500.0
500.0
500.0
500.0
500.0
500.0
500.0
500.0
500.0
221.0
500.0
500.0
465.0
500.0
500.0
500.0
500.0
500.0
500.0
446.0
500.0
500.0
500.0
500.0
500.0
500.0
500.0
500.0
500.0
500.0
500.0
500.0
500.0
500.0
500.0
500.0
500.0
500.0
500.0
500.0
500.0
500.0
500.0
500.0
500.0
500.0
500.0
500.0
500.0
500.0
500.0
500.0
500.0
500.0
500.0
500.0
500.0
500.0
500.0
500.0
500.0
500.0
500.0
500.0
500.0
500.0
500.0
500.0
500.0
500.0
500.0
500.0
500.0
500.0
500.0
500.0
500.0
500.0
500.0
500.0
500.0
500.0
500.0
500.0
500.0
500.0
500.0
500.0
334.0
500.0
500.0
500.0
500.0
500.0
500.0
500.0
500.0
500.0
500.0
500.0
500.0
500.0
500.0
500.0
500.0
480.0
500.0
500.0
500.0
500.0
500.0
500.0
500.0
500.0
500.0
500.0
500.0
500.0
500.0
500.0
500.0
500.0
500.0
500.0
500.0
500.0
500.0
500.0
500.0
500.0
500.0
500.0
500.0
500.0
500.0
426.0
480.0
500.0
500.0
500.0
500.0
500.0
500.0
500.0
500.0
500.0
500.0
500.0
500.0
500.0
500.0
500.0
500.0
500.0
500.0
500.0
500.0
500.0
500.0
500.0
500.0
500.0
500.0
500.0
500.0
500.0
500.0
500.0
307.0
332.0
500.0
500.0
500.0
500.0
500.0
500.0
500.0
500.0
500.0
500.0
500.0
500.0
500.0
500.0
500.0
500.0
500.0
500.0
500.0
500.0
500.0
500.0
500.0
500.0
500.0
500.0
500.0
500.0
500.0
500.0
500.0
500.0
500.0
500.0
500.0
500.0
500.0
500.0
500.0
500.0
500.0
340.0
500.0
500.0
500.0
500.0
500.0
500.0
500.0
500.0
500.0
500.0
500.0
500.0
500.0
500.0
500.0
500.0
500.0
500.0
500.0
500.0
500.0
500.0
500.0
500.0
500.0
500.0
500.0
500.0
500.0
500.0
500.0
500.0
500.0
500.0
500.0
500.0
500.0
500.0
500.0
500.0
500.0
500.0
500.0
500.0
500.0
500.0
500.0
500.0
500.0
500.0
500.0
500.0
500.0
500.0
500.0
500.0
500.0
500.0
500.0
500.0
500.0
500.0
500.0
500.0
500.0
500.0
500.0
487.0
500.0
500.0
500.0
500.0
500.0
500.0
500.0
500.0
500.0
500.0
500.0
500.0
500.0
472.0
500.0
500.0
500.0
500.0
500.0
500.0
500.0
500.0
500.0
500.0
482.0
500.0
500.0
500.0
500.0
500.0
500.0
500.0
500.0
500.0
500.0
310.0
500.0
500.0
500.0
500.0
500.0
500.0
500.0
500.0
500.0
500.0
500.0
500.0
500.0
500.0
500.0
500.0
500.0
500.0
500.0
500.0
500.0
500.0
500.0
500.0
500.0
500.0
500.0
500.0
500.0
500.0
500.0
500.0
500.0
500.0
500.0
500.0
500.0
500.0
500.0
500.0
500.0
500.0
500.0
500.0
500.0
500.0
500.0
500.0
500.0
500.0
500.0
500.0
500.0
500.0
454.0
500.0
500.0
500.0
500.0
500.0
500.0
500.0
500.0
500.0
500.0
500.0
500.0
500.0
500.0
500.0
500.0
500.0
500.0
500.0
500.0
500.0
500.0
500.0
500.0
500.0
500.0
500.0
500.0
500.0
500.0
500.0
500.0
500.0
500.0
500.0
500.0
500.0
500.0
500.0
500.0
500.0
500.0
500.0
500.0
500.0
500.0
500.0
484.0
500.0
500.0
500.0
500.0
500.0
500.0
500.0
500.0
500.0
500.0
500.0
500.0
500.0
336.0
500.0
500.0
500.0
500.0
500.0
500.0
500.0
500.0
500.0
500.0
500.0
500.0
500.0
500.0
500.0
500.0
500.0
500.0
500.0
500.0
500.0
500.0
120.0
500.0
500.0
500.0
500.0
500.0
500.0
500.0
500.0
500.0
500.0
500.0
500.0
500.0
500.0
500.0
500.0
500.0
500.0
500.0
500.0
500.0
500.0
500.0
500.0
500.0
500.0
500.0
500.0
500.0
500.0
500.0
500.0
500.0
9.0
500.0
500.0
500.0
500.0
500.0
500.0
500.0
500.0
500.0
500.0
500.0
500.0
500.0
500.0
500.0
500.0
500.0
460.0
500.0
500.0
500.0
500.0
500.0
286.0
500.0
500.0
500.0
500.0
500.0
500.0
500.0
500.0
500.0
500.0
500.0
500.0
500.0
500.0
500.0
500.0
500.0
500.0
500.0
500.0
500.0
500.0
500.0
500.0
500.0
500.0
500.0
500.0
500.0
451.0
500.0
500.0
500.0
500.0
500.0
500.0
500.0
500.0
500.0
500.0
500.0
500.0
500.0
500.0
500.0
500.0
500.0
500.0
500.0
500.0
500.0
500.0
500.0
500.0
500.0
500.0
500.0
500.0
500.0
500.0
500.0
500.0
500.0
500.0
500.0
500.0
500.0
500.0
500.0
500.0
500.0
500.0
500.0
500.0
500.0
500.0
500.0
500.0
500.0
500.0
500.0
500.0
500.0
500.0
500.0
500.0
500.0
500.0
500.0
500.0
500.0
500.0
500.0
469.0
500.0
500.0
500.0
500.0
500.0
500.0
500.0
500.0
500.0
500.0
500.0
500.0
500.0
500.0
500.0
500.0
500.0
500.0
500.0
500.0
360.0
500.0
500.0
500.0
500.0
500.0
500.0
500.0
500.0
500.0
500.0
500.0
422.0
500.0
500.0
500.0
500.0
500.0
500.0
500.0
500.0
500.0
500.0
500.0
500.0
500.0
500.0
500.0
500.0
500.0
500.0
500.0
500.0
500.0
500.0
500.0
500.0
500.0
500.0
500.0
500.0
500.0
500.0
500.0
500.0
500.0
500.0
500.0
500.0
500.0
500.0
500.0
500.0
500.0
500.0
500.0
500.0
500.0
500.0
500.0
500.0
500.0
500.0
500.0
78.0
500.0
500.0
500.0
500.0
500.0
500.0
500.0
500.0
500.0
500.0
500.0
500.0
500.0
500.0
500.0
500.0
500.0
500.0
500.0
500.0
500.0
500.0
500.0
109.0
500.0
500.0
500.0
500.0
500.0
500.0
500.0
500.0
500.0
500.0
500.0
500.0
500.0
500.0
500.0
500.0
500.0
500.0
500.0
500.0
500.0
500.0
500.0
500.0
500.0
500.0
500.0
500.0
500.0
500.0
500.0
500.0
500.0
500.0
500.0
500.0
500.0
500.0
500.0
500.0
500.0
500.0
500.0
500.0
500.0
500.0
500.0
500.0
500.0
500.0
500.0
500.0
500.0
500.0
500.0
500.0
500.0
480.0
500.0
500.0
500.0
500.0
500.0
500.0
500.0
500.0
500.0
500.0
500.0
500.0
500.0
500.0
500.0
500.0
500.0
500.0
500.0
500.0
500.0
500.0
500.0
500.0
500.0
500.0
500.0
500.0
500.0
68.0
500.0
500.0
500.0
500.0
500.0
500.0
500.0
500.0
500.0
500.0
500.0
500.0
500.0
500.0
500.0
500.0
500.0
500.0
500.0
500.0
500.0
500.0
500.0
500.0
500.0
500.0
500.0
500.0
500.0
500.0
500.0
500.0
500.0
500.0
500.0
500.0
500.0
500.0
500.0
500.0
500.0
500.0
500.0
500.0
500.0
500.0
500.0
500.0
500.0
500.0
500.0
500.0
500.0
500.0
500.0
500.0
500.0
500.0
500.0
500.0
500.0
500.0
500.0
500.0
500.0
500.0
500.0
500.0
500.0
500.0
500.0
500.0
500.0
500.0
500.0
500.0
500.0
500.0
500.0
500.0
500.0
500.0
500.0
181.0
500.0
500.0
500.0
500.0
500.0
500.0
130.0
500.0
500.0
500.0
500.0
500.0
375.0
500.0
500.0
500.0
500.0
500.0
500.0
500.0
500.0
500.0
500.0
500.0
500.0
500.0
500.0
500.0
500.0
500.0
500.0
500.0
500.0
500.0
500.0
500.0
500.0
500.0
500.0
500.0
500.0
500.0
500.0
500.0
500.0
500.0
500.0
500.0
500.0
500.0
500.0
500.0
500.0
500.0
500.0
349.0
500.0
500.0
500.0
500.0
500.0
196.0
500.0
500.0
500.0
500.0
500.0
500.0
500.0
500.0
500.0
500.0
500.0
500.0
500.0
500.0
500.0
500.0
500.0
500.0
500.0
500.0
500.0
500.0
500.0
500.0
500.0
500.0
500.0
500.0
500.0
500.0
500.0
500.0
500.0
500.0
500.0
500.0
500.0
190.0
500.0
500.0
500.0
500.0
500.0
500.0
500.0
500.0
500.0
500.0
500.0
500.0
500.0
500.0
500.0
500.0
500.0
500.0
500.0
500.0
500.0
500.0
500.0
500.0
500.0
500.0
500.0
500.0
500.0
500.0
500.0
500.0
500.0
500.0
500.0
500.0
500.0
500.0
500.0
500.0
500.0
500.0
500.0
500.0
500.0
500.0
500.0
500.0
500.0
500.0
500.0
500.0
500.0
500.0
500.0
500.0
500.0
500.0
500.0
500.0
500.0
500.0
500.0
500.0
476.0
500.0
500.0
500.0
500.0
500.0
500.0
500.0
500.0
500.0
500.0
500.0
500.0
500.0
500.0
500.0
500.0
500.0
500.0
406.0
500.0
500.0
500.0
500.0
500.0
500.0
500.0
500.0
500.0
500.0
500.0
500.0
500.0
500.0
500.0
500.0
500.0
500.0
500.0
500.0
500.0
500.0
500.0
500.0
500.0
500.0
500.0
500.0
500.0
480.0
500.0
500.0
500.0
500.0
500.0
500.0
500.0
500.0
500.0
500.0
500.0
500.0
500.0
500.0
500.0
500.0
500.0
500.0
500.0
500.0
500.0
500.0
500.0
500.0
500.0
500.0
231.0
500.0
500.0
500.0
500.0
500.0
500.0
500.0
500.0
500.0
421.0
500.0
500.0
500.0
500.0
500.0
500.0
500.0
500.0
500.0
500.0
500.0
500.0
211.0
500.0
500.0
500.0
500.0
500.0
500.0
500.0
500.0
500.0
500.0
500.0
500.0
500.0
500.0
500.0
500.0
500.0
500.0
500.0
500.0
500.0
500.0
500.0
500.0
500.0
500.0
500.0
500.0
500.0
500.0
500.0
500.0
500.0
500.0
500.0
500.0
500.0
500.0
500.0
500.0
500.0
500.0
500.0
500.0
500.0
500.0
500.0
500.0
500.0
500.0
500.0
500.0
500.0
500.0
500.0
500.0
500.0
500.0
500.0
500.0
500.0
500.0
500.0
500.0
500.0
500.0
500.0
500.0
500.0
500.0
500.0
500.0
29.0
500.0
500.0
500.0
500.0
500.0
75.0
500.0
500.0
500.0
500.0
500.0
500.0
500.0
500.0
500.0
500.0
500.0
500.0
500.0
500.0
500.0
500.0
500.0
500.0
500.0
500.0
500.0
500.0
500.0
500.0
500.0
500.0
500.0
500.0
500.0
500.0
500.0
500.0
200.0
500.0
500.0
500.0
500.0
500.0
500.0
500.0
500.0
500.0
500.0
500.0
500.0
499.0
500.0
500.0
500.0
500.0
500.0
500.0
500.0
500.0
500.0
500.0
500.0
500.0
500.0
500.0
500.0
500.0
500.0
500.0
500.0
500.0
500.0
500.0
500.0
500.0
500.0
500.0
500.0
500.0
500.0
500.0
500.0
500.0
500.0
500.0
500.0
500.0
500.0
500.0
500.0
500.0
500.0
500.0
500.0
500.0
500.0
500.0
500.0
500.0
500.0
500.0
500.0
500.0
500.0
500.0
500.0
500.0
500.0
500.0
500.0
500.0
500.0
500.0
500.0
500.0
500.0
500.0
500.0
500.0
500.0
500.0
500.0
500.0
500.0
500.0
500.0
500.0
500.0
500.0
500.0
500.0
500.0
500.0
500.0
500.0
500.0
500.0
500.0
500.0
500.0
500.0
500.0
500.0
500.0
500.0
500.0
500.0
500.0
500.0
500.0
500.0
500.0
500.0
500.0
500.0
500.0
500.0
500.0
500.0
500.0
500.0
500.0
500.0
500.0
500.0
500.0
500.0
500.0
500.0
500.0
500.0
500.0
500.0
500.0
500.0
500.0
500.0
500.0
149.0
500.0
500.0
500.0
500.0
500.0
500.0
500.0
500.0
500.0
500.0
500.0
500.0
500.0
500.0
500.0
500.0
500.0
500.0
500.0
500.0
500.0
500.0
500.0
500.0
500.0
500.0
500.0
500.0
500.0
500.0
500.0
500.0
500.0
500.0
500.0
500.0
500.0
500.0
500.0
500.0
500.0
500.0
500.0
500.0
500.0
500.0
500.0
500.0
500.0
500.0
500.0
261.0
500.0
500.0
500.0
500.0
500.0
500.0
500.0
500.0
500.0
500.0
500.0
500.0
500.0
500.0
500.0
500.0
500.0
500.0
500.0
500.0
500.0
500.0
500.0
500.0
500.0
500.0
500.0
500.0
500.0
500.0
326.0
500.0
233.0
500.0
500.0
500.0
500.0
500.0
500.0
500.0
309.0
500.0
500.0
500.0
500.0
500.0
500.0
500.0
500.0
500.0
500.0
500.0
500.0
416.0
500.0
500.0
500.0
500.0
500.0
500.0
500.0
500.0
500.0
500.0
500.0
500.0
500.0
500.0
500.0
500.0
500.0
500.0
500.0
500.0
500.0
500.0
500.0
249.0
500.0
500.0
500.0
500.0
500.0
307.0
500.0
500.0
500.0
500.0
500.0
500.0
500.0
500.0
500.0
500.0
500.0
450.0
372.0
500.0
500.0
500.0
324.0
500.0
500.0
500.0
500.0
500.0
500.0
500.0
237.0
500.0
500.0
500.0
500.0
500.0
500.0
500.0
500.0
500.0
500.0
500.0
500.0
500.0
500.0
500.0
500.0
500.0
500.0
500.0
500.0
500.0
500.0
500.0
500.0
500.0
500.0
500.0
500.0
500.0
500.0
500.0
500.0
500.0
500.0
500.0
500.0
500.0
500.0
500.0
500.0
500.0
500.0
500.0
500.0
500.0
500.0
500.0
500.0
500.0
500.0
500.0
500.0
500.0
500.0
500.0
500.0
500.0
500.0
500.0
500.0
500.0
500.0
500.0
500.0
500.0
500.0
500.0
500.0
500.0
500.0
500.0
500.0
500.0
500.0
500.0
500.0
500.0
500.0
500.0
500.0
500.0
500.0
500.0
500.0
500.0
500.0
500.0
500.0
500.0
500.0
500.0
176.0
500.0
500.0
500.0
500.0
500.0
500.0
500.0
500.0
500.0
500.0
500.0
500.0
500.0
500.0
500.0
500.0
500.0
500.0
500.0
500.0
500.0
500.0
500.0
500.0
500.0
500.0
500.0
500.0
403.0
500.0
500.0
500.0
500.0
500.0
500.0
500.0
500.0
500.0
500.0
359.0
500.0
500.0
500.0
500.0
500.0
500.0
500.0
500.0
500.0
500.0
500.0
500.0
500.0
500.0
500.0
500.0
176.0
500.0
500.0
500.0
500.0
500.0
500.0
500.0
500.0
500.0
500.0
500.0
500.0
500.0
500.0
500.0
500.0
500.0
500.0
500.0
500.0
500.0
500.0
500.0
500.0
500.0
500.0
493.0
500.0
500.0
500.0
500.0
500.0
500.0
500.0
500.0
500.0
500.0
500.0
500.0
500.0
500.0
500.0
500.0
500.0
500.0
500.0
500.0
500.0
500.0
500.0
500.0
500.0
500.0
500.0
500.0
500.0
500.0
500.0
500.0
500.0
500.0
500.0
500.0
500.0
216.0
500.0
500.0
500.0
500.0
500.0
500.0
500.0
500.0
500.0
500.0
500.0
500.0
500.0
500.0
500.0
500.0
500.0
500.0
500.0
500.0
500.0
500.0
500.0
500.0
500.0
500.0
500.0
500.0
500.0
500.0
500.0
500.0
500.0
500.0
500.0
500.0
500.0
500.0
500.0
500.0
500.0
500.0
500.0
500.0
500.0
500.0
500.0
500.0
500.0
500.0
500.0
500.0
500.0
500.0
500.0
500.0
172.0
500.0
500.0
500.0
500.0
500.0
500.0
500.0
500.0
409.0
500.0
500.0
500.0
500.0
500.0
500.0
500.0
500.0
500.0
500.0
500.0
500.0
500.0
500.0
500.0
500.0
500.0
500.0
500.0
500.0
500.0
500.0
500.0
500.0
500.0
500.0
500.0
500.0
500.0
500.0
500.0
500.0
500.0
500.0
500.0
500.0
500.0
500.0
500.0
500.0
500.0
500.0
500.0
500.0
500.0
500.0
500.0
500.0
500.0
500.0
500.0
500.0
500.0
500.0
500.0
500.0
500.0
500.0
500.0
287.0
500.0
500.0
500.0
500.0
500.0
500.0
500.0
500.0
500.0
500.0
500.0
500.0
500.0
500.0
500.0
500.0
500.0
500.0
500.0
500.0
500.0
395.0
500.0
500.0
500.0
426.0
500.0
500.0
500.0
500.0
500.0
500.0
500.0
500.0
500.0
500.0
306.0
500.0
500.0
253.0
500.0
500.0
500.0
500.0
500.0
500.0
500.0
500.0
500.0
500.0
500.0
500.0
500.0
500.0
500.0
500.0
500.0
500.0
500.0
500.0
500.0
500.0
500.0
500.0
500.0
500.0
500.0
500.0
198.0
500.0
500.0
500.0
500.0
500.0
500.0
500.0
346.0
500.0
431.0
500.0
500.0
500.0
500.0
465.0
500.0
457.0
500.0
400.0
413.0
500.0
286.0
500.0
500.0
262.0
246.0
128.0
168.0
500.0
101.0
500.0
289.0
466.0
500.0
500.0
213.0
500.0
422.0
155.0
140.0
500.0
500.0
74.0
193.0
136.0
500.0
500.0
278.0
253.0
500.0
100.0
500.0
500.0
500.0
272.0
500.0
500.0
205.0
500.0
425.0
500.0
500.0
378.0
443.0
500.0
500.0
27.0
125.0
176.0
106.0
500.0
239.0
485.0
214.0
500.0
500.0
500.0
492.0
500.0
77.0
500.0
116.0
336.0
500.0
500.0
427.0
187.0
500.0
500.0
208.0
500.0
357.0
493.0
500.0
500.0
194.0
500.0
360.0
500.0
500.0
500.0
494.0
316.0
273.0
500.0
260.0
66.0
304.0
500.0
233.0
500.0
500.0
500.0
500.0
84.0
500.0
357.0
460.0
431.0
196.0
500.0
318.0
500.0
500.0
500.0
347.0
363.0
500.0
437.0
500.0
190.0
500.0
500.0
426.0
500.0
330.0
500.0
168.0
49.0
164.0
201.0
500.0
86.0
500.0
500.0
339.0
500.0
100.0
500.0
500.0
500.0
466.0
500.0
69.0
204.0
393.0
500.0
500.0
500.0
500.0
500.0
316.0
500.0
500.0
500.0
500.0
361.0
234.0
500.0
362.0
500.0
500.0
241.0
479.0
500.0
500.0
500.0
500.0
500.0
500.0
500.0
151.0
454.0
500.0
421.0
394.0
171.0
106.0
250.0
500.0
392.0
119.0
500.0
500.0
500.0
338.0
86.0
212.0
500.0
500.0
500.0
260.0
500.0
500.0
500.0
193.0
391.0
265.0
500.0
250.0
109.0
500.0
500.0
470.0
124.0
500.0
500.0
500.0
500.0
441.0
500.0
500.0
500.0
386.0
163.0
500.0
322.0
500.0
500.0
500.0
463.0
271.0
500.0
500.0
500.0
500.0
500.0
500.0
238.0
500.0
88.0
375.0
500.0
120.0
327.0
500.0
500.0
42.0
500.0
500.0
500.0
500.0
500.0
500.0
500.0
500.0
133.0
500.0
500.0
500.0
500.0
240.0
500.0
500.0
500.0
500.0
399.0
500.0
500.0
500.0
500.0
500.0
500.0
500.0
500.0
500.0
500.0
500.0
500.0
90.0
500.0
500.0
500.0
500.0
500.0
485.0
116.0
406.0
500.0
500.0
500.0
500.0
500.0
500.0
500.0
500.0
500.0
500.0
500.0
500.0
500.0
500.0
500.0
500.0
500.0
500.0
500.0
500.0
500.0
500.0
500.0
500.0
500.0
500.0
500.0
500.0
500.0
500.0
500.0
500.0
500.0
500.0
500.0
500.0
500.0
500.0
500.0
500.0
500.0
500.0
500.0
500.0
500.0
500.0
500.0
500.0
500.0
500.0
469.0
435.0
500.0
500.0
407.0
477.0
418.0
500.0
500.0
500.0
500.0
500.0
456.0
500.0
500.0
500.0
500.0
488.0
485.0
500.0
500.0
500.0
422.0
500.0
500.0
500.0
500.0
500.0
500.0
500.0
500.0
500.0
500.0
424.0
500.0
500.0
490.0
500.0
500.0
500.0
500.0
500.0
500.0
421.0
381.0
434.0
500.0
468.0
500.0
500.0
500.0
500.0
500.0
500.0
500.0
479.0
500.0
500.0
500.0
500.0
500.0
500.0
500.0
427.0
500.0
500.0
408.0
500.0
500.0
500.0
500.0
500.0
390.0
500.0
500.0
477.0
500.0
500.0
500.0
500.0
500.0
500.0
500.0
500.0
500.0
500.0
462.0
500.0
500.0
447.0
500.0
500.0
433.0
500.0
500.0
500.0
500.0
500.0
470.0
500.0
500.0
500.0
500.0
500.0
500.0
500.0
500.0
500.0
475.0
500.0
500.0
500.0
500.0
465.0
500.0
500.0
500.0
500.0
500.0
500.0
129.0
500.0
500.0
500.0
500.0
500.0
500.0
500.0
500.0
500.0
500.0
500.0
500.0
486.0
500.0
500.0
341.0
500.0
500.0
500.0
500.0
500.0
500.0
500.0
500.0
500.0
500.0
500.0
500.0
500.0
409.0
500.0
500.0
500.0
434.0
500.0
500.0
500.0
469.0
500.0
449.0
500.0
414.0
472.0
424.0
449.0
395.0
500.0
374.0
500.0
396.0
500.0
500.0
500.0
354.0
500.0
500.0
500.0
500.0
500.0
500.0
312.0
500.0
500.0
500.0
500.0
437.0
500.0
475.0
500.0
463.0
500.0
500.0
500.0
500.0
500.0
500.0
500.0
500.0
500.0
500.0
500.0
500.0
500.0
500.0
388.0
500.0
500.0
500.0
500.0
500.0
500.0
500.0
500.0
500.0
260.0
474.0
500.0
415.0
500.0
500.0
500.0
500.0
500.0
500.0
500.0
500.0
500.0
500.0
500.0
500.0
500.0
500.0
500.0
500.0
500.0
500.0
500.0
500.0
500.0
298.0
500.0
500.0
349.0
500.0
500.0
500.0
500.0
500.0
500.0
500.0
500.0
500.0
500.0
500.0
500.0
500.0
500.0
500.0
500.0
500.0
200.0
207.0
500.0
500.0
500.0
500.0
500.0
500.0
500.0
500.0
500.0
500.0
500.0
500.0
500.0
500.0
500.0
500.0
288.0
373.0
222.0
500.0
500.0
424.0
500.0
410.0
334.0
500.0
500.0
500.0
431.0
500.0
500.0
83.0
366.0
365.0
321.0
500.0
305.0
307.0
455.0
457.0
500.0
500.0
500.0
448.0
140.0
500.0
500.0
500.0
500.0
500.0
500.0
445.0
500.0
393.0
437.0
447.0
387.0
393.0
431.0
500.0
500.0
427.0
404.0
500.0
500.0
297.0
500.0
329.0
438.0
500.0
472.0
371.0
423.0
375.0
437.0
402.0
473.0
500.0
407.0
457.0
500.0
500.0
457.0
439.0
500.0
500.0
500.0
500.0
465.0
189.0
500.0
500.0
500.0
42.0
35.0
500.0
500.0
56.0
70.0
37.0
30.0
255.0
198.0
221.0
54.0
42.0
42.0
105.0
209.0
89.0
111.0
179.0
167.0
68.0
323.0
189.0
466.0
500.0
369.0
76.0
500.0
500.0
163.0
500.0
434.0
500.0
371.0
500.0
500.0
36.0
319.0
500.0
500.0
500.0
500.0
46.0
500.0
322.0
500.0
500.0
500.0
282.0
500.0
362.0
500.0
500.0
500.0
500.0
500.0
500.0
500.0
277.0
500.0
500.0
500.0
426.0
500.0
500.0
73.0
500.0
500.0
415.0
500.0
500.0
500.0
500.0
500.0
500.0
96.0
406.0
456.0
500.0
398.0
500.0
500.0
500.0
500.0
500.0
500.0
500.0
500.0
500.0
222.0
500.0
94.0
164.0
500.0
500.0
487.0
58.0
395.0
392.0
500.0
210.0
449.0
500.0
500.0
500.0
500.0
500.0
500.0
500.0
500.0
500.0
500.0
500.0
292.0
500.0
500.0
500.0
500.0
500.0
500.0
500.0
500.0
500.0
500.0
500.0
500.0
500.0
500.0
500.0
500.0
500.0
500.0
500.0
500.0
500.0
500.0
500.0
500.0
500.0
500.0
388.0
453.0
500.0
475.0
403.0
363.0
500.0
500.0
500.0
500.0
500.0
500.0