9.0
9.0
9.0
8.0
9.0
11.0
8.0
8.0
9.0
11.0
9.0
10.0
9.0
9.0
10.0
10.0
12.0
11.0
11.0
11.0
11.0
10.0
10.0
9.0
12.0
12.0
12.0
11.0
10.0
12.0
15.0
11.0
17.0
15.0
11.0
11.0
17.0
17.0
15.0
12.0
11.0
16.0
10.0
18.0
19.0
19.0
12.0
20.0
24.0
11.0
17.0
22.0
11.0
29.0
21.0
31.0
16.0
25.0
34.0
48.0
17.0
60.0
44.0
36.0
34.0
31.0
35.0
27.0
56.0
11.0
41.0
38.0
34.0
43.0
65.0
15.0
42.0
23.0
40.0
18.0
24.0
34.0
47.0
50.0
47.0
169.0
14.0
51.0
31.0
195.0
35.0
162.0
48.0
235.0
173.0
84.0
66.0
38.0
132.0
32.0
64.0
49.0
24.0
32.0
66.0
88.0
46.0
48.0
34.0
32.0
55.0
74.0
47.0
135.0
156.0
214.0
125.0
57.0
72.0
50.0
129.0
358.0
277.0
112.0
137.0
90.0
51.0
48.0
127.0
143.0
117.0
175.0
138.0
144.0
179.0
87.0
139.0
36.0
206.0
93.0
110.0
281.0
155.0
67.0
75.0
108.0
119.0
52.0
352.0
256.0
81.0
70.0
110.0
157.0
97.0
59.0
170.0
53.0
52.0
101.0
31.0
127.0
171.0
63.0
277.0
80.0
137.0
496.0
491.0
110.0
342.0
84.0
226.0
383.0
381.0
496.0
80.0
193.0
118.0
428.0
91.0
95.0
500.0
197.0
62.0
119.0
283.0
301.0
141.0
83.0
177.0
477.0
386.0
394.0
77.0
448.0
500.0
297.0
329.0
158.0
236.0
166.0
66.0
250.0
174.0
164.0
68.0
280.0
49.0
314.0
181.0
103.0
223.0
430.0
79.0
110.0
500.0
500.0
181.0
121.0
76.0
333.0
67.0
278.0
500.0
332.0
96.0
164.0
222.0
201.0
125.0
217.0
94.0
83.0
141.0
137.0
190.0
112.0
160.0
71.0
192.0
381.0
82.0
181.0
133.0
213.0
204.0
98.0
101.0
135.0
63.0
64.0
70.0
305.0
195.0
84.0
121.0
118.0
178.0
152.0
276.0
160.0
89.0
125.0
136.0
156.0
106.0
111.0
150.0
200.0
100.0
136.0
185.0
142.0
429.0
165.0
170.0
142.0
249.0
203.0
249.0
125.0
195.0
141.0
245.0
258.0
171.0
172.0
160.0
194.0
262.0
177.0
185.0
170.0
119.0
195.0
168.0
239.0
98.0
207.0
124.0
81.0
319.0
206.0
217.0
53.0
184.0
185.0
140.0
220.0
146.0
166.0
128.0
75.0
178.0
140.0
153.0
262.0
160.0
90.0
183.0
255.0
119.0
259.0
215.0
178.0
78.0
169.0
148.0
161.0
161.0
198.0
171.0
233.0
106.0
183.0
86.0
192.0
141.0
155.0
106.0
226.0
171.0
193.0
92.0
136.0
92.0
112.0
148.0
185.0
152.0
204.0
190.0
200.0
103.0
116.0
191.0
167.0
158.0
135.0
193.0
18.0
158.0
173.0
187.0
121.0
132.0
203.0
162.0
206.0
245.0
150.0
222.0
204.0
183.0
170.0
207.0
243.0
229.0
193.0
141.0
186.0
192.0
229.0
171.0
200.0
166.0
285.0
194.0
131.0
214.0
199.0
136.0
168.0
269.0
207.0
194.0
143.0
249.0
213.0
217.0
160.0
121.0
244.0
195.0
269.0
137.0
165.0
209.0
226.0
159.0
176.0
208.0
224.0
201.0
180.0
188.0
164.0
174.0
164.0
247.0
210.0
220.0
156.0
206.0
197.0
132.0
141.0
214.0
226.0
192.0
164.0
111.0
220.0
190.0
182.0
200.0
106.0
161.0
209.0
156.0
221.0
97.0
173.0
119.0
221.0
114.0
196.0
140.0
377.0
221.0
270.0
249.0
163.0
217.0
151.0
162.0
68.0
207.0
144.0
271.0
175.0
107.0
164.0
127.0
172.0
220.0
128.0
169.0
179.0
210.0
171.0
201.0
116.0
143.0
133.0
310.0
134.0
230.0
148.0
110.0
199.0
197.0
167.0
198.0
196.0
196.0
210.0
186.0
187.0
268.0
207.0
216.0
63.0
179.0
229.0
208.0
245.0
120.0
192.0
140.0
191.0
128.0
107.0
99.0
197.0
156.0
163.0
183.0
313.0
144.0
133.0
174.0
199.0
209.0
157.0
202.0
219.0
117.0
137.0
156.0
112.0
127.0
113.0
102.0
114.0
127.0
111.0
168.0
221.0
141.0
225.0
131.0
178.0
111.0
188.0
165.0
223.0
205.0
95.0
126.0
134.0
104.0
160.0
147.0
125.0
139.0
189.0
123.0
166.0
122.0
164.0
87.0
109.0
38.0
159.0
102.0
113.0
243.0
114.0
89.0
193.0
101.0
118.0
154.0
85.0
174.0
104.0
111.0
22.0
136.0
284.0
99.0
60.0
60.0
159.0
105.0
120.0
126.0
187.0
161.0
112.0
180.0
90.0
91.0
143.0
197.0
82.0
75.0
107.0
285.0
111.0
82.0
50.0
129.0
149.0
40.0
21.0
40.0
29.0
129.0
111.0
30.0
164.0
52.0
62.0
38.0
28.0
45.0
67.0
38.0
22.0
29.0
29.0
68.0
28.0
65.0
19.0
47.0
36.0
67.0
87.0
35.0
19.0
46.0
52.0
16.0
25.0
63.0
61.0
74.0
30.0
70.0
40.0
19.0
17.0
11.0
11.0
77.0
13.0
18.0
10.0
20.0
82.0
13.0
53.0
48.0
133.0
14.0
67.0
27.0
138.0
32.0
69.0
15.0
182.0
156.0
83.0
115.0
195.0
155.0
72.0
121.0
215.0
125.0
161.0
271.0
243.0
360.0
295.0
62.0
48.0
248.0
76.0
248.0
80.0
243.0
67.0
350.0
127.0
329.0
226.0
96.0
256.0
141.0
206.0
253.0
127.0
180.0
315.0
258.0
86.0
132.0
98.0
141.0
181.0
171.0
30.0
86.0
172.0
114.0
148.0
69.0
165.0
83.0
138.0
312.0
39.0
228.0
242.0
119.0
233.0
192.0
11.0
194.0
66.0
191.0
207.0
200.0
12.0
148.0
221.0
15.0
204.0
295.0
143.0
92.0
111.0
233.0
154.0
237.0
137.0
165.0
98.0
155.0
238.0
132.0
230.0
328.0
226.0
97.0
309.0
135.0
86.0
149.0
175.0
88.0
157.0
104.0
85.0
276.0
91.0
231.0
241.0
136.0
270.0
148.0
145.0
128.0
296.0
11.0
243.0
216.0
106.0
132.0
196.0
60.0
192.0
220.0
178.0
184.0
227.0
10.0
182.0
191.0
269.0
185.0
224.0
248.0
194.0
194.0
183.0
205.0
231.0
303.0
239.0
190.0
117.0
227.0
128.0
175.0
172.0
255.0
269.0
178.0
230.0
168.0
241.0
79.0
278.0
185.0
189.0
139.0
169.0
155.0
220.0
188.0
203.0
247.0
208.0
162.0
134.0
186.0
151.0
40.0
206.0
267.0
208.0
98.0
163.0
183.0
147.0
164.0
173.0
187.0
87.0
275.0
35.0
134.0
210.0
181.0
347.0
324.0
104.0
217.0
170.0
132.0
182.0
124.0
323.0
280.0
163.0
190.0
177.0
120.0
310.0
131.0
144.0
202.0
193.0
169.0
171.0
125.0
139.0
143.0
188.0
189.0
239.0
213.0
180.0
214.0
120.0
132.0
239.0
193.0
205.0
198.0
259.0
188.0
141.0
102.0
123.0
147.0
208.0
190.0
218.0
267.0
120.0
160.0
192.0
315.0
171.0
259.0
251.0
165.0
183.0
230.0
151.0
165.0
296.0
120.0
136.0
148.0
194.0
151.0
129.0
205.0
304.0
157.0
199.0
176.0
98.0
155.0
196.0
205.0
209.0
250.0
235.0
196.0
207.0
207.0
188.0
128.0
221.0
76.0
166.0
252.0
108.0
179.0
213.0
183.0
267.0
157.0
335.0
156.0
182.0
171.0
121.0
140.0
93.0
169.0
323.0
177.0
89.0
252.0
175.0
221.0
225.0
167.0
187.0
215.0
341.0
227.0
36.0
190.0
216.0
206.0
163.0
285.0
215.0
251.0
113.0
189.0
284.0
224.0
139.0
166.0
254.0
280.0
256.0
212.0
182.0
214.0
277.0
216.0
191.0
193.0
68.0
204.0
160.0
149.0
140.0
76.0
297.0
226.0
352.0
183.0
175.0
382.0
322.0
452.0
331.0
131.0
114.0
135.0
163.0
144.0
33.0
259.0
158.0
134.0
124.0
174.0
133.0
148.0
191.0
54.0
300.0
164.0
139.0
152.0
130.0
232.0
192.0
421.0
155.0
263.0
126.0
190.0
233.0
222.0
263.0
162.0
212.0
150.0
190.0
184.0
60.0
191.0
196.0
180.0
138.0
274.0
144.0
178.0
161.0
126.0
113.0
157.0
262.0
109.0
151.0
176.0
226.0
104.0
98.0
366.0
40.0
148.0
226.0
199.0
157.0
139.0
180.0
152.0
58.0
146.0
161.0
41.0
290.0
131.0
163.0
153.0
138.0
92.0
155.0
125.0
146.0
250.0
149.0
186.0
194.0
254.0
147.0
191.0
157.0
124.0
46.0
194.0
149.0
171.0
179.0
117.0
120.0
139.0
114.0
132.0
126.0
213.0
133.0
128.0
264.0
149.0
152.0
119.0
152.0
238.0
150.0
58.0
224.0
121.0
177.0
72.0
168.0
56.0
134.0
161.0
151.0
149.0
200.0
148.0
189.0
219.0
128.0
77.0
219.0
59.0
179.0
167.0
152.0
112.0
122.0
172.0
215.0
104.0
199.0
177.0
51.0
150.0
25.0
136.0
86.0
255.0
156.0
215.0
252.0
79.0
159.0
244.0
185.0
140.0
115.0
195.0
151.0
123.0
85.0
69.0
134.0
223.0
212.0
189.0
196.0
332.0
118.0
219.0
324.0
173.0
48.0
272.0
166.0
280.0
157.0
126.0
201.0
165.0
125.0
173.0
262.0
85.0
42.0
122.0
218.0
53.0
102.0
257.0
67.0
218.0
222.0
162.0
230.0
203.0
144.0
174.0
49.0
103.0
224.0
194.0
147.0
98.0
127.0
184.0
177.0
168.0
209.0
136.0
262.0
276.0
210.0
136.0
119.0
210.0
156.0
242.0
250.0
200.0
192.0
150.0
131.0
71.0
124.0
204.0
167.0
268.0
136.0
206.0
148.0
209.0
126.0
95.0
262.0
54.0
168.0
208.0
250.0
228.0
256.0
188.0
173.0
192.0
194.0
143.0
235.0
129.0
242.0
192.0
166.0
236.0
199.0
202.0
98.0
341.0
201.0
291.0
129.0
195.0
92.0
35.0
233.0
120.0
259.0
265.0
163.0
266.0
229.0
284.0
279.0
144.0
210.0
319.0
244.0
150.0
249.0
135.0
197.0
154.0
66.0
191.0
93.0
236.0
180.0
160.0
163.0
179.0
256.0
269.0
339.0
221.0
223.0
113.0
186.0
157.0
37.0
132.0
262.0
264.0
230.0
157.0
329.0
178.0
200.0
260.0
315.0
192.0
181.0
158.0
293.0
107.0
225.0
141.0
187.0
218.0
222.0
260.0
38.0
145.0
229.0
127.0
92.0
160.0
199.0
135.0
139.0
132.0
157.0
122.0
223.0
260.0
143.0
292.0
233.0
63.0
160.0
202.0
196.0
330.0
141.0
220.0
15.0
177.0
220.0
140.0
168.0
146.0
296.0
209.0
175.0
236.0
168.0
215.0
179.0
118.0
41.0
242.0
165.0
145.0
500.0
211.0
160.0
221.0
292.0
160.0
189.0
152.0
172.0
248.0
309.0
219.0
162.0
188.0
212.0
104.0
131.0
199.0
199.0
35.0
233.0
123.0
202.0
235.0
244.0
227.0
143.0
187.0
117.0
131.0
114.0
228.0
137.0
255.0
229.0
210.0
155.0
292.0
251.0
31.0
245.0
133.0
185.0
284.0
396.0
229.0
116.0
245.0
175.0
239.0
181.0
165.0
270.0
12.0
160.0
257.0
166.0
182.0
162.0
149.0
157.0
206.0
308.0
119.0
246.0
185.0
149.0
112.0
124.0
227.0
317.0
186.0
145.0
183.0
134.0
106.0
156.0
198.0
147.0
145.0
292.0
243.0
125.0
145.0
195.0
268.0
161.0
186.0
232.0
105.0
186.0
172.0
228.0
271.0
151.0
74.0
220.0
265.0
33.0
223.0
97.0
236.0
197.0
131.0
98.0
174.0
166.0
209.0
204.0
237.0
133.0
320.0
171.0
58.0
225.0
169.0
210.0
172.0
223.0
12.0
133.0
199.0
105.0
128.0
198.0
106.0
143.0
279.0
130.0
232.0
118.0
145.0
126.0
194.0
145.0
148.0
201.0
196.0
394.0
258.0
162.0
149.0
147.0
254.0
170.0
129.0
229.0
55.0
151.0
156.0
228.0
154.0
175.0
301.0
73.0
132.0
208.0
216.0
254.0
284.0
192.0
134.0
161.0
286.0
216.0
170.0
186.0
195.0
271.0
177.0
189.0
320.0
187.0
261.0
244.0
236.0
220.0
219.0
257.0
198.0
189.0
121.0
231.0
120.0
264.0
184.0
286.0
233.0
134.0
255.0
149.0
207.0
154.0
222.0
197.0
154.0
163.0
210.0
237.0
266.0
180.0
253.0
164.0
182.0
150.0
239.0
178.0
119.0
133.0
72.0
231.0
152.0
136.0
169.0
187.0
201.0
218.0
164.0
398.0
127.0
287.0
234.0
221.0
103.0
237.0
175.0
238.0
226.0
265.0
221.0
345.0
146.0
174.0
187.0
195.0
200.0
193.0
335.0
140.0
290.0
211.0
248.0
263.0
208.0
173.0
272.0
248.0
161.0
133.0
237.0
254.0
168.0
233.0
268.0
355.0
279.0
207.0
255.0
273.0
168.0
237.0
268.0
165.0
141.0
115.0
128.0
211.0
112.0
174.0
180.0
262.0
213.0
158.0
141.0
187.0
145.0
371.0
210.0
149.0
233.0
172.0
230.0
218.0
285.0
242.0
155.0
157.0
282.0
488.0
152.0
278.0
164.0
307.0
189.0
190.0
239.0
114.0
176.0
18.0
165.0
318.0
163.0
296.0
140.0
235.0
198.0
149.0
262.0
161.0
88.0
219.0
215.0
162.0
224.0
161.0
146.0
376.0
120.0
178.0
89.0
180.0
91.0
152.0
160.0
261.0
265.0
204.0
227.0
178.0
284.0
226.0
279.0
156.0
172.0
254.0
203.0
250.0
257.0
219.0
137.0
191.0
250.0
249.0
279.0
134.0
136.0
176.0
141.0
205.0
134.0
282.0
149.0
209.0
136.0
147.0
118.0
146.0
137.0
177.0
117.0
223.0
267.0
165.0
157.0
154.0
153.0
326.0
73.0
184.0
159.0
147.0
500.0
120.0
208.0
184.0
151.0
127.0
213.0
322.0
330.0
128.0
188.0
161.0
149.0
149.0
224.0
196.0
141.0
135.0
207.0
383.0
167.0
288.0
188.0
140.0
289.0
123.0
199.0
500.0
98.0
199.0
136.0
270.0
141.0
240.0
183.0
153.0
145.0
187.0
448.0
135.0
165.0
139.0
157.0
152.0
167.0
160.0
397.0
218.0
128.0
309.0
155.0
114.0
158.0
165.0
171.0
428.0
316.0
157.0
244.0
225.0
150.0
168.0
179.0
192.0
122.0
218.0
207.0
244.0
313.0
149.0
218.0
237.0
206.0
302.0
170.0
307.0
265.0
55.0
286.0
253.0
246.0
173.0
169.0
181.0
131.0
200.0
165.0
135.0
161.0
140.0
144.0
268.0
147.0
152.0
194.0
148.0
186.0
242.0
500.0
287.0
157.0
162.0
216.0
229.0
146.0
145.0
159.0
171.0
201.0
228.0
265.0
132.0
140.0
279.0
266.0
130.0
224.0
159.0
216.0
254.0
184.0
113.0
204.0
139.0
135.0
36.0
73.0
140.0
236.0
13.0
174.0
167.0
225.0
158.0
174.0
325.0
184.0
132.0
367.0
500.0
189.0
178.0
200.0
178.0
153.0
129.0
324.0
242.0
151.0
234.0
128.0
143.0
168.0
175.0
121.0
174.0
275.0
250.0
161.0
247.0
137.0
206.0
161.0
131.0
191.0
186.0
204.0
185.0
253.0
256.0
147.0
214.0
194.0
168.0
201.0
123.0
196.0
206.0
500.0
225.0
171.0
192.0
296.0
267.0
154.0
201.0
30.0
238.0
157.0
260.0
211.0
248.0
141.0
196.0
299.0
172.0
200.0
227.0
214.0
126.0
155.0
263.0
245.0
148.0
189.0
171.0
187.0
201.0
172.0
159.0
247.0
169.0
337.0
233.0
210.0
424.0
136.0
171.0
172.0
123.0
240.0
217.0
294.0
190.0
198.0
193.0
202.0
210.0
141.0
242.0
173.0
355.0
122.0
309.0
300.0
137.0
271.0
138.0
148.0
164.0
125.0
202.0
279.0
188.0
295.0
198.0
161.0
171.0
125.0
230.0
350.0
184.0
45.0
204.0
157.0
147.0
318.0
132.0
178.0
216.0
201.0
167.0
169.0
107.0
245.0
162.0
171.0
299.0
220.0
174.0
325.0
152.0
193.0
219.0
219.0
114.0
203.0
241.0
172.0
158.0
138.0
223.0
173.0
162.0
134.0
133.0
144.0
239.0
190.0
210.0
142.0
190.0
140.0
147.0
131.0
268.0
269.0
177.0
122.0
246.0
243.0
173.0
75.0
143.0
225.0
183.0
192.0
219.0
153.0
217.0
320.0
192.0
200.0
143.0
197.0
232.0
133.0
217.0
240.0
220.0
278.0
250.0
211.0
198.0
218.0
133.0
145.0
226.0
138.0
141.0
154.0
189.0
269.0
168.0
196.0
148.0
365.0
186.0
263.0
236.0
164.0
117.0
184.0
218.0
183.0
215.0
173.0
192.0
134.0
307.0
367.0
182.0
230.0
256.0
221.0
145.0
193.0
317.0
161.0
145.0
234.0
172.0
377.0
216.0
139.0
231.0
194.0
238.0
188.0
200.0
133.0
239.0
201.0
301.0
322.0
133.0
118.0
215.0
229.0
206.0
233.0
178.0
240.0
287.0
129.0
164.0
115.0
301.0
164.0
273.0
154.0
304.0
121.0
234.0
232.0
229.0
158.0
282.0
463.0
164.0
294.0
171.0
408.0
126.0
126.0
138.0
148.0
174.0
140.0
200.0
187.0
267.0
261.0
174.0
159.0
168.0
218.0
138.0
155.0
227.0
183.0
148.0
274.0
253.0
382.0
185.0
178.0
214.0
361.0
140.0
184.0
291.0
203.0
221.0
167.0
198.0
377.0
253.0
118.0
127.0
489.0
244.0
120.0
180.0
311.0
248.0
275.0
139.0
127.0
186.0
211.0
171.0
166.0
259.0
163.0
131.0
138.0
287.0
155.0
196.0
254.0
136.0
204.0
300.0
119.0
144.0
141.0
215.0
197.0
127.0
231.0
182.0
185.0
181.0
282.0
251.0
226.0
170.0
404.0
272.0
333.0
123.0
266.0
241.0
200.0
225.0
214.0
191.0
206.0
197.0
192.0
196.0
192.0
290.0
192.0
160.0
347.0
209.0
245.0
250.0
301.0
221.0
155.0
289.0
114.0
230.0
162.0
228.0
238.0
193.0
205.0
249.0
448.0
195.0
181.0
369.0
268.0
191.0
225.0
331.0
297.0
134.0
221.0
92.0
241.0
128.0
133.0
500.0
194.0
168.0
205.0
145.0
122.0
166.0
231.0
183.0
66.0
211.0
111.0
255.0
129.0
179.0
322.0
142.0
319.0
245.0
327.0
241.0
222.0
244.0
223.0
138.0
266.0
90.0
196.0
153.0
231.0
162.0
276.0
344.0
170.0
281.0
176.0
150.0
269.0
292.0
161.0
114.0
157.0
196.0
118.0
71.0
168.0
120.0
109.0
185.0
50.0
119.0
135.0
156.0
116.0
134.0
31.0
222.0
101.0
133.0
158.0
108.0
88.0
108.0
306.0
43.0
312.0
342.0
500.0
149.0
160.0
133.0
99.0
47.0
155.0
87.0
110.0
62.0
91.0
313.0
377.0
218.0
129.0
188.0
148.0
82.0
115.0
144.0
123.0
115.0
147.0
141.0
138.0
78.0
123.0
500.0
68.0
29.0
136.0
271.0
43.0
88.0
96.0
61.0
77.0
139.0
153.0
33.0
176.0
412.0
88.0
258.0
138.0
40.0
42.0
53.0
331.0
147.0
500.0
244.0
500.0
316.0
174.0
278.0
429.0
427.0
186.0
500.0
500.0
297.0
500.0
494.0
439.0
500.0
500.0
126.0
43.0
154.0
31.0
124.0
164.0
208.0
163.0
309.0
48.0
126.0
397.0
63.0
329.0
240.0
497.0
447.0
478.0
110.0
500.0
277.0
500.0
500.0
500.0
264.0
500.0
191.0
500.0
500.0
460.0
185.0
157.0
456.0
298.0
37.0
141.0
445.0
500.0
500.0
370.0
333.0
500.0
500.0
134.0
500.0
500.0
415.0
500.0
500.0
351.0
150.0
135.0
261.0
171.0
500.0
342.0
263.0
213.0
483.0
297.0
80.0
380.0
213.0
195.0
408.0
36.0
320.0
500.0
500.0
181.0
234.0
213.0
488.0
500.0
218.0
176.0
500.0
500.0
270.0
496.0
403.0
500.0
500.0
258.0
408.0
500.0
500.0
500.0
500.0
26.0
500.0
480.0
500.0
500.0
500.0
473.0
187.0
209.0
266.0
258.0
136.0
243.0
500.0
457.0
203.0
500.0
134.0
466.0
456.0
235.0
153.0
393.0
180.0
112.0
500.0
143.0
314.0
122.0
325.0
500.0
188.0
312.0
500.0
493.0
366.0
155.0
254.0
367.0
338.0
103.0
500.0
500.0
500.0
500.0
269.0
500.0
201.0
500.0
428.0
500.0
500.0
500.0
500.0
500.0
470.0
448.0
68.0
463.0
219.0
500.0
226.0
480.0
242.0
130.0
371.0
468.0
432.0
485.0
455.0
434.0
500.0
439.0
500.0
500.0
500.0
497.0
139.0
500.0
211.0
500.0
346.0
500.0
317.0
268.0
325.0
500.0
469.0
312.0
345.0
185.0
500.0
415.0
79.0
127.0
186.0
60.0
273.0
500.0
196.0
43.0
387.0
463.0
500.0
294.0
500.0
500.0
217.0
395.0
280.0
36.0
468.0
470.0
197.0
500.0
388.0
448.0
427.0
286.0
355.0
404.0
500.0
212.0
286.0
377.0
500.0
432.0
497.0
500.0
172.0
500.0
235.0
392.0
301.0
500.0
221.0
247.0
194.0
500.0
272.0
500.0
228.0
242.0
478.0
97.0
447.0
335.0
500.0
446.0
408.0
264.0
500.0
500.0
171.0
181.0
500.0
428.0
500.0
214.0
500.0
180.0
270.0
248.0
500.0
171.0
15.0
500.0
437.0
144.0
237.0
216.0
161.0
222.0
294.0
166.0
218.0
500.0
500.0
197.0
357.0
500.0
500.0
392.0
500.0
500.0
500.0
500.0
144.0
48.0
188.0
500.0
500.0
205.0
500.0
500.0
463.0
224.0
500.0
312.0
500.0
500.0
162.0
500.0
500.0
295.0
164.0
500.0
500.0
249.0
500.0
485.0
500.0
500.0
500.0
500.0
257.0
500.0
258.0
396.0
500.0
347.0
500.0
98.0
500.0
280.0
500.0
184.0
500.0
472.0
500.0
500.0
176.0
500.0
500.0
500.0
500.0
65.0
500.0
225.0
500.0
136.0
500.0
500.0
364.0
500.0
500.0
500.0
93.0
465.0
456.0
500.0
284.0
500.0
500.0
305.0
190.0
500.0
468.0
500.0
500.0
500.0
500.0
500.0
500.0
500.0
500.0
500.0
500.0
500.0
500.0
500.0
500.0
393.0
500.0
500.0
188.0
226.0
500.0
134.0
99.0
500.0
239.0
242.0
95.0
500.0
500.0
500.0
500.0
500.0
500.0
252.0
404.0
236.0
500.0
500.0
500.0
263.0
500.0
500.0
500.0
207.0
129.0
500.0
500.0
451.0
120.0
335.0
253.0
500.0
500.0
500.0
500.0
500.0
433.0
500.0
228.0
500.0
500.0
174.0
500.0
500.0
124.0
500.0
500.0
325.0
500.0
500.0
347.0
297.0
500.0
500.0
429.0
232.0
500.0
500.0
301.0
500.0
500.0
255.0
234.0
342.0
500.0
454.0
500.0
291.0
207.0
500.0
500.0
252.0
500.0
500.0
500.0
500.0
160.0
500.0
77.0
500.0
500.0
500.0
500.0
500.0
286.0
500.0
500.0
318.0
500.0
381.0
500.0
500.0
500.0
384.0
500.0
500.0
500.0
500.0
500.0
500.0
500.0
201.0
359.0
500.0
199.0
500.0
500.0
500.0
225.0
500.0
167.0
500.0
500.0
141.0
500.0
37.0
484.0
57.0
500.0
152.0
494.0
133.0
500.0
500.0
488.0
500.0
500.0
500.0
316.0
500.0
500.0
441.0
149.0
500.0
455.0
500.0
500.0
500.0
500.0
500.0
500.0
215.0
500.0
500.0
500.0
500.0
500.0
500.0
500.0
372.0
202.0
500.0
500.0
500.0
344.0
458.0
500.0
500.0
500.0
500.0
500.0
500.0
500.0
123.0
500.0
500.0
500.0
500.0
500.0
470.0
500.0
393.0
295.0
437.0
500.0
500.0
500.0
500.0
210.0
500.0
294.0
500.0
500.0
500.0
328.0
500.0
500.0
500.0
500.0
500.0
407.0
500.0
500.0
500.0
179.0
226.0
293.0
500.0
500.0
484.0
500.0
134.0
500.0
500.0
384.0
500.0
84.0
500.0
144.0
237.0
155.0
324.0
500.0
500.0
135.0
260.0
500.0
500.0
280.0
177.0
500.0
382.0
500.0
500.0
82.0
500.0
297.0
500.0
500.0
500.0
294.0
126.0
500.0
436.0
46.0
301.0
500.0
388.0
212.0
217.0
500.0
500.0
199.0
500.0
130.0
500.0
500.0
500.0
353.0
305.0
500.0
500.0
500.0
374.0
500.0
500.0
97.0
500.0
486.0
500.0
263.0
500.0
500.0
500.0
500.0
170.0
427.0
500.0
126.0
500.0
82.0
500.0
500.0
500.0
500.0
222.0
500.0
89.0
500.0
196.0
500.0
500.0
500.0
500.0
353.0
500.0
500.0
286.0
500.0
335.0
337.0
500.0
311.0
500.0
500.0
500.0
500.0
83.0
412.0
500.0
500.0
414.0
235.0
500.0
125.0
388.0
500.0
151.0
500.0
226.0
500.0
500.0
430.0
500.0
248.0
478.0
500.0
182.0
500.0
500.0
500.0
254.0
500.0
449.0
500.0
500.0
500.0
221.0
500.0
500.0
468.0
399.0
500.0
179.0
203.0
500.0
387.0
500.0
500.0
500.0
500.0
124.0
315.0
426.0
331.0
500.0
500.0
274.0
204.0
455.0
500.0
184.0
500.0
500.0
500.0
500.0
231.0
141.0
500.0
500.0
284.0
500.0
500.0
151.0
500.0
500.0
500.0
500.0
500.0
500.0
500.0
500.0
500.0
500.0
500.0
500.0
41.0
134.0
500.0
188.0
500.0
311.0
152.0
24.0
80.0
500.0
500.0
368.0
500.0
500.0
500.0
80.0
151.0
129.0
500.0
500.0
134.0
500.0
500.0
420.0
446.0
500.0
500.0
500.0
216.0
500.0
88.0
500.0
500.0
500.0
500.0
465.0
500.0
116.0
500.0
500.0
500.0
441.0
216.0
500.0
373.0
500.0
500.0
459.0
500.0
48.0
241.0
500.0
500.0
500.0
500.0
500.0
500.0
298.0
500.0
500.0
500.0
500.0
500.0
500.0
422.0
24.0
500.0
118.0
136.0
389.0
133.0
255.0
425.0
470.0
500.0
396.0
409.0
169.0
235.0
500.0
264.0
500.0
213.0
500.0
500.0
500.0
485.0
486.0
500.0
500.0
500.0
500.0
466.0
500.0
500.0
500.0
500.0
448.0
360.0
32.0
500.0
334.0
500.0
169.0
500.0
196.0
459.0
500.0
179.0
500.0
500.0
188.0
500.0
500.0
446.0
500.0
305.0
500.0
115.0
500.0
500.0
143.0
362.0
90.0
258.0
475.0
288.0
472.0
500.0
178.0
500.0
385.0
41.0
486.0
219.0
500.0
144.0
73.0
224.0
500.0
63.0
500.0
386.0
500.0
500.0
304.0
382.0
235.0
446.0
500.0
400.0
268.0
485.0
500.0
101.0
500.0
254.0
174.0
338.0
500.0
449.0
360.0
322.0
228.0
61.0
192.0
500.0
500.0
413.0
203.0
227.0
403.0
500.0
351.0
51.0
320.0
280.0
485.0
500.0
333.0
279.0
304.0
500.0
500.0
500.0
199.0
500.0
448.0
470.0
344.0
500.0
500.0
208.0
500.0
222.0
370.0
500.0
430.0
328.0
183.0
500.0
500.0
178.0
176.0
315.0
500.0
500.0
318.0
500.0
444.0
500.0
170.0
230.0
137.0
332.0
321.0
176.0
262.0
500.0
125.0
500.0
429.0
500.0
500.0
443.0
120.0
500.0
500.0
463.0
360.0
500.0
421.0
500.0
500.0
386.0
151.0
175.0
313.0
475.0
500.0
381.0
421.0
500.0
500.0
500.0
500.0
500.0
170.0
139.0
277.0
500.0
500.0
500.0
140.0
299.0
476.0
75.0
124.0
185.0
498.0
500.0
467.0
438.0
500.0
500.0
400.0
471.0
404.0
37.0
448.0
500.0
500.0
500.0
245.0
500.0
500.0
500.0
454.0
454.0
500.0
500.0
262.0
463.0
140.0
381.0
385.0
494.0
418.0
462.0
500.0
247.0
313.0
483.0
73.0
116.0
192.0
327.0
247.0
450.0
500.0
60.0
234.0
500.0
500.0
500.0
500.0
479.0
343.0
166.0
500.0
220.0
156.0
500.0
260.0
419.0
192.0
303.0
500.0
500.0
83.0
500.0
373.0
364.0
265.0
246.0
49.0
425.0
407.0
194.0
147.0
132.0
500.0
81.0
500.0
500.0
500.0
434.0
500.0
160.0
304.0
341.0
160.0
240.0
266.0
465.0
388.0
500.0
33.0
139.0
221.0
409.0
145.0
306.0
272.0
287.0
376.0
382.0
122.0
438.0
211.0
403.0
330.0
407.0
318.0
99.0
272.0
243.0
307.0
288.0
158.0
369.0
295.0
228.0
470.0
262.0
375.0
271.0
112.0
127.0
260.0
500.0
466.0
439.0
500.0
97.0
242.0
169.0
362.0
181.0
222.0
172.0
223.0
377.0
290.0
329.0
190.0
81.0
197.0
408.0
274.0
108.0
201.0
228.0
158.0
500.0
500.0
500.0
326.0
211.0
278.0
249.0
500.0
286.0
500.0
473.0
353.0
277.0
221.0
500.0
116.0
500.0
240.0
434.0
500.0
470.0
237.0
161.0
379.0
240.0
500.0
433.0
370.0
500.0
404.0
302.0
406.0
292.0
500.0
500.0
500.0
266.0
262.0
322.0
500.0
319.0
492.0
191.0
337.0
475.0
373.0
500.0
500.0
441.0
355.0
279.0
264.0
112.0
151.0
291.0
381.0
152.0
171.0
272.0
342.0
145.0
141.0
285.0
474.0
296.0
296.0
130.0
234.0
479.0
500.0
361.0
327.0
448.0
395.0
374.0
500.0
362.0
465.0
500.0
244.0
385.0
384.0
367.0
334.0
150.0
500.0
276.0
153.0
452.0
273.0
341.0
107.0
216.0
398.0
176.0
500.0
244.0
500.0
491.0
240.0
353.0
258.0
185.0
500.0
416.0
167.0
342.0
175.0
103.0
224.0
500.0
499.0
500.0
145.0
95.0
270.0
105.0
153.0
456.0
500.0
262.0
359.0
465.0
164.0
123.0
306.0
186.0
500.0
336.0
316.0
296.0
500.0
477.0
166.0
384.0
498.0
156.0
104.0
431.0
500.0
301.0
438.0
355.0
101.0
500.0
500.0
225.0
314.0
200.0
457.0
316.0
500.0
500.0
197.0
370.0
192.0
500.0
252.0
500.0
229.0
349.0
187.0
500.0
500.0
500.0
183.0
348.0
387.0
351.0
343.0
139.0
265.0
384.0
222.0
500.0
204.0
328.0
201.0
103.0
194.0
213.0
296.0
200.0
216.0
207.0
154.0
259.0
204.0
119.0
210.0
259.0
319.0
205.0
375.0
134.0
181.0
118.0
197.0
144.0
165.0
128.0
131.0
112.0
230.0
134.0
175.0
138.0
132.0
134.0
142.0
333.0
196.0
103.0
235.0
106.0
103.0
244.0
206.0
500.0
195.0
223.0
110.0
183.0
226.0
253.0
211.0
281.0
176.0
269.0
215.0
271.0
196.0
237.0
191.0
266.0
214.0
235.0
79.0
179.0
62.0
345.0
247.0
183.0
247.0
190.0
168.0
308.0
164.0
165.0
249.0
253.0
298.0
179.0
197.0
207.0
159.0
26.0
254.0
129.0
365.0
269.0
264.0
181.0
89.0
286.0
112.0
97.0
302.0
102.0
114.0
215.0
264.0
190.0
287.0
164.0
301.0
237.0
179.0
168.0
189.0
332.0
212.0
153.0
294.0
141.0
173.0
191.0
140.0
320.0
166.0
196.0
162.0
244.0
200.0
277.0
223.0
181.0
344.0
204.0
170.0
195.0
295.0
354.0
449.0
194.0
257.0
270.0
203.0
253.0
119.0
226.0
196.0
242.0
193.0
272.0
170.0
179.0
174.0
195.0
14.0
164.0
181.0
144.0
243.0
149.0
118.0
392.0
277.0
136.0
115.0
302.0
191.0
139.0
256.0
193.0
234.0
240.0
136.0
163.0
180.0
280.0
375.0
95.0
263.0
182.0
239.0
160.0
114.0
245.0
273.0
266.0
306.0
202.0
368.0
314.0
290.0
238.0
89.0
286.0
237.0
164.0
243.0
231.0
270.0
195.0
180.0
241.0
93.0
254.0
273.0
319.0
187.0
28.0
217.0
324.0
283.0
242.0
374.0
229.0
275.0
185.0
314.0
207.0
158.0
189.0
166.0
104.0
460.0
204.0
278.0
184.0
203.0
159.0
253.0
284.0
198.0
222.0
269.0
500.0
247.0
240.0
158.0
285.0
153.0
181.0
218.0
182.0
246.0
217.0
194.0
295.0
243.0
500.0
168.0
97.0
281.0
347.0
346.0
255.0
232.0
274.0
264.0
165.0
173.0
205.0
224.0
381.0
325.0
217.0
152.0
201.0
215.0
199.0
198.0
313.0
175.0
148.0
280.0
193.0
332.0
355.0
222.0
150.0
118.0
209.0
172.0
228.0
171.0
226.0
100.0
136.0
170.0
180.0
171.0
312.0
178.0
281.0
212.0
348.0
153.0
145.0
246.0
91.0
275.0
248.0
182.0
143.0
208.0
143.0
142.0
259.0
212.0
224.0
191.0
29.0
296.0
201.0
83.0
152.0
219.0
191.0
261.0
230.0
135.0
257.0
179.0
19.0
361.0
191.0
268.0
223.0
235.0
392.0
173.0
31.0
232.0
172.0
238.0
151.0
145.0
260.0
249.0
187.0
288.0
56.0
77.0
239.0
222.0
156.0
318.0
170.0
70.0
288.0
179.0
252.0
338.0
148.0
236.0
256.0
226.0
132.0
232.0
220.0
171.0
347.0
369.0
227.0
154.0
187.0
221.0
245.0
254.0
236.0
224.0
238.0
84.0
500.0
325.0
218.0
248.0
315.0
322.0
105.0
243.0
249.0
341.0
231.0
245.0
205.0
394.0
47.0
184.0
299.0
200.0
166.0
263.0
182.0
14.0
292.0
180.0
205.0
192.0
156.0
343.0
477.0
14.0
26.0
110.0
135.0
369.0
229.0
195.0
182.0
227.0
164.0
112.0
227.0
343.0
203.0
248.0
102.0
373.0
239.0
192.0
145.0
195.0
123.0
221.0
235.0
250.0
275.0
238.0
204.0
191.0
162.0
176.0
233.0
204.0
267.0
340.0
336.0
257.0
197.0
232.0
239.0
197.0
205.0
315.0
307.0
31.0
306.0
176.0
279.0
183.0
192.0
229.0
283.0
200.0
228.0
49.0
297.0
199.0
388.0
116.0
188.0
180.0
364.0
170.0
209.0
259.0
130.0
417.0
332.0
466.0
241.0
61.0
108.0
290.0
297.0
70.0
303.0
259.0
188.0
295.0
204.0
224.0
244.0
192.0
262.0
156.0
150.0
216.0
263.0
239.0
246.0
222.0
323.0
228.0
249.0
193.0
290.0
353.0
156.0
187.0
220.0
159.0
275.0
202.0
166.0
204.0
249.0
285.0
284.0
119.0
178.0
340.0
172.0
228.0
253.0
170.0
233.0
196.0
167.0
244.0
69.0
149.0
231.0
500.0
195.0
187.0
89.0
272.0
280.0
129.0
234.0
183.0
31.0
413.0
262.0
218.0
234.0
140.0
22.0
267.0
289.0
176.0
92.0
201.0
232.0
350.0
269.0
345.0
213.0
162.0
222.0
285.0
185.0
303.0
107.0
222.0
300.0
500.0
246.0
304.0
211.0
240.0
303.0
226.0
255.0
338.0
245.0
267.0
21.0
205.0
286.0
241.0
183.0
349.0
253.0
236.0
177.0
176.0
22.0
211.0
327.0
178.0
204.0
255.0
342.0
283.0
212.0
171.0
189.0
248.0
250.0
336.0
191.0
326.0
157.0
277.0
249.0
248.0
153.0
391.0
123.0
88.0
121.0
202.0
138.0
269.0
304.0
174.0
180.0
93.0
317.0
159.0
78.0
161.0
225.0
127.0
330.0
220.0
312.0
500.0
268.0
202.0
180.0
249.0
54.0
261.0
217.0
26.0
206.0
338.0
170.0
209.0
214.0
206.0
112.0
237.0
226.0
181.0
208.0
283.0
208.0
150.0
298.0
161.0
389.0
166.0
263.0
117.0
213.0
222.0
261.0
203.0
175.0
211.0
19.0
219.0
230.0
229.0
225.0
255.0
139.0
210.0
189.0
167.0
127.0
131.0
195.0
211.0
278.0
293.0
217.0
135.0
172.0
184.0
286.0
159.0
174.0
218.0
281.0
171.0
227.0
173.0
157.0
136.0
218.0
21.0
17.0
176.0
111.0
189.0
188.0
275.0
153.0
133.0
278.0
223.0
285.0
133.0
465.0
41.0
107.0
138.0
137.0
193.0
120.0
111.0
236.0
166.0
250.0
286.0
191.0
246.0
149.0
179.0
161.0
161.0
223.0
94.0
186.0
215.0
203.0
212.0
183.0
118.0
152.0
191.0
200.0
204.0
308.0
77.0
95.0
181.0
228.0
202.0
139.0
260.0
38.0
313.0
241.0
189.0
238.0
180.0
205.0
228.0
211.0
313.0
175.0
151.0
224.0
158.0
35.0
265.0
200.0
172.0
206.0
207.0
117.0
131.0
73.0
278.0
251.0
103.0
152.0
198.0
11.0
234.0
276.0
180.0
167.0
165.0
378.0
268.0
226.0
157.0
182.0
228.0
206.0
241.0
199.0
389.0
295.0
253.0
184.0
317.0
277.0
218.0
139.0
362.0
292.0
278.0
100.0
247.0
75.0
95.0
250.0
183.0
55.0
148.0
286.0
205.0
84.0
254.0
249.0
103.0
300.0
219.0
278.0
345.0
218.0
152.0
350.0
205.0
207.0
319.0
204.0
222.0
182.0
145.0
280.0
361.0
258.0
181.0
183.0
188.0
130.0
179.0
151.0
133.0
91.0
277.0
56.0
143.0
232.0
232.0
239.0
157.0
26.0
205.0
218.0
147.0
128.0
193.0
152.0
13.0
125.0
134.0
286.0
61.0
205.0
193.0
251.0
227.0
130.0
225.0
327.0
364.0
219.0
244.0
141.0
223.0
208.0
179.0
107.0
176.0
395.0
139.0
358.0
124.0
245.0
53.0
174.0
128.0
149.0
186.0
155.0
48.0
243.0
176.0
225.0
260.0
132.0
106.0
354.0
147.0
165.0
141.0
245.0
213.0
293.0
211.0
180.0
195.0
227.0
208.0
212.0
81.0
169.0
299.0
224.0
241.0
103.0
110.0
226.0
318.0
239.0
292.0
134.0
227.0
121.0
222.0
165.0
121.0
151.0
129.0
236.0
354.0
183.0
163.0
161.0
500.0
258.0
231.0
20.0
83.0
411.0
229.0
169.0
339.0
189.0
201.0
160.0
420.0
37.0
142.0
234.0
211.0
242.0
201.0
250.0
211.0
152.0
500.0
389.0
184.0
171.0
146.0
213.0
203.0
212.0
231.0
126.0
196.0
168.0
96.0
232.0
212.0
174.0
280.0
195.0
313.0
239.0
175.0
146.0
247.0
123.0
258.0
117.0
325.0
222.0
209.0
206.0
210.0
256.0
237.0
354.0
215.0
452.0
244.0
119.0
237.0
190.0
120.0
171.0
169.0
229.0
193.0
190.0
196.0
214.0
230.0
230.0
262.0
31.0
142.0
248.0
212.0
150.0
416.0
108.0
116.0
220.0
258.0
129.0
59.0
95.0
209.0
231.0
228.0
174.0
331.0
342.0
227.0
344.0
250.0
198.0
183.0
12.0
245.0
132.0
156.0
129.0
178.0
338.0
321.0
114.0
303.0
122.0
288.0
215.0
66.0
246.0
116.0
143.0
279.0
202.0
131.0
128.0
202.0
261.0
116.0
202.0
253.0
241.0
230.0
235.0
178.0
68.0
225.0
234.0
193.0
157.0
279.0
203.0
163.0
195.0
195.0
193.0
135.0
217.0
371.0
216.0
160.0
141.0
285.0
161.0
245.0
215.0
187.0
120.0
241.0
344.0
161.0
49.0
17.0
127.0
226.0
113.0
323.0
200.0
186.0
231.0
200.0
275.0
197.0
203.0
323.0
153.0
273.0
262.0
467.0
252.0
195.0
130.0
248.0
350.0
271.0
238.0
379.0
315.0
410.0
133.0
181.0
74.0
125.0
233.0
219.0
125.0
39.0
81.0
376.0
433.0
500.0
435.0
500.0
68.0
149.0
433.0
500.0
488.0
443.0
277.0
478.0
404.0
478.0
408.0
453.0
411.0
213.0
500.0
500.0
500.0
373.0
108.0
150.0
500.0
495.0
500.0
500.0
308.0
500.0
462.0
440.0
360.0
451.0
290.0
242.0
140.0
288.0
134.0
500.0
495.0
314.0
360.0
270.0
272.0
493.0
412.0
220.0
103.0
186.0
500.0
354.0
47.0
110.0
353.0
500.0
256.0
104.0
186.0
237.0
494.0
242.0
230.0
147.0
153.0
216.0
191.0
500.0
205.0
137.0
262.0
406.0
500.0
317.0
405.0
294.0
469.0
447.0
334.0
297.0
170.0
467.0
467.0
500.0
500.0
216.0
445.0
500.0
155.0
247.0
500.0
500.0
352.0
500.0
500.0
476.0
476.0
500.0
474.0
252.0
500.0
478.0
459.0
500.0
500.0
500.0
500.0
500.0
500.0
365.0
500.0
155.0
235.0
500.0
449.0
500.0
500.0
244.0
499.0
500.0
119.0
500.0
500.0
232.0
500.0
500.0
500.0
375.0
500.0
263.0
99.0
195.0
107.0
96.0
163.0
65.0
269.0
272.0
310.0
500.0
500.0
459.0
500.0
500.0
300.0
390.0
269.0
172.0
500.0
462.0
299.0
500.0
451.0
500.0
486.0
430.0
500.0
459.0
500.0
500.0
500.0
500.0
500.0
500.0
414.0
498.0
500.0
500.0
482.0
83.0
482.0
447.0
449.0
326.0
22.0
500.0
427.0
52.0
500.0
500.0
499.0
316.0
198.0
500.0
418.0
500.0
264.0
500.0
500.0
9.0
476.0
258.0
201.0
430.0
319.0
422.0
456.0
500.0
375.0
358.0
108.0
462.0
165.0
500.0
443.0
414.0
143.0
351.0
477.0
215.0
500.0
500.0
9.0
500.0
148.0
407.0
410.0
321.0
475.0
392.0
302.0
500.0
245.0
294.0
256.0
20.0
283.0
498.0
500.0
366.0
312.0
500.0
500.0
17.0
11.0
372.0
308.0
500.0
500.0
317.0
494.0
500.0
500.0
17.0
490.0
500.0
482.0
340.0
500.0
386.0
377.0
428.0
445.0
500.0
500.0
460.0
469.0
341.0
499.0
464.0
500.0
417.0
362.0
310.0
500.0
383.0
236.0
210.0
307.0
500.0
500.0
477.0
187.0
386.0
500.0
421.0
498.0
392.0
268.0
382.0
500.0
145.0
129.0
209.0
285.0
500.0
242.0
406.0
274.0
500.0
16.0
417.0
383.0
500.0
485.0
367.0
500.0
480.0
476.0
372.0
203.0
442.0
500.0
500.0
500.0
500.0
366.0
487.0
287.0
500.0
500.0
249.0
426.0
453.0
476.0
463.0
500.0
411.0
500.0
500.0
500.0
392.0
500.0
486.0
500.0
264.0
363.0
458.0
217.0
126.0
13.0
446.0
415.0
455.0
500.0
443.0
466.0
500.0
385.0
490.0
458.0
13.0
500.0
500.0
500.0
280.0
219.0
410.0
431.0
500.0
500.0
500.0
500.0
402.0
413.0
21.0
468.0
497.0
256.0
442.0
172.0
461.0
405.0
500.0
391.0
479.0
383.0
430.0
417.0
463.0
459.0
270.0
318.0
295.0
436.0
315.0
9.0
297.0
304.0
279.0
400.0
334.0
500.0
500.0
500.0
500.0
412.0
500.0
23.0
500.0
39.0
440.0
500.0
488.0
354.0
312.0
500.0
443.0
500.0
321.0
500.0
500.0
426.0
500.0
452.0
451.0
14.0
404.0
484.0
500.0
291.0
500.0
10.0
119.0
264.0
500.0
48.0
475.0
500.0
226.0
500.0
296.0
294.0
500.0
422.0
10.0
281.0
417.0
395.0
466.0
317.0
500.0
500.0
325.0
500.0
418.0
396.0
490.0
289.0
500.0
500.0
500.0
286.0
477.0
500.0
430.0
123.0
460.0
500.0
500.0
415.0
416.0
274.0
457.0
500.0
500.0
500.0
500.0
324.0
479.0
500.0
500.0
468.0
500.0
500.0
500.0
242.0
438.0
211.0
411.0
225.0
363.0
319.0
283.0
398.0
223.0
446.0
307.0
287.0
224.0
500.0
500.0
400.0
500.0
482.0
483.0
500.0
258.0
272.0
181.0
441.0
169.0
463.0
500.0
500.0
293.0
211.0
202.0
181.0
319.0
500.0
400.0
500.0
500.0
468.0
500.0
349.0
403.0
500.0
500.0
285.0
500.0
500.0
500.0
456.0
500.0
500.0
500.0
500.0
500.0
500.0
500.0
495.0
500.0
500.0
483.0
500.0
437.0
378.0
384.0
308.0
475.0
258.0
447.0
500.0
340.0
317.0
199.0
426.0
500.0
500.0
500.0
451.0
500.0
500.0
500.0
482.0
272.0
500.0
500.0
500.0
424.0
500.0
443.0
279.0
500.0
500.0
500.0
369.0
500.0
14.0
500.0
500.0
440.0
220.0
353.0
177.0
500.0
347.0
500.0
300.0
402.0
401.0
500.0
500.0
340.0
500.0
500.0
500.0
500.0
365.0
367.0
500.0
500.0
500.0
458.0
500.0
500.0
478.0
500.0
500.0
459.0
500.0
500.0
500.0
496.0
494.0
500.0
500.0
453.0
468.0
348.0
429.0
500.0
475.0
500.0
500.0
460.0
500.0
485.0
464.0
383.0
444.0
419.0
335.0
494.0
500.0
343.0
500.0
291.0
285.0
485.0
422.0
500.0
323.0
458.0
87.0
500.0
379.0
300.0
476.0
483.0
455.0
500.0
11.0
500.0
277.0
330.0
321.0
440.0
500.0
500.0
397.0
395.0
454.0
304.0
500.0
500.0
169.0
466.0
265.0
327.0
376.0
384.0
282.0
11.0
500.0
497.0
296.0
500.0
164.0
448.0
430.0
500.0
308.0
172.0
399.0
318.0
16.0
412.0
342.0
402.0
500.0
388.0
425.0
467.0
405.0
356.0
500.0
500.0
311.0
277.0
108.0
349.0
337.0
500.0
500.0
465.0
328.0
500.0
451.0
295.0
262.0
294.0
500.0
306.0
500.0
265.0
415.0
343.0
500.0
500.0
500.0
375.0
369.0
500.0
245.0
474.0
409.0
254.0
465.0
240.0
325.0
226.0
500.0
351.0
252.0
215.0
274.0
163.0
276.0
388.0
212.0
263.0
322.0
298.0
184.0
428.0
226.0
486.0
480.0
167.0
185.0
249.0
16.0
261.0
315.0
360.0
266.0
77.0
500.0
270.0
199.0
414.0
268.0
372.0
208.0
445.0
300.0
255.0
442.0
144.0
434.0
258.0
414.0
258.0
233.0
363.0
337.0
500.0
284.0
141.0
282.0
411.0
94.0
454.0
347.0
35.0
165.0
364.0
34.0
329.0
475.0
500.0
35.0
98.0
268.0
222.0
376.0
264.0
314.0
302.0
252.0
455.0
195.0
403.0
395.0
308.0
69.0
29.0
74.0
500.0
19.0
165.0
287.0
332.0
229.0
343.0
263.0
62.0
500.0
262.0
196.0
10.0
479.0
403.0
196.0
74.0
371.0
185.0
157.0
219.0
124.0
370.0
268.0
172.0
41.0
443.0
128.0
106.0
292.0
500.0
267.0
47.0
129.0
465.0
84.0
498.0
54.0
377.0
408.0
230.0
271.0
465.0
416.0
185.0
204.0
105.0
243.0
306.0
203.0
500.0
286.0
290.0
343.0
238.0
149.0
28.0
57.0
127.0
268.0
401.0
264.0
107.0
133.0
109.0
408.0
435.0
302.0
94.0
171.0
408.0
40.0
43.0
29.0
200.0
88.0
24.0
26.0
94.0
129.0
16.0
12.0
62.0
83.0
55.0
147.0
63.0
98.0
303.0
52.0
13.0
308.0
302.0
256.0
45.0
46.0
13.0
496.0
71.0
67.0
67.0
199.0
260.0
29.0
96.0
9.0
46.0
142.0
20.0
39.0
276.0
355.0
88.0
194.0
247.0
254.0
302.0
208.0
300.0
343.0
187.0
32.0
210.0
327.0
150.0
171.0
108.0
197.0
40.0
109.0
66.0
101.0
48.0
115.0
153.0
207.0
67.0
407.0
370.0
415.0
27.0
286.0
119.0
34.0
371.0
343.0
117.0
141.0
163.0
330.0
292.0
287.0
171.0
373.0
10.0
129.0
54.0
24.0
193.0
130.0
141.0
171.0
43.0
460.0
165.0
64.0
188.0
190.0
204.0
208.0
101.0
163.0
140.0
188.0
312.0
235.0
51.0
145.0
355.0
57.0
9.0
500.0
447.0
387.0
373.0
32.0
75.0
336.0
280.0
200.0
204.0
138.0
359.0
150.0
230.0
16.0
104.0
190.0
205.0
80.0
137.0
187.0
28.0
254.0
302.0
179.0
247.0
71.0
234.0
500.0
446.0
45.0
436.0
265.0
395.0
345.0
500.0
158.0
411.0
392.0
295.0
86.0
34.0
475.0
474.0
425.0
241.0
500.0
500.0
127.0
81.0
321.0
308.0
54.0
500.0
329.0
163.0
384.0
500.0
209.0
358.0
500.0
448.0
424.0
84.0
241.0
248.0
243.0
254.0
84.0
500.0
442.0
296.0
113.0
500.0
46.0
296.0
73.0
446.0
69.0
152.0
500.0
298.0
156.0
364.0
114.0
214.0
500.0
452.0
379.0
264.0
109.0
168.0
500.0
138.0
153.0
130.0
224.0
169.0
322.0
245.0
500.0
500.0
390.0
305.0
46.0
469.0
351.0
500.0
320.0
404.0
467.0
500.0
368.0
56.0
183.0
340.0
96.0
390.0
420.0
218.0
228.0
385.0
431.0
427.0
494.0
500.0
364.0
248.0
471.0
500.0
500.0
500.0
332.0
490.0
500.0
500.0
432.0
298.0
99.0
500.0
438.0
429.0
500.0
500.0
500.0
500.0
500.0
500.0
311.0
500.0
500.0
471.0
500.0
302.0
500.0
137.0
500.0
500.0
258.0
500.0
455.0
500.0
351.0
419.0
52.0
500.0
500.0
500.0
254.0
500.0
500.0
497.0
282.0
500.0
401.0
466.0
500.0
256.0
280.0
500.0
102.0
195.0
220.0
471.0
500.0
50.0
300.0
500.0
500.0
500.0
500.0
360.0
500.0
69.0
109.0
250.0
165.0
273.0
474.0
500.0
500.0
89.0
447.0
186.0
500.0
500.0
500.0
500.0
366.0
500.0
445.0
472.0
424.0
500.0
500.0
138.0
488.0
108.0
120.0
364.0
349.0
500.0
500.0
172.0
460.0
500.0
407.0
500.0
59.0
492.0
477.0
346.0
500.0
383.0
428.0
321.0
396.0
386.0
500.0
396.0
473.0
487.0
466.0
73.0
37.0
500.0
494.0
166.0
500.0
500.0
291.0
500.0
500.0
479.0
76.0
500.0
500.0
497.0
500.0
395.0
474.0
500.0
110.0
500.0
500.0
112.0
417.0
453.0
330.0
47.0
436.0
93.0
500.0
468.0
500.0
133.0
500.0
500.0
500.0
487.0
300.0
493.0
500.0
156.0
490.0
496.0
500.0
500.0
289.0
344.0
500.0
285.0
500.0
465.0
500.0
500.0
83.0
141.0
500.0
455.0
417.0
500.0
370.0
500.0
500.0
417.0
471.0
500.0
87.0
500.0
278.0
500.0
485.0
380.0
418.0
500.0
390.0
78.0
340.0
342.0
360.0
416.0
468.0
500.0
500.0
500.0
404.0
500.0
432.0
500.0
500.0
500.0
500.0
422.0
487.0
453.0
486.0
334.0
451.0
500.0
423.0
462.0
500.0
500.0
498.0
474.0
386.0
500.0
439.0
392.0
406.0
410.0
332.0
425.0
445.0
441.0
493.0
297.0
455.0
500.0
290.0
500.0
500.0
500.0
486.0
500.0
415.0
500.0
500.0
489.0
299.0
326.0
407.0
257.0
373.0
340.0
483.0
500.0
485.0
500.0
500.0
312.0
481.0
500.0
500.0
500.0
428.0
500.0
378.0
500.0
500.0
387.0
453.0
500.0
273.0
500.0
290.0
393.0
302.0
369.0
390.0
380.0
353.0
479.0
500.0
500.0
276.0
500.0
500.0
479.0
500.0
357.0
377.0
435.0
500.0
442.0
500.0
378.0
366.0
500.0
329.0
500.0
500.0
271.0
409.0
500.0
349.0
435.0
500.0
435.0
500.0
500.0
387.0
500.0
472.0
500.0
500.0
84.0
500.0
453.0
293.0
391.0
500.0
500.0
500.0
478.0
500.0
261.0
500.0
500.0
344.0
500.0
476.0
500.0
500.0
500.0
500.0
500.0
483.0
228.0
500.0
463.0
275.0
500.0
500.0
335.0
495.0
283.0
462.0
350.0
500.0
500.0
500.0
500.0
500.0
411.0
500.0
344.0
259.0
500.0
500.0
427.0
305.0
495.0
500.0
323.0
43.0
500.0
373.0
399.0
441.0
422.0
329.0
500.0
266.0
317.0
392.0
304.0
500.0
500.0
485.0
336.0
500.0
407.0
314.0
476.0
321.0
59.0
219.0
352.0
365.0
500.0
436.0
411.0
333.0
491.0
498.0
500.0
500.0
493.0
395.0
406.0
498.0
475.0
437.0
500.0
500.0
500.0
207.0
500.0
403.0
325.0
349.0
500.0
411.0
395.0
500.0
431.0
476.0
430.0
459.0
296.0
331.0
452.0
500.0
258.0
335.0
445.0
314.0
210.0
294.0
417.0
381.0
500.0
500.0
500.0
370.0
338.0
453.0
255.0
364.0
500.0
404.0
335.0
500.0
339.0
398.0
500.0
189.0
448.0
500.0
373.0
278.0
500.0
500.0
370.0
500.0
500.0
500.0
500.0
500.0
500.0
445.0
500.0
395.0
468.0
321.0
467.0
326.0
258.0
354.0
417.0
500.0
465.0
432.0
263.0
308.0
384.0
500.0
500.0
490.0
500.0
345.0
500.0
461.0
500.0
431.0
376.0
357.0
500.0
459.0
394.0
500.0
417.0
331.0
414.0
288.0
500.0
404.0
500.0
337.0
433.0
500.0
333.0
327.0
184.0
280.0
322.0
500.0
261.0
500.0
359.0
376.0
332.0
430.0
500.0
374.0
435.0
441.0
481.0
434.0
209.0
388.0
448.0
500.0
474.0
298.0
500.0
377.0
387.0
395.0
430.0
497.0
500.0
438.0
500.0
366.0
366.0
105.0
500.0
500.0
500.0
364.0
464.0
500.0
500.0
500.0
493.0
453.0
500.0
500.0
500.0
370.0
500.0
500.0
500.0
260.0
500.0
89.0
500.0
500.0
495.0
500.0
500.0
397.0
465.0
326.0
500.0
130.0
477.0
341.0
500.0
500.0
277.0
192.0
405.0
500.0
500.0
500.0
56.0
213.0
268.0
246.0
337.0
363.0
365.0
497.0
484.0
500.0
500.0
500.0
321.0
442.0
500.0
500.0
500.0
500.0
500.0
500.0
348.0
423.0
500.0
500.0
419.0
261.0
371.0
448.0
244.0
332.0
475.0
500.0
500.0
500.0
486.0
261.0
310.0
500.0
343.0
500.0
467.0
374.0
308.0
479.0
460.0
500.0
500.0
367.0
500.0
376.0
500.0
500.0
500.0
385.0
500.0
313.0
500.0
464.0
374.0
500.0
500.0
374.0
500.0
500.0
460.0
424.0
500.0
438.0
500.0
24.0
500.0
354.0
500.0
500.0
500.0
429.0
500.0
400.0
500.0
500.0
471.0
417.0
500.0
412.0
500.0
290.0
500.0
383.0
430.0
500.0
500.0
500.0
500.0
251.0
263.0
500.0
500.0
194.0
465.0
298.0
500.0
500.0
500.0
500.0
500.0
301.0
500.0
500.0
500.0
500.0
446.0
500.0
500.0
500.0
368.0
31.0
479.0
393.0
470.0
500.0
356.0
500.0
500.0
421.0
500.0
183.0
408.0
417.0
500.0
285.0
279.0
491.0
475.0
500.0
464.0
357.0
500.0
500.0
500.0
500.0
465.0
381.0
461.0
410.0
190.0
351.0
272.0
262.0
323.0
209.0
228.0
230.0
461.0
161.0
271.0
303.0
224.0
286.0
401.0
417.0
297.0
343.0
392.0
251.0
232.0
268.0
265.0
263.0
210.0
335.0
347.0
438.0
431.0
257.0
394.0
219.0
254.0
280.0
455.0
439.0
176.0
267.0
216.0
210.0
167.0
500.0
330.0
212.0
246.0
357.0
268.0
319.0
223.0
198.0
270.0
169.0
254.0
241.0
201.0
295.0
324.0
150.0
500.0
392.0
262.0
226.0
260.0
216.0
382.0
371.0
367.0
369.0
500.0
326.0
308.0
451.0
497.0
250.0
365.0
292.0
270.0
322.0
266.0
238.0
351.0
293.0
264.0
257.0
262.0
356.0
277.0
335.0
500.0
382.0
351.0
246.0
312.0
317.0
259.0
344.0
185.0
338.0
488.0
500.0
387.0
458.0
407.0
284.0
307.0
314.0
245.0
276.0
263.0
202.0
258.0
308.0
197.0
225.0
263.0
247.0
162.0
242.0
180.0
176.0
245.0
286.0
239.0
242.0
500.0
228.0
252.0
228.0
289.0
279.0
196.0
273.0
500.0
233.0
198.0
197.0
199.0
213.0
266.0
138.0
487.0
163.0
173.0
364.0
207.0
421.0
246.0
198.0
175.0
384.0
248.0
391.0
201.0
191.0
344.0
259.0
192.0
239.0
194.0
312.0
175.0
212.0
202.0
248.0
199.0
179.0
247.0
399.0
399.0
264.0
225.0
176.0
375.0
176.0
141.0
110.0
335.0
312.0
220.0
180.0
325.0
254.0
222.0
286.0
280.0
290.0
151.0
183.0
318.0
226.0
265.0
190.0
237.0
202.0
258.0
276.0
237.0
243.0
238.0
175.0
155.0
357.0
250.0
241.0
216.0
286.0
171.0
378.0
257.0
270.0
293.0
331.0
187.0
357.0
191.0
263.0
253.0
151.0
209.0
251.0
180.0
212.0
287.0
223.0
213.0
364.0
258.0
331.0
308.0
154.0
216.0
302.0
254.0
354.0
275.0
228.0
197.0
258.0
282.0
310.0
343.0
344.0
263.0
215.0
179.0
272.0
342.0
279.0
252.0
370.0
352.0
218.0
211.0
180.0
269.0
500.0
190.0
174.0
201.0
395.0
322.0
185.0
285.0
160.0
117.0
184.0
279.0
352.0
332.0
186.0
437.0
289.0
179.0
253.0
197.0
327.0
187.0
271.0
228.0
250.0
255.0
246.0
207.0
243.0
347.0
280.0
259.0
309.0
232.0
377.0
386.0
279.0
179.0
272.0
445.0
320.0
229.0
316.0
173.0
258.0
256.0
314.0
268.0
285.0
215.0
174.0
229.0
185.0
274.0
301.0
390.0
219.0
231.0
260.0
326.0
489.0
175.0
177.0
500.0
336.0
174.0
83.0
280.0
230.0
326.0
269.0
362.0
258.0
189.0
343.0
241.0
240.0
434.0
238.0
252.0
272.0
429.0
321.0
202.0
378.0
288.0
447.0
174.0
240.0
236.0
223.0
500.0
249.0
377.0
203.0
383.0
370.0
236.0
311.0
260.0
364.0
205.0
210.0
200.0
212.0
249.0
296.0
220.0
244.0
80.0
252.0
193.0
346.0
375.0
333.0
451.0
249.0
305.0
129.0
435.0
240.0
286.0
351.0
193.0
480.0
237.0
318.0
256.0
349.0
316.0
230.0
224.0
376.0
228.0
268.0
249.0
185.0
309.0
326.0
286.0
267.0
296.0
214.0
274.0
342.0
249.0
216.0
229.0
500.0
206.0
224.0
195.0
292.0
56.0
485.0
328.0
197.0
314.0
222.0
223.0
311.0
140.0
266.0
342.0
248.0
243.0
336.0
169.0
212.0
217.0
420.0
372.0
289.0
265.0
334.0
219.0
336.0
200.0
231.0
328.0
224.0
335.0
329.0
324.0
328.0
232.0
336.0
361.0
322.0
500.0
281.0
182.0
315.0
364.0
219.0
500.0
217.0
294.0
364.0
262.0
339.0
349.0
369.0
312.0
172.0
230.0
289.0
305.0
114.0
461.0
303.0
312.0
342.0
338.0
52.0
215.0
279.0
366.0
276.0
439.0
227.0
349.0
223.0
340.0
463.0
283.0
295.0
317.0
310.0
373.0
149.0
253.0
260.0
302.0
292.0
500.0
316.0
102.0
215.0
257.0
179.0
234.0
172.0
302.0
303.0
408.0
149.0
500.0
71.0
299.0
239.0
48.0
120.0
83.0
170.0
59.0
130.0
362.0
500.0
500.0
479.0
431.0
500.0
500.0
308.0
187.0
402.0
108.0
337.0
154.0
204.0
500.0
241.0
500.0
300.0
500.0
272.0
113.0
488.0
308.0
426.0
490.0
332.0
230.0
439.0
109.0
187.0
500.0
119.0
218.0
202.0
362.0
144.0
45.0
234.0
247.0
295.0
187.0
500.0
198.0
341.0
500.0
248.0
219.0
255.0
127.0
225.0
484.0
500.0
500.0
433.0
148.0
152.0
152.0
246.0
270.0
233.0
473.0
270.0
219.0
313.0
88.0
282.0
123.0
91.0
294.0
211.0
310.0
342.0
500.0
481.0
500.0
242.0
336.0
307.0
84.0
150.0
303.0
292.0
169.0
229.0
323.0
222.0
254.0
183.0
361.0
500.0
357.0
144.0
170.0
178.0
362.0
109.0
497.0
349.0
251.0
355.0
497.0
476.0
443.0
498.0
221.0
60.0
420.0
423.0
373.0
78.0
113.0
294.0
500.0
405.0
469.0
474.0
439.0
411.0
180.0
364.0
500.0
258.0
500.0
447.0
82.0
388.0
372.0
500.0
500.0
473.0
62.0
500.0
250.0
500.0
500.0
498.0
469.0
494.0
339.0
500.0
500.0
500.0
500.0
495.0
365.0
500.0
500.0
500.0
500.0
500.0
500.0
500.0
253.0
292.0
447.0
492.0
15.0
500.0
447.0
500.0
500.0
480.0
500.0
500.0
261.0
500.0
480.0
500.0
500.0
500.0
462.0
500.0
485.0
114.0
435.0
500.0
500.0
500.0
500.0
431.0
500.0
500.0
500.0
178.0
475.0
438.0
500.0
500.0
500.0
489.0
500.0
500.0
500.0
500.0
500.0
500.0
500.0
444.0
500.0
143.0
353.0
370.0
500.0
449.0
402.0
500.0
394.0
455.0
111.0
500.0
380.0
500.0
400.0
500.0
500.0
97.0
472.0
500.0
382.0
397.0
238.0
500.0
154.0
500.0
500.0
356.0
500.0
500.0
500.0
500.0
500.0
500.0
412.0
500.0
320.0
216.0
386.0
240.0
340.0
500.0
500.0
282.0
500.0
500.0
223.0
500.0
500.0
500.0
403.0
470.0
189.0
362.0
500.0
220.0
347.0
500.0
484.0
500.0
500.0
329.0
500.0
437.0
285.0
500.0
380.0
500.0
500.0
477.0
500.0
500.0
472.0
500.0
500.0
276.0
470.0
500.0
264.0
487.0
495.0
323.0
500.0
500.0
500.0
500.0
500.0
500.0
500.0
500.0
342.0
500.0
500.0
500.0
500.0
500.0
500.0
206.0
500.0
500.0
500.0
500.0
500.0
500.0
500.0
500.0
117.0
500.0
500.0
263.0
455.0
499.0
416.0
500.0
500.0
500.0
500.0
500.0
483.0
500.0
39.0
500.0
422.0
471.0
500.0
500.0
500.0
336.0
500.0
500.0
500.0
424.0
334.0
500.0
500.0
500.0
500.0
500.0
500.0
500.0
500.0
500.0
460.0
500.0
500.0
500.0
334.0
500.0
500.0
500.0
500.0
500.0
246.0
283.0
500.0
500.0
500.0
135.0
259.0
500.0
500.0
500.0
500.0
500.0
279.0
500.0
500.0
500.0
416.0
205.0
400.0
500.0
500.0
500.0
500.0
492.0
500.0
500.0
500.0
417.0
500.0
500.0
316.0
500.0
321.0
486.0
500.0
380.0
500.0
500.0
489.0
443.0
500.0
500.0
500.0
396.0
500.0
500.0
481.0
500.0
500.0
500.0
87.0
272.0
500.0
500.0
284.0
500.0
500.0
500.0
377.0
500.0
500.0
500.0
115.0
500.0
500.0
500.0
500.0
500.0
500.0
500.0
500.0
500.0
428.0
500.0
146.0
403.0
500.0
500.0
332.0
500.0
500.0
500.0
145.0
286.0
500.0
358.0
500.0
500.0
500.0
500.0
500.0
500.0
500.0
95.0
500.0
500.0
500.0
457.0
247.0
500.0
500.0
500.0
500.0
451.0
500.0
374.0
236.0
402.0
468.0
500.0
311.0
183.0
120.0
500.0
500.0
456.0
500.0
381.0
500.0
363.0
500.0
110.0
403.0
287.0
373.0
500.0
500.0
500.0
371.0
375.0
500.0
370.0
500.0
385.0
375.0
346.0
296.0
383.0
500.0
361.0
355.0
500.0
500.0
371.0
385.0
500.0
328.0
434.0
500.0
153.0
388.0
366.0
500.0
500.0
500.0
500.0
453.0
500.0
500.0
500.0
500.0
500.0
500.0
500.0
500.0
500.0
500.0
500.0
500.0
431.0
433.0
500.0
500.0
500.0
500.0
465.0
500.0
471.0
497.0
392.0
500.0
500.0
500.0
438.0
500.0
220.0
500.0
341.0
500.0
500.0
384.0
412.0
500.0
500.0
373.0
500.0
460.0
255.0
345.0
500.0
500.0
381.0
500.0
192.0
427.0
91.0
192.0
500.0
362.0
500.0
168.0
225.0
257.0
500.0
154.0
190.0
500.0
176.0
89.0
32.0
238.0
500.0
399.0
423.0
142.0
433.0
206.0
416.0
480.0
500.0
401.0
458.0
130.0
200.0
500.0
500.0
500.0
313.0
500.0
500.0
500.0
500.0
490.0
500.0
500.0
500.0
500.0
500.0
500.0
500.0
500.0
500.0
500.0
500.0
500.0
500.0
500.0
82.0
500.0
500.0
500.0
500.0
500.0
500.0
500.0
500.0
500.0
500.0
500.0
500.0
500.0
500.0
500.0
500.0
500.0
275.0
500.0
500.0
500.0
500.0
500.0
232.0
500.0
500.0
500.0
500.0
439.0
477.0
500.0
500.0
500.0
406.0
381.0
500.0
476.0
445.0
500.0
427.0
500.0
500.0
500.0
500.0
500.0
500.0
500.0
492.0
500.0
500.0
500.0
500.0
420.0
500.0
500.0
500.0
357.0
500.0
327.0
500.0
500.0
500.0
500.0
240.0
419.0
500.0
500.0
500.0
500.0
374.0
500.0
500.0
500.0
500.0
500.0
385.0
500.0
500.0
477.0
500.0
500.0
500.0
234.0
482.0
481.0
393.0
417.0
500.0
500.0
500.0
500.0
500.0
496.0
500.0
500.0
500.0
382.0
500.0
11.0
500.0
470.0
500.0
500.0
500.0
500.0
500.0
484.0
347.0
487.0
329.0
500.0
500.0
500.0
500.0
500.0
500.0
500.0
500.0
500.0
480.0
500.0
249.0
500.0
500.0
500.0
485.0
500.0
459.0
500.0
500.0
500.0
500.0
500.0
446.0
444.0
351.0
500.0
500.0
500.0
379.0
500.0
500.0
377.0
500.0
500.0
390.0
500.0
500.0
500.0
500.0
500.0
500.0
500.0
500.0
500.0
459.0
500.0
500.0
499.0
450.0
500.0
500.0
500.0
500.0
500.0
298.0
500.0
500.0
500.0
55.0
500.0
500.0
500.0
500.0
309.0
500.0
500.0
500.0
500.0
500.0
500.0
500.0
500.0
500.0
500.0
500.0
363.0
500.0
500.0
500.0
500.0
400.0
452.0
401.0
500.0
500.0
407.0
428.0
402.0
104.0
500.0
500.0
500.0
500.0
500.0
500.0
500.0
466.0
500.0
500.0
435.0
451.0
500.0
500.0
500.0
500.0
500.0
500.0
339.0
500.0
500.0
494.0
488.0
500.0
157.0
500.0
500.0
500.0
191.0
500.0
124.0
500.0
266.0
500.0
500.0
500.0
500.0
481.0
375.0
500.0
500.0
500.0
500.0
500.0
500.0
500.0
499.0
216.0
500.0
500.0
500.0
500.0
500.0
488.0
500.0
435.0
500.0
500.0
157.0
500.0
500.0
500.0
500.0
500.0
500.0
500.0
500.0
444.0
422.0
500.0
446.0
500.0
500.0
500.0
500.0
500.0
500.0
376.0
500.0
500.0
500.0
500.0
500.0
500.0
500.0
500.0
500.0
500.0
381.0
500.0
500.0
500.0
500.0
500.0
500.0
500.0
500.0
500.0
500.0
500.0
500.0
500.0
457.0
132.0
420.0
500.0
500.0
500.0
463.0
500.0
500.0
470.0
500.0
500.0
500.0
500.0
500.0
406.0
500.0
500.0
500.0
500.0
500.0
500.0
115.0
500.0
435.0
337.0
500.0
484.0
500.0
460.0
421.0
500.0
500.0
227.0
500.0
85.0
500.0
500.0
500.0
376.0
500.0
500.0
468.0
500.0
500.0
74.0
500.0
500.0
500.0
500.0
484.0
500.0
500.0
500.0
500.0
198.0
500.0
464.0
500.0
500.0
500.0
500.0
500.0
500.0
500.0
500.0
500.0
500.0
500.0
431.0
460.0
385.0
500.0
500.0
376.0
500.0
209.0
437.0
500.0
500.0
499.0
391.0
481.0
500.0
333.0
493.0
366.0
358.0
500.0
500.0
500.0
500.0
500.0
500.0
500.0
500.0
500.0
500.0
500.0
500.0
500.0
500.0
500.0
500.0
500.0
500.0
500.0
500.0
500.0
500.0
500.0
500.0
500.0
500.0
500.0
500.0
500.0
500.0
500.0
500.0
500.0
500.0
500.0
500.0
500.0
500.0
500.0
500.0
500.0
500.0
484.0
500.0
500.0
500.0
195.0
500.0
500.0
500.0
500.0
500.0
500.0
473.0
500.0
500.0
500.0
500.0
500.0
500.0
500.0
500.0
500.0
500.0
500.0
500.0
500.0
500.0
500.0
500.0
500.0
500.0
500.0
500.0
500.0
500.0
500.0
500.0
500.0
500.0
482.0
500.0
500.0
500.0
500.0
500.0
500.0
500.0
500.0
500.0
500.0
500.0
500.0
500.0
500.0
500.0
342.0
500.0
500.0
500.0
500.0
500.0
500.0
500.0
500.0
500.0
452.0
500.0
500.0
500.0
423.0
500.0
453.0
500.0
500.0
454.0
500.0
500.0
500.0
500.0
483.0
468.0
500.0
211.0
500.0
500.0
500.0
500.0
500.0
500.0
389.0
500.0
500.0
500.0
445.0
500.0
500.0
162.0
464.0
330.0
500.0
500.0
500.0
500.0
500.0
14.0
500.0
500.0
500.0
500.0
500.0
500.0
500.0
500.0
500.0
500.0
468.0
500.0
500.0
500.0
500.0
500.0
500.0
500.0
500.0
500.0
500.0
500.0
500.0
500.0
500.0
500.0
500.0
500.0
500.0
500.0
500.0
500.0
500.0
500.0
500.0
500.0
500.0
500.0
500.0
500.0
500.0
500.0
500.0
500.0
500.0
500.0
500.0
500.0
500.0
500.0
500.0
500.0
500.0
500.0
500.0
500.0
500.0
500.0
500.0
500.0
500.0
500.0
500.0
482.0
416.0
500.0
500.0
500.0
500.0
500.0
500.0
500.0
500.0
500.0
370.0
500.0
500.0
500.0
500.0
500.0
500.0
500.0
500.0
500.0
500.0
85.0
500.0
500.0
500.0
500.0
500.0
500.0
212.0
98.0
500.0
85.0
154.0
500.0
500.0
500.0
500.0
500.0
500.0
500.0
476.0
500.0
500.0
67.0
500.0
500.0
500.0
500.0
500.0
500.0
229.0
353.0
500.0
500.0
500.0
500.0
363.0
300.0
487.0
500.0
500.0
500.0
379.0
500.0
500.0
500.0
500.0
500.0
500.0
500.0
500.0
500.0
500.0
500.0
500.0
500.0
500.0
500.0
500.0
500.0
500.0
500.0
430.0
500.0
500.0
500.0
500.0
500.0
500.0
465.0
500.0
500.0
404.0
451.0
500.0
500.0
500.0
500.0
500.0
500.0
500.0
407.0
500.0
230.0
500.0
500.0
483.0
500.0
490.0
500.0
500.0
500.0
500.0
500.0
500.0
500.0
500.0
500.0
500.0
500.0
500.0
500.0
500.0
459.0
479.0
500.0
500.0
383.0
500.0
500.0
500.0
500.0
500.0
500.0
500.0
500.0
500.0
500.0
500.0
500.0
500.0
228.0
500.0
500.0
500.0
500.0
500.0
475.0
500.0
500.0
500.0
421.0
500.0
500.0
500.0
500.0
500.0
500.0
500.0
500.0
48.0
95.0
500.0
500.0
390.0
500.0
500.0
500.0
500.0
500.0
500.0
500.0
500.0
500.0
500.0
500.0
500.0
500.0
500.0
425.0
500.0
260.0
500.0
500.0
500.0
500.0
500.0
500.0
500.0
500.0
500.0
500.0
493.0
417.0
500.0
500.0
500.0
463.0
500.0
500.0
173.0
460.0
486.0
500.0
500.0
500.0
500.0
500.0
500.0
498.0
500.0
500.0
500.0
500.0
500.0
420.0
500.0
500.0
500.0
500.0
500.0
500.0
500.0
500.0
500.0
500.0
500.0
500.0
500.0
411.0
500.0
500.0
500.0
496.0
500.0
439.0
500.0
500.0
500.0
500.0
500.0
500.0
500.0
500.0
500.0
500.0
500.0
500.0
500.0
488.0
500.0
500.0
500.0
500.0
500.0
500.0
371.0
500.0
500.0
469.0
500.0
500.0
500.0
500.0
500.0
500.0
500.0
500.0
500.0
454.0
500.0
500.0
359.0
500.0
500.0
500.0
500.0
500.0
500.0
500.0
500.0
500.0
500.0
500.0
500.0
444.0
500.0
500.0
500.0
500.0
500.0
500.0
500.0
462.0
500.0
500.0
500.0
500.0
500.0
500.0
500.0
500.0
500.0
500.0
500.0
409.0
500.0
500.0
406.0
500.0
500.0
500.0
500.0
500.0
500.0
500.0
500.0
435.0
500.0
484.0
500.0
460.0
500.0
500.0
500.0
231.0
500.0
265.0
500.0
500.0
122.0
500.0
500.0
500.0
95.0
500.0
500.0
85.0
500.0
308.0
500.0
500.0
103.0
285.0
488.0
500.0
500.0
500.0
500.0
500.0
500.0
500.0
500.0
500.0
500.0
500.0
441.0
500.0
500.0
500.0
438.0
500.0
500.0
500.0
500.0
500.0
500.0
500.0
500.0
500.0
500.0
491.0
500.0
500.0
500.0
406.0
500.0
500.0
500.0
500.0
500.0
500.0
500.0
500.0
500.0
500.0
500.0
500.0
500.0
500.0
500.0
500.0
500.0
500.0
459.0
500.0
500.0
500.0
500.0
428.0
472.0
500.0
500.0
500.0
500.0
270.0
500.0
500.0
500.0
500.0
500.0
500.0
500.0
500.0
500.0
500.0
500.0
500.0
500.0
500.0
500.0
500.0
500.0
500.0
500.0
500.0
500.0
500.0
500.0
500.0
500.0
500.0
500.0
500.0
500.0
500.0
500.0
500.0
500.0
500.0
500.0
500.0
500.0
500.0
391.0
500.0
500.0
500.0
119.0
500.0
500.0
500.0
500.0
500.0
500.0
53.0
500.0
500.0
500.0
500.0
500.0
395.0
500.0
500.0
500.0
407.0
123.0
157.0
58.0
500.0
409.0
500.0
500.0
384.0
396.0
500.0
500.0
500.0
299.0
500.0
394.0
500.0
284.0
500.0
500.0
500.0
85.0
500.0
290.0
387.0
500.0
500.0
500.0
500.0
500.0
500.0
500.0
500.0
452.0
500.0
500.0
500.0
500.0
500.0
500.0
500.0
500.0
500.0
500.0
500.0
500.0
500.0
500.0
500.0
500.0
500.0
500.0
500.0
500.0
500.0
500.0
500.0
500.0
500.0
500.0
500.0
500.0
500.0
500.0
500.0
500.0
500.0
500.0
500.0
477.0
500.0
500.0
500.0
500.0
484.0
500.0
500.0
500.0
498.0
500.0
500.0
146.0
500.0
500.0
140.0
347.0
395.0
478.0
468.0
297.0
310.0
445.0
500.0
500.0
62.0
196.0
500.0
40.0
500.0
500.0
500.0
500.0
500.0
500.0
500.0
500.0
500.0
500.0
500.0
500.0
500.0
500.0
500.0
500.0
500.0
500.0
500.0
500.0
500.0
500.0
500.0
500.0
500.0
500.0
500.0
500.0
38.0
500.0
500.0
500.0
500.0
369.0
440.0
129.0
500.0
500.0
500.0
500.0
500.0
500.0
404.0
500.0
500.0
500.0
500.0
500.0
500.0
500.0
500.0
500.0
500.0
500.0
500.0
500.0
500.0
500.0
500.0
500.0
500.0
500.0
456.0
500.0
500.0
500.0
500.0
500.0
500.0
500.0
500.0
500.0
500.0
141.0
385.0
475.0
500.0
500.0
396.0
500.0
404.0
500.0
367.0
415.0
267.0
500.0
180.0
113.0
220.0
306.0
500.0
500.0
235.0
500.0
500.0
454.0
340.0
429.0
100.0
243.0
392.0
380.0
500.0
375.0
180.0
500.0
500.0
288.0
500.0
172.0
500.0
500.0
497.0
500.0
500.0
70.0
500.0
78.0
437.0
118.0
142.0
500.0
500.0
81.0
178.0
500.0
127.0
382.0
500.0
500.0
500.0
82.0
362.0
500.0
500.0
340.0
500.0
500.0
92.0
500.0
500.0
500.0
500.0
500.0
500.0
127.0
439.0
500.0
261.0
500.0
500.0
397.0
500.0
344.0
177.0
26.0
203.0
500.0
500.0
500.0
160.0
500.0
479.0
500.0
346.0
494.0
446.0
500.0
500.0
500.0
500.0
96.0
280.0
138.0
500.0
430.0
500.0
279.0
235.0
178.0
103.0
500.0
265.0
500.0
500.0
500.0
228.0
500.0
500.0
500.0
500.0
500.0
500.0
500.0
58.0
500.0
500.0
139.0
500.0
500.0
500.0
500.0
500.0
500.0
500.0
500.0
500.0
500.0
450.0
451.0
500.0
500.0
500.0
500.0
500.0
500.0
500.0
500.0
500.0
218.0
500.0
500.0
500.0
500.0
500.0
500.0
500.0
387.0
428.0
500.0
500.0
500.0
500.0
500.0
122.0
500.0
500.0
500.0
392.0
500.0
500.0
500.0
267.0
353.0
500.0
483.0
500.0
500.0
500.0
500.0
500.0
274.0
500.0
500.0
500.0
500.0
304.0
500.0
500.0
500.0
500.0
198.0
500.0
243.0
500.0
500.0
500.0
500.0
264.0
500.0
500.0
500.0
226.0
500.0
371.0
500.0
500.0
500.0
472.0
500.0
500.0
364.0
500.0
500.0
500.0
500.0
500.0
500.0
500.0
255.0
500.0
500.0
500.0
500.0
500.0
500.0
484.0
500.0
500.0
500.0
120.0
298.0
500.0
51.0
500.0
490.0
272.0
500.0
500.0
500.0
500.0
500.0
266.0
500.0
452.0
397.0
500.0
500.0
500.0
500.0
476.0
420.0
500.0
500.0
500.0
438.0
500.0
500.0
500.0
500.0
446.0
500.0
500.0
500.0
500.0
500.0
374.0
500.0
500.0
236.0
500.0
404.0
500.0
482.0
500.0
483.0
500.0
500.0
462.0
500.0
379.0
500.0
344.0
500.0
500.0
500.0
500.0
500.0
416.0
500.0
500.0
313.0
183.0
500.0
489.0
458.0
500.0
500.0
500.0
500.0
500.0
500.0
413.0
500.0
500.0
500.0
158.0
500.0
500.0
500.0
463.0
476.0
500.0
214.0
491.0
32.0
448.0
325.0
473.0
139.0
282.0
500.0
500.0
399.0
371.0
500.0
490.0
484.0
499.0
264.0
500.0
500.0
77.0
221.0
500.0
37.0
500.0
409.0
500.0
500.0
240.0
500.0
500.0
500.0
500.0
400.0
500.0
500.0
165.0
500.0
466.0
500.0
146.0
489.0
429.0
500.0
459.0
500.0
461.0
472.0
500.0
134.0
500.0
294.0
500.0
475.0
500.0
500.0
500.0
500.0
228.0
315.0
500.0
499.0
500.0
500.0
500.0
266.0
500.0
178.0
356.0
500.0
500.0
500.0
500.0
500.0
500.0
500.0
480.0
323.0
500.0
500.0
271.0
389.0
500.0
500.0
118.0
500.0
132.0
448.0
500.0
500.0
500.0
66.0
500.0
220.0
500.0
434.0
371.0
500.0
500.0
500.0
316.0
500.0
500.0
500.0
500.0
500.0
246.0
482.0
500.0
259.0
500.0
395.0
479.0
500.0
500.0
500.0
311.0
348.0
151.0
500.0
500.0
500.0
500.0
500.0
355.0
500.0
500.0
500.0
500.0
500.0
500.0
39.0
337.0
249.0
460.0
500.0
265.0
500.0
448.0
500.0
500.0
500.0
433.0
500.0
500.0
251.0
500.0
115.0
212.0
500.0
500.0
500.0
204.0
500.0
500.0
500.0
500.0
500.0
500.0
500.0
178.0
500.0
500.0
79.0
500.0
500.0
500.0
293.0
500.0
500.0
414.0
500.0
500.0
500.0
500.0
500.0
500.0
500.0
500.0
500.0
500.0
500.0
257.0
500.0
500.0
500.0
500.0
409.0
500.0
500.0
500.0
500.0
500.0
492.0
500.0
500.0
500.0
500.0
500.0
500.0
500.0
500.0
494.0
179.0
276.0
500.0
500.0
500.0
268.0
500.0
389.0
500.0
497.0
347.0
500.0
500.0
480.0
500.0
175.0
342.0
500.0
466.0
500.0
500.0
500.0
500.0
500.0
500.0
500.0
500.0
500.0
500.0
500.0
185.0
500.0
500.0
500.0
500.0
500.0
500.0
488.0
500.0
500.0
500.0
500.0
500.0
500.0
500.0
500.0
500.0
500.0
500.0
500.0
500.0
500.0
500.0
500.0
353.0
500.0
500.0
500.0
500.0
210.0
500.0
500.0
500.0
500.0
321.0
500.0
500.0
500.0
500.0
500.0
500.0
500.0
500.0
351.0
500.0
500.0
500.0
500.0
500.0
500.0
500.0
500.0
500.0
425.0
274.0
500.0
462.0
500.0
500.0
159.0
500.0
500.0
102.0
500.0
480.0
500.0
437.0
500.0
500.0
385.0
500.0
500.0
500.0
500.0
391.0
500.0
246.0
500.0
500.0
500.0
498.0
192.0
500.0
500.0
444.0
407.0
500.0
500.0
500.0
387.0
393.0
500.0
465.0
487.0
500.0
500.0
415.0
500.0
299.0
500.0
500.0
500.0
454.0
500.0
500.0
372.0
500.0
500.0
500.0
500.0
500.0
500.0
500.0
345.0
500.0
500.0
500.0
500.0
164.0
500.0
500.0
343.0
500.0
500.0
500.0
500.0
500.0
372.0
359.0
500.0
127.0
500.0
500.0
500.0
500.0
500.0
483.0
500.0
500.0
500.0
487.0
478.0
500.0
500.0
500.0
500.0
500.0
500.0
456.0
500.0
500.0
475.0
500.0
500.0
500.0
500.0
500.0
479.0
500.0
500.0
342.0
477.0
500.0
500.0
442.0
500.0
500.0
490.0
500.0
278.0
500.0
500.0
500.0
500.0
500.0
500.0
500.0
472.0
465.0
500.0
187.0
500.0
500.0
500.0
500.0
500.0
500.0
500.0
500.0
463.0
500.0
413.0
500.0
466.0
324.0
451.0
500.0
500.0
500.0
500.0
500.0
500.0
500.0
500.0
500.0
500.0
500.0
500.0
500.0
500.0
500.0
500.0
493.0
500.0
500.0
500.0
500.0
500.0
500.0
500.0
500.0
500.0
500.0
421.0
500.0
500.0
500.0
500.0
500.0
500.0
500.0
500.0
500.0
500.0
500.0
500.0
500.0
213.0
500.0
500.0
500.0
500.0
500.0
500.0
500.0
500.0
500.0
500.0
500.0
500.0
500.0
500.0
500.0
500.0
494.0
500.0
500.0
500.0
500.0
500.0
500.0
500.0
500.0
500.0
500.0
500.0
500.0
500.0
500.0
500.0
500.0
500.0
500.0
500.0
500.0
500.0
500.0
500.0
500.0
429.0
500.0
500.0
500.0
500.0
500.0
500.0
500.0
500.0
500.0
500.0
500.0
500.0
375.0
500.0
398.0
500.0
500.0
500.0
500.0
500.0
500.0
500.0
376.0
500.0
500.0
500.0
500.0
500.0
500.0
500.0
500.0
500.0
500.0
500.0
500.0
497.0
500.0
500.0
500.0
500.0
500.0
500.0
500.0
500.0
500.0
402.0
500.0
500.0
500.0
500.0
500.0
500.0
500.0
500.0
500.0
128.0
500.0
500.0
500.0
500.0
500.0
500.0
357.0
249.0
500.0
500.0
500.0
500.0
500.0
500.0
500.0
500.0
500.0
500.0
500.0
500.0
500.0
500.0
156.0
500.0
439.0
500.0
500.0
500.0
500.0
162.0
267.0
500.0
500.0
500.0
500.0
500.0
500.0
500.0
500.0
500.0
500.0
500.0
500.0
500.0
500.0
500.0
500.0
500.0
500.0
500.0
500.0
500.0
500.0
500.0
500.0
500.0
500.0
500.0
500.0
500.0
500.0
500.0
500.0
500.0
500.0
500.0
500.0
500.0
500.0
156.0
500.0
500.0
27.0
284.0
500.0
500.0
311.0
432.0
388.0
500.0
500.0
194.0
500.0
500.0
306.0
204.0
324.0
500.0
500.0
500.0
330.0
194.0
130.0
500.0
500.0
500.0
500.0
185.0
186.0
186.0
204.0
500.0
500.0
432.0
248.0
500.0
494.0
500.0
500.0
500.0
500.0
259.0
180.0
242.0
500.0
261.0
500.0
489.0
500.0
500.0
500.0
500.0
500.0
280.0
500.0
500.0
500.0
359.0
500.0
418.0
500.0
500.0
500.0
500.0
500.0
500.0
500.0
500.0
500.0
500.0
262.0
500.0
500.0
500.0
500.0
493.0
157.0
212.0
500.0
500.0
500.0
419.0
500.0
500.0
500.0
326.0
149.0
48.0
492.0
500.0
494.0
130.0
500.0
500.0