10.0
10.0
11.0
9.0
11.0
9.0
10.0
10.0
9.0
9.0
8.0
9.0
10.0
10.0
10.0
9.0
9.0
9.0
9.0
10.0
9.0
9.0
11.0
10.0
11.0
13.0
9.0
11.0
12.0
13.0
11.0
14.0
12.0
15.0
15.0
20.0
20.0
9.0
22.0
21.0
19.0
23.0
20.0
30.0
19.0
20.0
30.0
36.0
35.0
30.0
23.0
21.0
30.0
35.0
28.0
38.0
29.0
28.0
42.0
12.0
28.0
58.0
41.0
87.0
28.0
42.0
10.0
23.0
32.0
34.0
34.0
59.0
48.0
44.0
12.0
39.0
43.0
31.0
44.0
26.0
39.0
42.0
46.0
54.0
51.0
42.0
39.0
41.0
38.0
47.0
30.0
46.0
24.0
74.0
66.0
36.0
59.0
70.0
26.0
41.0
51.0
38.0
86.0
92.0
29.0
101.0
133.0
165.0
500.0
500.0
136.0
109.0
61.0
53.0
55.0
500.0
78.0
74.0
281.0
126.0
500.0
123.0
269.0
71.0
500.0
71.0
101.0
500.0
500.0
500.0
182.0
33.0
85.0
94.0
138.0
229.0
84.0
133.0
89.0
500.0
256.0
500.0
82.0
91.0
88.0
137.0
210.0
148.0
287.0
226.0
233.0
160.0
86.0
201.0
173.0
388.0
131.0
158.0
88.0
347.0
230.0
199.0
158.0
236.0
238.0
106.0
97.0
141.0
108.0
364.0
174.0
161.0
103.0
106.0
327.0
88.0
215.0
469.0
97.0
119.0
149.0
137.0
79.0
105.0
127.0
161.0
129.0
290.0
52.0
97.0
197.0
142.0
181.0
219.0
119.0
172.0
157.0
106.0
104.0
87.0
59.0
140.0
126.0
74.0
169.0
54.0
71.0
198.0
218.0
107.0
155.0
139.0
54.0
145.0
78.0
96.0
69.0
87.0
147.0
124.0
86.0
110.0
194.0
266.0
131.0
249.0
101.0
95.0
189.0
148.0
139.0
224.0
113.0
86.0
115.0
105.0
72.0
89.0
199.0
135.0
101.0
102.0
114.0
315.0
337.0
242.0
90.0
107.0
148.0
218.0
178.0
500.0
182.0
328.0
163.0
98.0
81.0
253.0
157.0
103.0
234.0
136.0
176.0
269.0
139.0
299.0
179.0
201.0
122.0
207.0
113.0
236.0
181.0
145.0
113.0
194.0
168.0
197.0
207.0
159.0
260.0
106.0
96.0
227.0
195.0
236.0
128.0
169.0
186.0
242.0
152.0
154.0
200.0
184.0
500.0
367.0
183.0
166.0
125.0
235.0
220.0
141.0
197.0
387.0
182.0
213.0
173.0
107.0
250.0
122.0
107.0
109.0
189.0
176.0
206.0
188.0
128.0
157.0
127.0
118.0
165.0
116.0
149.0
198.0
160.0
111.0
222.0
220.0
194.0
163.0
177.0
171.0
186.0
240.0
97.0
205.0
179.0
246.0
245.0
235.0
208.0
160.0
117.0
225.0
231.0
191.0
155.0
115.0
300.0
231.0
190.0
129.0
157.0
240.0
197.0
181.0
263.0
110.0
195.0
339.0
98.0
270.0
160.0
124.0
256.0
251.0
190.0
286.0
168.0
233.0
133.0
111.0
295.0
205.0
128.0
322.0
230.0
218.0
251.0
225.0
288.0
113.0
231.0
253.0
256.0
278.0
183.0
116.0
190.0
113.0
208.0
232.0
321.0
232.0
176.0
435.0
133.0
124.0
183.0
131.0
245.0
183.0
125.0
231.0
140.0
372.0
178.0
317.0
178.0
245.0
133.0
115.0
221.0
114.0
217.0
239.0
185.0
240.0
254.0
304.0
261.0
238.0
211.0
125.0
170.0
225.0
145.0
269.0
217.0
166.0
243.0
227.0
157.0
238.0
236.0
155.0
155.0
251.0
194.0
263.0
264.0
117.0
155.0
306.0
124.0
276.0
158.0
235.0
237.0
274.0
201.0
193.0
255.0
199.0
180.0
230.0
149.0
167.0
163.0
174.0
155.0
154.0
242.0
275.0
162.0
280.0
194.0
220.0
171.0
161.0
206.0
266.0
135.0
273.0
326.0
127.0
122.0
342.0
180.0
249.0
186.0
257.0
129.0
399.0
314.0
214.0
174.0
500.0
265.0
202.0
214.0
167.0
251.0
197.0
281.0
177.0
180.0
205.0
180.0
262.0
271.0
126.0
128.0
136.0
217.0
229.0
252.0
285.0
159.0
159.0
229.0
269.0
153.0
436.0
132.0
244.0
211.0
277.0
235.0
318.0
117.0
160.0
133.0
195.0
168.0
269.0
149.0
217.0
258.0
110.0
207.0
200.0
301.0
260.0
290.0
184.0
248.0
135.0
184.0
123.0
131.0
189.0
126.0
207.0
280.0
250.0
255.0
122.0
125.0
153.0
164.0
128.0
140.0
120.0
135.0
146.0
112.0
214.0
109.0
229.0
302.0
213.0
138.0
111.0
284.0
128.0
207.0
261.0
181.0
252.0
208.0
212.0
185.0
108.0
242.0
282.0
216.0
120.0
193.0
124.0
248.0
224.0
229.0
273.0
152.0
119.0
196.0
165.0
256.0
295.0
179.0
157.0
206.0
353.0
143.0
139.0
221.0
169.0
222.0
126.0
111.0
260.0
120.0
141.0
229.0
171.0
131.0
274.0
237.0
300.0
302.0
277.0
104.0
192.0
287.0
210.0
194.0
118.0
203.0
126.0
217.0
122.0
357.0
225.0
172.0
133.0
287.0
263.0
142.0
156.0
235.0
188.0
227.0
129.0
268.0
347.0
348.0
138.0
155.0
125.0
131.0
165.0
195.0
186.0
212.0
135.0
375.0
115.0
130.0
185.0
110.0
133.0
233.0
272.0
161.0
248.0
107.0
116.0
268.0
118.0
318.0
136.0
267.0
262.0
275.0
119.0
130.0
169.0
292.0
145.0
307.0
500.0
197.0
302.0
206.0
243.0
500.0
105.0
212.0
246.0
180.0
182.0
161.0
161.0
155.0
197.0
171.0
295.0
239.0
234.0
233.0
358.0
150.0
363.0
143.0
221.0
162.0
228.0
259.0
291.0
190.0
167.0
282.0
152.0
144.0
236.0
160.0
285.0
173.0
214.0
214.0
213.0
194.0
233.0
161.0
123.0
196.0
156.0
150.0
202.0
173.0
262.0
165.0
158.0
222.0
182.0
313.0
246.0
255.0
176.0
232.0
131.0
177.0
223.0
362.0
143.0
276.0
182.0
228.0
138.0
290.0
226.0
297.0
235.0
142.0
164.0
190.0
252.0
261.0
234.0
262.0
156.0
233.0
140.0
138.0
212.0
144.0
249.0
330.0
133.0
258.0
168.0
244.0
171.0
230.0
226.0
285.0
221.0
184.0
216.0
352.0
111.0
183.0
367.0
201.0
209.0
147.0
240.0
154.0
101.0
250.0
160.0
293.0
284.0
170.0
208.0
258.0
163.0
233.0
188.0
198.0
337.0
190.0
129.0
104.0
255.0
342.0
277.0
128.0
175.0
390.0
136.0
137.0
223.0
133.0
205.0
101.0
140.0
223.0
226.0
144.0
111.0
225.0
190.0
181.0
254.0
207.0
279.0
229.0
110.0
219.0
206.0
293.0
139.0
500.0
140.0
386.0
147.0
141.0
149.0
277.0
109.0
366.0
142.0
94.0
500.0
263.0
94.0
194.0
162.0
203.0
171.0
255.0
163.0
231.0
239.0
84.0
135.0
336.0
192.0
142.0
261.0
164.0
90.0
243.0
181.0
194.0
110.0
113.0
227.0
116.0
368.0
247.0
199.0
143.0
127.0
91.0
103.0
500.0
500.0
500.0
159.0
500.0
184.0
217.0
190.0
86.0
500.0
248.0
170.0
500.0
203.0
157.0
173.0
87.0
500.0
232.0
125.0
500.0
145.0
186.0
500.0
162.0
143.0
500.0
72.0
500.0
84.0
73.0
500.0
500.0
500.0
264.0
113.0
200.0
56.0
81.0
500.0
62.0
243.0
176.0
500.0
127.0
500.0
128.0
500.0
83.0
54.0
89.0
249.0
108.0
120.0
500.0
228.0
45.0
500.0
500.0
115.0
276.0
155.0
500.0
176.0
80.0
88.0
500.0
79.0
88.0
53.0
500.0
28.0
500.0
107.0
161.0
142.0
59.0
142.0
144.0
500.0
500.0
500.0
65.0
89.0
112.0
141.0
196.0
500.0
134.0
49.0
101.0
54.0
160.0
500.0
89.0
500.0
223.0
104.0
121.0
500.0
113.0
35.0
64.0
26.0
27.0
134.0
23.0
35.0
78.0
29.0
83.0
129.0
27.0
20.0
24.0
18.0
18.0
42.0
31.0
16.0
19.0
13.0
26.0
13.0
22.0
11.0
43.0
90.0
16.0
18.0
15.0
81.0
28.0
97.0
18.0
34.0
187.0
30.0
23.0
14.0
122.0
52.0
15.0
143.0
83.0
13.0
65.0
15.0
15.0
39.0
101.0
13.0
13.0
23.0
157.0
121.0
139.0
165.0
102.0
28.0
133.0
70.0
182.0
447.0
148.0
274.0
203.0
178.0
300.0
489.0
45.0
192.0
236.0
269.0
46.0
179.0
39.0
144.0
243.0
138.0
113.0
43.0
211.0
217.0
47.0
309.0
255.0
75.0
107.0
259.0
151.0
202.0
220.0
372.0
287.0
53.0
208.0
301.0
320.0
155.0
304.0
304.0
287.0
315.0
175.0
495.0
73.0
98.0
176.0
247.0
209.0
222.0
194.0
381.0
112.0
215.0
446.0
233.0
351.0
198.0
157.0
240.0
191.0
102.0
249.0
58.0
263.0
237.0
236.0
276.0
132.0
215.0
213.0
251.0
225.0
192.0
211.0
377.0
220.0
222.0
138.0
451.0
138.0
313.0
164.0
269.0
232.0
201.0
234.0
114.0
133.0
209.0
202.0
171.0
195.0
56.0
230.0
27.0
500.0
146.0
109.0
214.0
66.0
434.0
345.0
249.0
31.0
53.0
285.0
300.0
51.0
312.0
50.0
34.0
135.0
278.0
53.0
319.0
356.0
380.0
29.0
245.0
438.0
347.0
410.0
384.0
280.0
278.0
289.0
310.0
217.0
292.0
236.0
300.0
216.0
204.0
168.0
170.0
347.0
500.0
261.0
405.0
250.0
215.0
295.0
500.0
484.0
397.0
500.0
500.0
250.0
172.0
239.0
138.0
333.0
162.0
327.0
349.0
296.0
305.0
298.0
320.0
341.0
293.0
332.0
270.0
363.0
328.0
414.0
363.0
185.0
223.0
276.0
235.0
353.0
327.0
321.0
380.0
391.0
201.0
345.0
275.0
177.0
266.0
191.0
306.0
220.0
102.0
313.0
333.0
151.0
500.0
500.0
305.0
270.0
410.0
261.0
287.0
275.0
298.0
397.0
136.0
329.0
425.0
198.0
220.0
315.0
391.0
214.0
232.0
258.0
237.0
361.0
294.0
323.0
259.0
244.0
286.0
284.0
287.0
256.0
176.0
144.0
221.0
277.0
188.0
83.0
225.0
70.0
327.0
228.0
213.0
136.0
279.0
66.0
93.0
366.0
178.0
128.0
124.0
215.0
269.0
283.0
150.0
149.0
157.0
302.0
139.0
247.0
419.0
124.0
70.0
78.0
115.0
187.0
63.0
118.0
180.0
190.0
71.0
164.0
71.0
63.0
60.0
145.0
187.0
239.0
239.0
109.0
161.0
95.0
85.0
51.0
129.0
166.0
88.0
341.0
118.0
153.0
126.0
183.0
232.0
96.0
84.0
120.0
95.0
119.0
310.0
90.0
223.0
95.0
213.0
360.0
176.0
84.0
157.0
229.0
187.0
317.0
241.0
193.0
357.0
286.0
217.0
242.0
123.0
136.0
332.0
277.0
238.0
282.0
107.0
222.0
154.0
195.0
267.0
82.0
140.0
230.0
304.0
204.0
230.0
156.0
138.0
144.0
201.0
199.0
169.0
251.0
195.0
314.0
141.0
176.0
408.0
126.0
172.0
361.0
94.0
409.0
263.0
335.0
287.0
200.0
234.0
223.0
199.0
115.0
82.0
332.0
136.0
269.0
141.0
189.0
367.0
81.0
151.0
108.0
85.0
196.0
270.0
94.0
262.0
240.0
138.0
343.0
188.0
141.0
188.0
210.0
321.0
203.0
95.0
158.0
149.0
150.0
87.0
86.0
204.0
167.0
210.0
157.0
202.0
101.0
179.0
205.0
97.0
101.0
277.0
118.0
233.0
88.0
94.0
171.0
113.0
199.0
81.0
198.0
277.0
100.0
222.0
123.0
239.0
318.0
362.0
110.0
183.0
173.0
102.0
309.0
115.0
205.0
174.0
180.0
130.0
310.0
188.0
103.0
184.0
335.0
91.0
201.0
155.0
95.0
261.0
80.0
79.0
183.0
224.0
84.0
93.0
97.0
124.0
104.0
145.0
76.0
143.0
193.0
162.0
64.0
155.0
202.0
315.0
79.0
175.0
204.0
161.0
112.0
135.0
81.0
224.0
77.0
214.0
133.0
165.0
189.0
281.0
85.0
85.0
197.0
101.0
249.0
172.0
131.0
160.0
114.0
188.0
269.0
113.0
350.0
179.0
125.0
169.0
104.0
154.0
182.0
136.0
201.0
90.0
171.0
173.0
209.0
127.0
194.0
236.0
139.0
237.0
134.0
142.0
226.0
196.0
165.0
135.0
147.0
150.0
175.0
276.0
117.0
237.0
176.0
285.0
246.0
211.0
194.0
164.0
138.0
235.0
183.0
141.0
112.0
126.0
149.0
263.0
101.0
284.0
145.0
216.0
147.0
197.0
128.0
244.0
146.0
187.0
140.0
276.0
125.0
179.0
247.0
330.0
122.0
178.0
191.0
180.0
246.0
145.0
357.0
192.0
500.0
152.0
153.0
147.0
157.0
500.0
216.0
145.0
295.0
175.0
500.0
163.0
181.0
139.0
451.0
385.0
500.0
316.0
309.0
125.0
225.0
185.0
164.0
243.0
146.0
500.0
260.0
170.0
143.0
185.0
280.0
400.0
189.0
157.0
242.0
191.0
204.0
238.0
216.0
203.0
227.0
312.0
130.0
260.0
148.0
132.0
196.0
150.0
352.0
330.0
246.0
149.0
165.0
225.0
128.0
145.0
212.0
224.0
375.0
295.0
193.0
418.0
166.0
169.0
378.0
396.0
255.0
300.0
153.0
375.0
273.0
163.0
268.0
217.0
169.0
500.0
109.0
176.0
258.0
311.0
147.0
320.0
439.0
265.0
327.0
318.0
74.0
200.0
184.0
198.0
261.0
232.0
115.0
164.0
368.0
251.0
299.0
500.0
175.0
206.0
164.0
194.0
195.0
227.0
165.0
500.0
488.0
205.0
368.0
184.0
262.0
367.0
121.0
301.0
274.0
253.0
251.0
388.0
360.0
263.0
288.0
235.0
281.0
161.0
307.0
276.0
224.0
173.0
186.0
177.0
312.0
287.0
175.0
178.0
372.0
235.0
104.0
257.0
184.0
188.0
193.0
227.0
183.0
234.0
249.0
134.0
185.0
170.0
162.0
189.0
205.0
152.0
481.0
179.0
219.0
234.0
383.0
500.0
315.0
177.0
389.0
256.0
478.0
381.0
363.0
237.0
189.0
253.0
185.0
491.0
155.0
55.0
234.0
359.0
161.0
144.0
246.0
241.0
266.0
187.0
300.0
237.0
167.0
361.0
165.0
143.0
107.0
249.0
127.0
150.0
168.0
157.0
173.0
315.0
196.0
500.0
179.0
160.0
288.0
188.0
235.0
260.0
212.0
199.0
182.0
198.0
171.0
128.0
179.0
290.0
141.0
310.0
156.0
232.0
174.0
163.0
160.0
266.0
186.0
177.0
265.0
377.0
165.0
257.0
245.0
404.0
193.0
202.0
104.0
382.0
222.0
167.0
178.0
168.0
127.0
278.0
182.0
162.0
349.0
89.0
259.0
193.0
253.0
206.0
264.0
286.0
205.0
202.0
270.0
241.0
363.0
500.0
230.0
223.0
336.0
198.0
109.0
97.0
500.0
293.0
226.0
242.0
500.0
500.0
500.0
222.0
207.0
179.0
500.0
227.0
337.0
160.0
111.0
166.0
257.0
500.0
500.0
500.0
500.0
500.0
500.0
256.0
500.0
103.0
143.0
279.0
500.0
115.0
152.0
205.0
145.0
500.0
173.0
166.0
500.0
227.0
223.0
496.0
500.0
132.0
211.0
190.0
227.0
302.0
500.0
215.0
240.0
102.0
195.0
108.0
318.0
500.0
180.0
281.0
500.0
184.0
500.0
170.0
136.0
295.0
342.0
295.0
500.0
500.0
500.0
500.0
500.0
171.0
207.0
139.0
329.0
154.0
257.0
113.0
500.0
500.0
406.0
310.0
212.0
309.0
500.0
500.0
359.0
258.0
208.0
127.0
457.0
500.0
206.0
135.0
236.0
500.0
500.0
500.0
296.0
500.0
210.0
372.0
500.0
201.0
500.0
194.0
330.0
325.0
251.0
241.0
500.0
122.0
500.0
500.0
116.0
500.0
500.0
343.0
251.0
500.0
500.0
195.0
385.0
153.0
329.0
500.0
216.0
176.0
240.0
314.0
500.0
233.0
500.0
500.0
500.0
500.0
444.0
124.0
135.0
195.0
500.0
500.0
500.0
254.0
176.0
230.0
500.0
146.0
500.0
115.0
206.0
349.0
176.0
273.0
500.0
500.0
335.0
500.0
195.0
134.0
224.0
285.0
469.0
500.0
500.0
316.0
120.0
500.0
252.0
500.0
386.0
217.0
135.0
198.0
175.0
141.0
500.0
236.0
371.0
500.0
500.0
500.0
194.0
500.0
500.0
126.0
316.0
219.0
327.0
500.0
383.0
500.0
500.0
172.0
382.0
296.0
214.0
189.0
154.0
440.0
500.0
500.0
164.0
468.0
119.0
500.0
500.0
224.0
309.0
116.0
199.0
220.0
361.0
271.0
205.0
212.0
220.0
500.0
236.0
500.0
259.0
125.0
137.0
356.0
335.0
500.0
500.0
145.0
126.0
175.0
441.0
500.0
500.0
238.0
500.0
106.0
500.0
500.0
413.0
255.0
500.0
159.0
215.0
149.0
134.0
500.0
160.0
368.0
231.0
500.0
274.0
235.0
362.0
500.0
129.0
452.0
500.0
190.0
211.0
119.0
500.0
500.0
267.0
195.0
137.0
170.0
173.0
256.0
500.0
500.0
302.0
336.0
267.0
407.0
500.0
500.0
500.0
500.0
500.0
223.0
290.0
301.0
358.0
198.0
182.0
500.0
161.0
500.0
242.0
129.0
304.0
315.0
153.0
459.0
390.0
213.0
190.0
448.0
500.0
500.0
500.0
311.0
134.0
500.0
500.0
241.0
500.0
500.0
224.0
296.0
266.0
163.0
126.0
381.0
242.0
202.0
163.0
360.0
298.0
262.0
178.0
368.0
159.0
500.0
465.0
500.0
206.0
256.0
500.0
500.0
500.0
194.0
500.0
342.0
116.0
238.0
349.0
251.0
500.0
324.0
266.0
177.0
264.0
500.0
500.0
130.0
500.0
214.0
339.0
500.0
230.0
500.0
214.0
333.0
244.0
342.0
246.0
500.0
500.0
309.0
500.0
245.0
345.0
188.0
204.0
288.0
500.0
500.0
500.0
251.0
500.0
337.0
500.0
500.0
261.0
500.0
145.0
500.0
500.0
196.0
500.0
220.0
337.0
239.0
500.0
369.0
195.0
365.0
500.0
485.0
500.0
142.0
500.0
176.0
364.0
244.0
500.0
238.0
168.0
210.0
309.0
189.0
447.0
500.0
500.0
148.0
500.0
340.0
259.0
500.0
500.0
283.0
409.0
261.0
156.0
198.0
500.0
500.0
159.0
500.0
500.0
261.0
232.0
500.0
394.0
135.0
266.0
273.0
427.0
206.0
500.0
313.0
368.0
500.0
322.0
153.0
146.0
500.0
161.0
500.0
500.0
207.0
189.0
500.0
344.0
286.0
354.0
500.0
326.0
287.0
365.0
500.0
500.0
500.0
156.0
172.0
403.0
147.0
500.0
217.0
500.0
413.0
115.0
255.0
354.0
194.0
500.0
327.0
500.0
173.0
170.0
500.0
500.0
223.0
283.0
243.0
463.0
202.0
120.0
126.0
500.0
137.0
211.0
166.0
500.0
500.0
500.0
500.0
500.0
402.0
211.0
360.0
125.0
500.0
200.0
262.0
500.0
352.0
500.0
500.0
500.0
500.0
211.0
425.0
307.0
500.0
199.0
500.0
332.0
500.0
500.0
500.0
500.0
295.0
183.0
399.0
221.0
500.0
131.0
215.0
500.0
132.0
500.0
133.0
355.0
190.0
500.0
500.0
142.0
500.0
500.0
500.0
182.0
182.0
160.0
104.0
500.0
185.0
458.0
131.0
390.0
500.0
371.0
129.0
500.0
135.0
217.0
210.0
376.0
199.0
192.0
266.0
147.0
249.0
176.0
365.0
441.0
500.0
130.0
386.0
318.0
500.0
500.0
171.0
500.0
171.0
500.0
133.0
436.0
500.0
310.0
500.0
145.0
229.0
500.0
500.0
399.0
325.0
325.0
174.0
500.0
222.0
178.0
126.0
205.0
225.0
500.0
192.0
361.0
500.0
215.0
271.0
190.0
500.0
500.0
500.0
354.0
500.0
314.0
333.0
215.0
333.0
210.0
455.0
377.0
222.0
500.0
114.0
182.0
166.0
500.0
500.0
500.0
370.0
130.0
500.0
500.0
141.0
500.0
445.0
454.0
257.0
500.0
154.0
205.0
229.0
180.0
500.0
260.0
337.0
108.0
388.0
310.0
192.0
500.0
167.0
177.0
407.0
255.0
112.0
277.0
476.0
500.0
209.0
325.0
260.0
500.0
500.0
313.0
500.0
214.0
190.0
300.0
500.0
198.0
500.0
344.0
500.0
347.0
500.0
368.0
194.0
500.0
97.0
120.0
500.0
500.0
325.0
198.0
196.0
500.0
117.0
500.0
122.0
335.0
266.0
100.0
500.0
361.0
233.0
211.0
401.0
500.0
379.0
142.0
500.0
322.0
500.0
500.0
282.0
500.0
500.0
500.0
114.0
500.0
215.0
500.0
181.0
500.0
189.0
173.0
385.0
316.0
500.0
239.0
235.0
295.0
355.0
500.0
500.0
500.0
500.0
500.0
154.0
122.0
500.0
340.0
500.0
206.0
245.0
153.0
427.0
171.0
336.0
151.0
500.0
183.0
500.0
250.0
371.0
500.0
500.0
328.0
500.0
375.0
297.0
500.0
500.0
500.0
295.0
500.0
500.0
138.0
242.0
299.0
180.0
500.0
500.0
500.0
399.0
500.0
103.0
500.0
399.0
144.0
500.0
289.0
125.0
201.0
283.0
500.0
149.0
376.0
160.0
190.0
101.0
500.0
361.0
500.0
339.0
216.0
150.0
384.0
175.0
216.0
500.0
122.0
175.0
282.0
313.0
373.0
203.0
500.0
351.0
136.0
227.0
113.0
500.0
500.0
500.0
413.0
335.0
250.0
155.0
153.0
142.0
409.0
436.0
500.0
500.0
425.0
243.0
500.0
222.0
500.0
323.0
256.0
500.0
500.0
167.0
290.0
158.0
500.0
500.0
378.0
185.0
182.0
500.0
300.0
184.0
359.0
285.0
500.0
500.0
288.0
264.0
290.0
176.0
215.0
500.0
500.0
128.0
210.0
500.0
197.0
149.0
500.0
187.0
372.0
107.0
500.0
387.0
214.0
500.0
327.0
327.0
500.0
169.0
500.0
181.0
437.0
500.0
131.0
259.0
500.0
311.0
189.0
183.0
176.0
500.0
500.0
327.0
500.0
500.0
500.0
500.0
500.0
166.0
220.0
500.0
280.0
500.0
500.0
206.0
500.0
500.0
220.0
500.0
228.0
138.0
500.0
333.0
500.0
117.0
458.0
162.0
311.0
196.0
500.0
500.0
120.0
500.0
389.0
500.0
500.0
500.0
500.0
500.0
500.0
110.0
195.0
218.0
500.0
187.0
500.0
153.0
500.0
500.0
248.0
129.0
176.0
387.0
262.0
390.0
218.0
171.0
158.0
500.0
134.0
500.0
205.0
149.0
405.0
367.0
134.0
222.0
500.0
215.0
500.0
500.0
125.0
406.0
209.0
241.0
500.0
500.0
500.0
500.0
500.0
383.0
293.0
267.0
332.0
500.0
500.0
320.0
410.0
179.0
500.0
263.0
318.0
500.0
216.0
323.0
194.0
125.0
143.0
500.0
364.0
204.0
177.0
197.0
296.0
500.0
260.0
168.0
500.0
500.0
500.0
176.0
500.0
238.0
378.0
225.0
308.0
164.0
455.0
222.0
120.0
209.0
215.0
247.0
500.0
500.0
188.0
500.0
500.0
188.0
500.0
414.0
465.0
500.0
500.0
500.0
303.0
369.0
230.0
121.0
500.0
284.0
500.0
222.0
257.0
500.0
500.0
500.0
360.0
500.0
187.0
260.0
500.0
419.0
500.0
126.0
117.0
332.0
207.0
500.0
110.0
500.0
500.0
101.0
345.0
140.0
154.0
202.0
500.0
389.0
216.0
500.0
500.0
335.0
432.0
204.0
500.0
500.0
247.0
500.0
242.0
165.0
262.0
500.0
306.0
500.0
135.0
271.0
500.0
138.0
364.0
93.0
372.0
333.0
500.0
205.0
500.0
259.0
92.0
243.0
191.0
447.0
500.0
500.0
500.0
500.0
271.0
237.0
156.0
193.0
124.0
500.0
308.0
310.0
135.0
500.0
300.0
184.0
305.0
249.0
169.0
244.0
311.0
171.0
191.0
500.0
365.0
500.0
500.0
500.0
500.0
500.0
481.0
275.0
500.0
500.0
157.0
145.0
234.0
500.0
360.0
336.0
488.0
255.0
500.0
216.0
141.0
349.0
299.0
500.0
461.0
500.0
500.0
133.0
396.0
500.0
500.0
196.0
137.0
433.0
355.0
229.0
500.0
500.0
176.0
500.0
500.0
321.0
372.0
315.0
140.0
131.0
375.0
198.0
103.0
192.0
258.0
500.0
159.0
135.0
217.0
417.0
206.0
138.0
500.0
117.0
165.0
194.0
205.0
500.0
490.0
500.0
216.0
408.0
178.0
356.0
312.0
500.0
150.0
500.0
227.0
234.0
141.0
256.0
184.0
500.0
126.0
245.0
232.0
500.0
191.0
500.0
125.0
122.0
232.0
500.0
138.0
500.0
500.0
144.0
212.0
297.0
258.0
500.0
132.0
410.0
284.0
262.0
202.0
162.0
500.0
500.0
337.0
288.0
500.0
500.0
500.0
500.0
500.0
125.0
209.0
500.0
303.0
500.0
278.0
500.0
500.0
314.0
500.0
233.0
128.0
205.0
207.0
500.0
500.0
256.0
311.0
230.0
210.0
130.0
233.0
275.0
500.0
405.0
258.0
500.0
500.0
500.0
154.0
500.0
500.0
275.0
304.0
207.0
125.0
500.0
216.0
500.0
500.0
264.0
116.0
500.0
500.0
134.0
327.0
327.0
500.0
129.0
223.0
219.0
500.0
500.0
111.0
500.0
197.0
125.0
347.0
500.0
500.0
345.0
500.0
352.0
127.0
228.0
238.0
410.0
218.0
187.0
500.0
140.0
188.0
374.0
304.0
500.0
500.0
227.0
500.0
500.0
500.0
206.0
130.0
352.0
500.0
354.0
500.0
202.0
298.0
500.0
500.0
263.0
265.0
185.0
500.0
500.0
195.0
194.0
421.0
500.0
271.0
138.0
252.0
500.0
500.0
500.0
184.0
362.0
500.0
251.0
106.0
500.0
500.0
168.0
500.0
487.0
102.0
197.0
500.0
500.0
296.0
500.0
500.0
500.0
500.0
212.0
500.0
500.0
369.0
326.0
500.0
412.0
500.0
500.0
163.0
222.0
434.0
104.0
304.0
398.0
142.0
140.0
379.0
500.0
176.0
167.0
500.0
367.0
500.0
346.0
500.0
500.0
290.0
500.0
365.0
500.0
341.0
500.0
500.0
252.0
500.0
458.0
500.0
500.0
142.0
301.0
217.0
500.0
319.0
284.0
194.0
234.0
176.0
262.0
439.0
500.0
176.0
500.0
500.0
500.0
245.0
500.0
223.0
136.0
197.0
123.0
500.0
500.0
500.0
500.0
212.0
347.0
346.0
216.0
182.0
140.0
183.0
500.0
500.0
150.0
302.0
342.0
152.0
168.0
500.0
155.0
121.0
500.0
194.0
169.0
500.0
239.0
223.0
500.0
500.0
235.0
500.0
354.0
343.0
270.0
494.0
500.0
500.0
372.0
270.0
422.0
168.0
187.0
500.0
129.0
500.0
121.0
500.0
271.0
201.0
128.0
500.0
213.0
500.0
284.0
294.0
500.0
193.0
314.0
222.0
190.0
271.0
335.0
160.0
500.0
500.0
347.0
500.0
471.0
500.0
404.0
384.0
500.0
500.0
170.0
500.0
500.0
191.0
500.0
160.0
130.0
149.0
302.0
308.0
119.0
287.0
332.0
500.0
500.0
500.0
300.0
500.0
500.0
500.0
500.0
500.0
409.0
500.0
332.0
406.0
406.0
500.0
500.0
500.0
500.0
393.0
500.0
500.0
431.0
500.0
500.0
500.0
486.0
500.0
500.0
500.0
500.0
500.0
500.0
500.0
500.0
500.0
500.0
500.0
500.0
500.0
500.0
500.0
500.0
500.0
500.0
296.0
500.0
500.0
500.0
500.0
500.0
500.0
500.0
500.0
499.0
500.0
500.0
500.0
482.0
433.0
492.0
500.0
500.0
482.0
500.0
500.0
500.0
500.0
500.0
500.0
500.0
500.0
464.0
500.0
500.0
459.0
454.0
500.0
336.0
473.0
475.0
500.0
500.0
500.0
500.0
500.0
500.0
500.0
500.0
500.0
500.0
500.0
500.0
500.0
500.0
476.0
500.0
500.0
500.0
500.0
500.0
500.0
500.0
500.0
500.0
500.0
500.0
500.0
500.0
500.0
500.0
500.0
500.0
500.0
500.0
500.0
500.0
500.0
500.0
500.0
500.0
469.0
500.0
500.0
500.0
500.0
486.0
500.0
500.0
500.0
500.0
500.0
500.0
500.0
500.0
500.0
500.0
500.0
500.0
488.0
500.0
500.0
500.0
500.0
399.0
479.0
500.0
500.0
500.0
500.0
470.0
500.0
500.0
500.0
451.0
500.0
439.0
500.0
500.0
500.0
500.0
500.0
500.0
500.0
427.0
500.0
500.0
500.0
500.0
500.0
359.0
397.0
500.0
500.0
500.0
500.0
500.0
391.0
500.0
249.0
500.0
500.0
500.0
500.0
500.0
500.0
500.0
500.0
500.0
500.0
500.0
500.0
500.0
500.0
500.0
500.0
500.0
500.0
220.0
500.0
500.0
500.0
500.0
500.0
500.0
500.0
500.0
226.0
500.0
197.0
500.0
500.0
500.0
500.0
500.0
500.0
500.0
500.0
500.0
500.0
500.0
223.0
500.0
500.0
500.0
499.0
500.0
500.0
500.0
500.0
500.0
500.0
500.0
500.0
500.0
500.0
500.0
500.0
500.0
500.0
500.0
500.0
500.0
500.0
500.0
500.0
500.0
500.0
500.0
500.0
500.0
500.0
75.0
500.0
500.0
500.0
500.0
500.0
500.0
500.0
500.0
500.0
500.0
500.0
500.0
500.0
500.0
500.0
500.0
500.0
500.0
500.0
500.0
500.0
500.0
500.0
500.0
500.0
500.0
500.0
500.0
500.0
500.0
500.0
500.0
500.0
500.0
500.0
500.0
500.0
500.0
500.0
500.0
500.0
500.0
500.0
500.0
500.0
500.0
500.0
500.0
500.0
500.0
500.0
500.0
500.0
500.0
500.0
500.0
500.0
500.0
500.0
500.0
223.0
500.0
500.0
230.0
500.0
500.0
500.0
500.0
500.0
500.0
500.0
500.0
500.0
500.0
193.0
500.0
500.0
500.0
500.0
500.0
500.0
500.0
500.0
500.0
500.0
500.0
500.0
500.0
500.0
500.0
500.0
500.0
500.0
500.0
500.0
500.0
500.0
500.0
500.0
500.0
500.0
500.0
500.0
500.0
500.0
500.0
500.0
500.0
500.0
500.0
500.0
500.0
177.0
500.0
500.0
500.0
500.0
500.0
500.0
500.0
500.0
500.0
500.0
500.0
500.0
500.0
500.0
500.0
500.0
500.0
500.0
500.0
500.0
500.0
500.0
500.0
500.0
500.0
500.0
500.0
500.0
500.0
500.0
500.0
500.0
500.0
500.0
500.0
500.0
500.0
500.0
500.0
500.0
500.0
500.0
500.0
500.0
500.0
500.0
500.0
500.0
500.0
500.0
500.0
500.0
500.0
500.0
500.0
500.0
500.0
500.0
500.0
500.0
500.0
500.0
500.0
500.0
500.0
500.0
500.0
500.0
500.0
128.0
500.0
500.0
500.0
500.0
500.0
500.0
500.0
500.0
500.0
500.0
217.0
500.0
500.0
500.0
500.0
500.0
500.0
500.0
500.0
500.0
500.0
500.0
500.0
500.0
500.0
500.0
500.0
500.0
500.0
500.0
500.0
500.0
500.0
500.0
500.0
500.0
500.0
500.0
77.0
500.0
500.0
500.0
500.0
500.0
500.0
500.0
500.0
500.0
500.0
500.0
500.0
500.0
500.0
500.0
500.0
500.0
500.0
500.0
500.0
89.0
500.0
500.0
500.0
500.0
500.0
500.0
500.0
500.0
500.0
500.0
500.0
500.0
500.0
500.0
500.0
500.0
500.0
500.0
500.0
500.0
500.0
500.0
500.0
500.0
500.0
500.0
500.0
500.0
500.0
500.0
500.0
500.0
500.0
500.0
500.0
500.0
500.0
500.0
500.0
500.0
500.0
500.0
500.0
500.0
500.0
195.0
500.0
500.0
500.0
500.0
500.0
500.0
500.0
500.0
500.0
500.0
500.0
500.0
500.0
500.0
500.0
500.0
500.0
500.0
500.0
500.0
500.0
500.0
500.0
500.0
500.0
500.0
500.0
500.0
500.0
500.0
500.0
500.0
500.0
500.0
500.0
500.0
500.0
500.0
500.0
500.0
500.0
500.0
500.0
500.0
500.0
500.0
500.0
500.0
500.0
500.0
500.0
500.0
500.0
500.0
500.0
227.0
500.0
500.0
500.0
500.0
500.0
500.0
500.0
500.0
500.0
500.0
500.0
500.0
500.0
500.0
500.0
500.0
500.0
500.0
500.0
500.0
500.0
500.0
500.0
500.0
500.0
248.0
500.0
500.0
500.0
500.0
500.0
500.0
500.0
500.0
500.0
500.0
500.0
500.0
500.0
500.0
500.0
500.0
500.0
500.0
500.0
500.0
500.0
238.0
500.0
500.0
500.0
500.0
500.0
500.0
500.0
500.0
229.0
500.0
500.0
500.0
500.0
500.0
500.0
256.0
500.0
500.0
500.0
500.0
203.0
500.0
500.0
500.0
500.0
500.0
500.0
500.0
500.0
500.0
500.0
500.0
500.0
500.0
500.0
500.0
500.0
500.0
500.0
500.0
500.0
500.0
500.0
500.0
500.0
500.0
500.0
500.0
500.0
500.0
500.0
500.0
500.0
500.0
500.0
500.0
500.0
500.0
500.0
500.0
500.0
500.0
500.0
500.0
500.0
500.0
500.0
500.0
500.0
186.0
500.0
500.0
500.0
500.0
500.0
500.0
500.0
500.0
500.0
500.0
500.0
500.0
500.0
500.0
500.0
500.0
185.0
500.0
500.0
500.0
500.0
500.0
500.0
500.0
500.0
500.0
500.0
500.0
500.0
500.0
500.0
500.0
500.0
500.0
500.0
500.0
500.0
500.0
500.0
500.0
500.0
500.0
500.0
500.0
500.0
500.0
500.0
500.0
500.0
500.0
500.0
500.0
500.0
500.0
500.0
500.0
500.0
228.0
500.0
500.0
500.0
500.0
500.0
500.0
500.0
500.0
260.0
500.0
500.0
500.0
500.0
500.0
500.0
500.0
500.0
500.0
500.0
500.0
500.0
500.0
500.0
169.0
500.0
500.0
500.0
229.0
500.0
500.0
500.0
500.0
500.0
500.0
500.0
208.0
500.0
500.0
500.0
500.0
500.0
500.0
500.0
500.0
237.0
500.0
500.0
500.0
500.0
500.0
500.0
500.0
500.0
500.0
500.0
500.0
500.0
500.0
500.0
500.0
241.0
500.0
500.0
500.0
500.0
500.0
500.0
500.0
500.0
500.0
500.0
500.0
500.0
500.0
500.0
500.0
500.0
500.0
186.0
500.0
500.0
500.0
500.0
500.0
500.0
500.0
500.0
500.0
500.0
500.0
500.0
500.0
500.0
500.0
500.0
500.0
500.0
500.0
500.0
500.0
500.0
500.0
195.0
500.0
500.0
500.0
500.0
500.0
500.0
500.0
500.0
500.0
500.0
500.0
500.0
500.0
500.0
500.0
500.0
500.0
500.0
500.0
500.0
500.0
500.0
500.0
500.0
500.0
500.0
500.0
151.0
500.0
500.0
500.0
500.0
500.0
500.0
500.0
500.0
291.0
500.0
500.0
500.0
500.0
500.0
500.0
500.0
500.0
500.0
500.0
500.0
500.0
500.0
500.0
500.0
500.0
500.0
500.0
500.0
500.0
500.0
500.0
500.0
500.0
500.0
500.0
500.0
500.0
500.0
500.0
500.0
500.0
500.0
500.0
500.0
500.0
500.0
500.0
500.0
500.0
500.0
500.0
500.0
500.0
500.0
500.0
500.0
500.0
500.0
500.0
500.0
500.0
500.0
500.0
500.0
500.0
500.0
500.0
500.0
500.0
500.0
500.0
500.0
500.0
500.0
500.0
500.0
500.0
500.0
500.0
500.0
500.0
231.0
500.0
215.0
500.0
500.0
500.0
500.0
500.0
500.0
500.0
500.0
500.0
500.0
500.0
500.0
500.0
500.0
500.0
500.0
500.0
500.0
500.0
500.0
500.0
500.0
500.0
500.0
214.0
500.0
500.0
500.0
500.0
500.0
500.0
500.0
500.0
500.0
500.0
500.0
500.0
500.0
500.0
500.0
500.0
500.0
500.0
192.0
500.0
500.0
500.0
500.0
500.0
500.0
500.0
500.0
500.0
500.0
500.0
500.0
500.0
500.0
500.0
500.0
500.0
500.0
487.0
500.0
500.0
500.0
500.0
500.0
500.0
500.0
500.0
500.0
500.0
500.0
500.0
500.0
500.0
500.0
500.0
208.0
500.0
500.0
500.0
500.0
500.0
500.0
500.0
500.0
500.0
500.0
500.0
500.0
500.0
500.0
500.0
500.0
500.0
500.0
500.0
500.0
500.0
500.0
500.0
500.0
500.0
500.0
500.0
500.0
500.0
500.0
263.0
500.0
500.0
500.0
500.0
500.0
500.0
500.0
242.0
500.0
245.0
500.0
500.0
500.0
500.0
500.0
500.0
500.0
500.0
500.0
243.0
500.0
500.0
500.0
500.0
500.0
500.0
500.0
500.0
500.0
500.0
500.0
500.0
500.0
500.0
500.0
500.0
500.0
500.0
500.0
500.0
500.0
500.0
500.0
500.0
500.0
500.0
500.0
500.0
500.0
500.0
500.0
500.0
500.0
500.0
500.0
500.0
500.0
500.0
500.0
500.0
500.0
500.0
500.0
500.0
500.0
500.0
500.0
500.0
500.0
500.0
500.0
500.0
500.0
500.0
500.0
500.0
500.0
500.0
500.0
500.0
500.0
500.0
500.0
500.0
500.0
493.0
500.0
500.0
228.0
500.0
224.0
500.0
207.0
500.0
500.0
500.0
500.0
500.0
500.0
218.0
500.0
500.0
500.0
500.0
500.0
500.0
500.0
500.0
500.0
500.0
500.0
500.0
500.0
500.0
500.0
500.0
500.0
500.0
500.0
500.0
500.0
500.0
500.0
500.0
500.0
500.0
500.0
500.0
199.0
500.0
500.0
500.0
500.0
500.0
221.0
500.0
500.0
500.0
500.0
198.0
500.0
500.0
500.0
500.0
500.0
500.0
500.0
500.0
500.0
500.0
500.0
500.0
500.0
500.0
500.0
500.0
500.0
500.0
500.0
500.0
500.0
228.0
500.0
500.0
500.0
500.0
500.0
500.0
500.0
500.0
500.0
500.0
500.0
500.0
500.0
500.0
500.0
500.0
500.0
500.0
500.0
500.0
500.0
500.0
500.0
500.0
500.0
500.0
500.0
500.0
500.0
500.0
500.0
500.0
500.0
500.0
500.0
500.0
500.0
500.0
500.0
500.0
243.0
500.0
500.0
500.0
500.0
500.0
500.0
500.0
500.0
500.0
500.0
500.0
500.0
500.0
232.0
500.0
500.0
500.0
500.0
500.0
500.0
500.0
500.0
500.0
500.0
500.0
500.0
500.0
500.0
500.0
500.0
500.0
500.0
500.0
500.0
500.0
500.0
500.0
500.0
500.0
500.0
500.0
500.0
500.0
500.0
500.0
237.0
500.0
500.0
500.0
500.0
500.0
500.0
500.0
500.0
500.0
500.0
500.0
500.0
500.0
500.0
500.0
500.0
500.0
500.0
500.0
500.0
500.0
500.0
500.0
500.0
500.0
500.0
500.0
500.0
500.0
500.0
500.0
500.0
500.0
500.0
500.0
500.0
500.0
500.0
500.0
500.0
500.0
500.0
500.0
500.0
500.0
500.0
500.0
500.0
500.0
500.0
500.0
500.0
500.0
500.0
500.0
500.0
500.0
500.0
500.0
500.0
500.0
231.0
500.0
500.0
500.0
500.0
500.0
500.0
500.0
500.0
500.0
500.0
500.0
500.0
500.0
500.0
500.0
500.0
500.0
500.0
500.0
500.0
500.0
500.0
500.0
500.0
500.0
500.0
500.0
500.0
500.0
500.0
500.0
500.0
500.0
500.0
189.0
500.0
500.0
500.0
500.0
500.0
500.0
500.0
500.0
500.0
500.0
500.0
500.0
500.0
500.0
500.0
500.0
500.0
500.0
500.0
500.0
500.0
500.0
245.0
500.0
500.0
244.0
500.0
500.0
500.0
500.0
500.0
500.0
500.0
500.0
500.0
179.0
500.0
500.0
500.0
500.0
500.0
500.0
500.0
500.0
500.0
500.0
259.0
500.0
174.0
500.0
500.0
500.0
500.0
293.0
500.0
500.0
500.0
500.0
500.0
500.0
500.0
500.0
500.0
500.0
500.0
500.0
500.0
500.0
500.0
348.0
500.0
500.0
500.0
500.0
500.0
500.0
500.0
500.0
500.0
500.0
500.0
500.0
500.0
500.0
500.0
500.0
500.0
500.0
500.0
500.0
500.0
187.0
500.0
500.0
500.0
500.0
500.0
500.0
500.0
500.0
500.0
500.0
500.0
500.0
500.0
500.0
500.0
500.0
500.0
172.0
190.0
500.0
500.0
500.0
500.0
500.0
500.0
500.0
500.0
500.0
500.0
500.0
500.0
500.0
500.0
229.0
500.0
500.0
500.0
500.0
500.0
500.0
500.0
500.0
500.0
500.0
500.0
500.0
500.0
500.0
500.0
500.0
500.0
500.0
500.0
500.0
500.0
500.0
500.0
500.0
500.0
500.0
500.0
500.0
500.0
500.0
500.0
500.0
500.0
500.0
500.0
500.0
500.0
500.0
500.0
500.0
500.0
500.0
187.0
500.0
500.0
251.0
500.0
500.0
500.0
500.0
500.0
500.0
500.0
500.0
500.0
500.0
500.0
500.0
500.0
500.0
500.0
239.0
500.0
500.0
500.0
500.0
500.0
500.0
500.0
500.0
500.0
500.0
500.0
500.0
500.0
500.0
500.0
500.0
500.0
217.0
246.0
500.0
500.0
500.0
500.0
500.0
500.0
500.0
500.0
500.0
500.0
500.0
500.0
500.0
500.0
500.0
500.0
500.0
500.0
500.0
500.0
500.0
500.0
500.0
500.0
500.0
500.0
500.0
500.0
500.0
500.0
500.0
500.0
500.0
500.0
500.0
500.0
500.0
500.0
500.0
500.0
500.0
500.0
500.0
500.0
500.0
500.0
500.0
500.0
500.0
500.0
500.0
500.0
500.0
500.0
500.0
500.0
500.0
500.0
500.0
500.0
500.0
500.0
500.0
500.0
500.0
500.0
500.0
254.0
500.0
500.0
500.0
500.0
500.0
500.0
500.0
500.0
500.0
500.0
500.0
500.0
500.0
500.0
500.0
500.0
500.0
500.0
500.0
500.0
500.0
500.0
500.0
500.0
500.0
500.0
500.0
500.0
500.0
500.0
500.0
500.0
500.0
500.0
500.0
500.0
500.0
500.0
500.0
500.0
500.0
500.0
500.0
500.0
500.0
500.0
500.0
500.0
500.0
500.0
500.0
500.0
500.0
500.0
500.0
500.0
500.0
500.0
500.0
500.0
500.0
500.0
500.0
500.0
500.0
500.0
500.0
500.0
500.0
500.0
500.0
500.0
500.0
500.0
500.0
500.0
500.0
500.0
500.0
500.0
500.0
500.0
500.0
500.0
500.0
500.0
423.0
500.0
500.0
500.0
500.0
500.0
500.0
500.0
500.0
500.0
500.0
500.0
500.0
500.0
500.0
500.0
500.0
500.0
500.0
500.0
197.0
500.0
500.0
500.0
500.0
500.0
500.0
500.0
500.0
500.0
500.0
500.0
500.0
500.0
500.0
500.0
500.0
500.0
500.0
500.0
500.0
500.0
500.0
500.0
500.0
500.0
500.0
500.0
500.0
500.0
500.0
500.0
500.0
500.0
500.0
500.0
500.0
500.0
500.0
500.0
500.0
500.0
500.0
500.0
500.0
500.0
500.0
500.0
500.0
500.0
500.0
500.0
500.0
500.0
500.0
500.0
500.0
500.0
500.0
500.0
500.0
500.0
500.0
500.0
500.0
500.0
500.0
500.0
500.0
500.0
500.0
500.0
500.0
500.0
500.0
500.0
500.0
500.0
500.0
500.0
500.0
500.0
500.0
225.0
500.0
500.0
500.0
500.0
500.0
500.0
500.0
500.0
500.0
500.0
500.0
500.0
500.0
500.0
500.0
500.0
500.0
500.0
500.0
500.0
500.0
500.0
500.0
500.0
500.0
500.0
500.0
500.0
500.0
500.0
500.0
500.0
500.0
500.0
500.0
500.0
500.0
499.0
500.0
500.0
500.0
500.0
500.0
500.0
500.0
500.0
500.0
500.0
500.0
500.0
500.0
229.0
500.0
500.0
500.0
500.0
500.0
500.0
500.0
500.0
500.0
500.0
500.0
500.0
500.0
500.0
500.0
500.0
500.0
500.0
500.0
500.0
500.0
500.0
500.0
500.0
500.0
500.0
500.0
500.0
500.0
500.0
500.0
500.0
500.0
500.0
500.0
500.0
500.0
500.0
500.0
500.0
500.0
500.0
500.0
226.0
500.0
500.0
500.0
500.0
500.0
500.0
500.0
500.0
500.0
500.0
500.0
500.0
500.0
500.0
500.0
500.0
500.0
500.0
500.0
500.0
500.0
500.0
500.0
500.0
500.0
500.0
500.0
500.0
500.0
500.0
500.0
500.0
207.0
500.0
500.0
500.0
500.0
500.0
500.0
500.0
500.0
500.0
500.0
500.0
500.0
500.0
500.0
500.0
500.0
500.0
500.0
500.0
500.0
500.0
500.0
500.0
500.0
500.0
500.0
219.0
500.0
500.0
500.0
500.0
500.0
500.0
500.0
500.0
500.0
500.0
500.0
500.0
500.0
500.0
500.0
500.0
500.0
500.0
500.0
500.0
500.0
500.0
500.0
500.0
500.0
500.0
500.0
500.0
500.0
500.0
500.0
500.0
500.0
500.0
500.0
500.0
500.0
500.0
500.0
500.0
500.0
500.0
500.0
500.0
500.0
500.0
500.0
500.0
500.0
500.0
500.0
500.0
500.0
500.0
500.0
500.0
500.0
500.0
500.0
500.0
500.0
500.0
204.0
500.0
500.0
500.0
500.0
500.0
500.0
500.0
500.0
500.0
500.0
500.0
500.0
500.0
500.0
500.0
500.0
500.0
500.0
500.0
199.0
500.0
500.0
500.0
500.0
500.0
258.0
500.0
500.0
500.0
500.0
500.0
500.0
500.0
500.0
500.0
500.0
500.0
500.0
500.0
500.0
242.0
500.0
500.0
500.0
500.0
500.0
500.0
500.0
500.0
500.0
500.0
500.0
500.0
500.0
251.0
500.0
500.0
500.0
500.0
500.0
500.0
500.0
219.0
500.0
500.0
500.0
500.0
500.0
500.0
500.0
500.0
500.0
500.0
221.0
500.0
500.0
500.0
500.0
500.0
500.0
500.0
500.0
500.0
500.0
500.0
500.0
500.0
500.0
500.0
500.0
500.0
500.0
500.0
500.0
500.0
500.0
500.0
500.0
500.0
500.0
500.0
500.0
500.0
500.0
500.0
500.0
500.0
500.0
229.0
500.0
500.0
500.0
500.0
500.0
500.0
500.0
500.0
500.0
500.0
500.0
500.0
500.0
500.0
500.0
500.0
500.0
500.0
500.0
500.0
500.0
500.0
500.0
500.0
500.0
500.0
500.0
500.0
500.0
500.0
500.0
500.0
500.0
500.0
500.0
500.0
500.0
500.0
500.0
500.0
500.0
500.0
500.0
500.0
500.0
500.0
500.0
500.0
270.0
500.0
500.0
500.0
185.0
500.0
500.0
500.0
500.0
500.0
500.0
500.0
500.0
500.0
500.0
500.0
500.0
500.0
500.0
500.0
500.0
500.0
500.0
500.0
500.0
500.0
500.0
500.0
500.0
500.0
500.0
500.0
500.0
500.0
500.0
500.0
500.0
500.0
500.0
500.0
500.0
500.0
500.0
500.0
500.0
500.0
260.0
500.0
500.0
500.0
500.0
500.0
500.0
500.0
500.0
500.0
500.0
500.0
500.0
500.0
500.0
500.0
500.0
500.0
500.0
500.0
500.0
500.0
500.0
500.0
500.0
500.0
500.0
500.0
500.0
500.0
500.0
500.0
500.0
500.0
500.0
500.0
500.0
208.0
500.0
500.0
500.0
500.0
500.0
500.0
500.0
500.0
500.0
500.0
500.0
500.0
500.0
500.0
500.0
500.0
500.0
500.0
500.0
500.0
500.0
500.0
500.0
500.0
500.0
500.0
500.0
500.0
500.0
500.0
500.0
500.0
500.0
500.0
201.0
500.0
500.0
500.0
500.0
500.0
500.0
500.0
500.0
500.0
500.0
500.0
500.0
500.0
500.0
500.0
500.0
500.0
500.0
500.0
500.0
500.0
500.0
500.0
500.0
500.0
232.0
500.0
500.0
500.0
500.0
500.0
500.0
500.0
500.0
500.0
500.0
500.0
500.0
500.0
500.0
500.0
500.0
500.0
500.0
500.0
500.0
500.0
500.0
500.0
500.0
500.0
500.0
500.0
500.0
500.0
500.0
500.0
500.0
500.0
500.0
500.0
500.0
500.0
500.0
500.0
500.0
500.0
500.0
500.0
500.0
500.0
500.0
231.0
500.0
500.0
500.0
500.0
500.0
500.0
500.0
500.0
500.0
500.0
500.0
500.0
500.0
500.0
500.0
500.0
500.0
500.0
500.0
500.0
500.0
500.0
500.0
500.0
500.0
500.0
500.0
500.0
500.0
500.0
500.0
500.0
500.0
500.0
500.0
500.0
500.0
500.0
500.0
500.0
500.0
500.0
500.0
500.0
500.0
500.0
500.0
500.0
500.0
500.0
500.0
427.0
500.0
500.0
500.0
500.0
500.0
500.0
500.0
500.0
189.0
500.0
500.0
500.0
500.0
500.0
500.0
500.0
500.0
500.0
500.0
500.0
500.0
500.0
500.0
500.0
500.0
500.0
500.0
500.0
500.0
500.0
500.0
500.0
500.0
500.0
500.0
491.0
500.0
500.0
500.0
212.0
500.0
500.0
500.0
500.0
500.0
233.0
500.0
500.0
500.0
500.0
500.0
500.0
500.0
500.0
500.0
500.0
500.0
500.0
500.0
500.0
500.0
500.0
500.0
500.0
500.0
500.0
500.0
500.0
500.0
500.0
500.0
500.0
500.0
500.0
500.0
500.0
500.0
500.0
500.0
500.0
500.0
500.0
500.0
500.0
500.0
500.0
500.0
500.0
500.0
500.0
500.0
500.0
500.0
500.0
500.0
500.0
500.0
500.0
205.0
500.0
500.0
500.0
500.0
500.0
500.0
500.0
500.0
500.0
500.0
500.0
500.0
213.0
500.0
500.0
500.0
500.0
500.0
500.0
500.0
500.0
500.0
500.0
500.0
500.0
500.0
500.0
500.0
500.0
500.0
500.0
500.0
500.0
500.0
500.0
500.0
500.0
500.0
500.0
500.0
500.0
500.0
500.0
500.0
500.0
500.0
500.0
500.0
500.0
500.0
500.0
500.0
500.0
500.0
500.0
500.0
500.0
500.0
500.0
500.0
500.0
500.0
500.0
500.0
500.0
500.0
267.0
500.0
500.0
500.0
500.0
500.0
500.0
500.0
500.0
500.0
500.0
500.0
500.0
500.0
500.0
500.0
500.0
257.0
500.0
500.0
500.0
500.0
500.0
500.0
500.0
500.0
500.0
500.0
500.0
500.0
500.0
500.0
500.0
500.0
500.0
500.0
223.0
227.0
500.0
500.0
237.0
500.0
500.0
500.0
500.0
500.0
500.0
500.0
500.0
500.0
500.0
500.0
500.0
500.0
500.0
500.0
500.0
500.0
500.0
500.0
500.0
500.0
500.0
500.0
500.0
500.0
500.0
500.0
500.0
500.0
500.0
500.0
500.0
500.0
500.0
500.0
252.0
500.0
500.0
500.0
500.0
500.0
500.0
500.0
500.0
500.0
500.0
500.0
500.0
500.0
500.0
500.0
500.0
500.0
500.0
500.0
500.0
500.0
500.0
500.0
500.0
500.0
500.0
500.0
500.0
500.0
500.0
500.0
500.0
500.0
500.0
500.0
500.0
500.0
500.0
500.0
500.0
500.0
500.0
500.0
500.0
500.0
500.0
500.0
500.0
500.0
500.0
500.0
500.0
500.0
500.0
500.0
500.0
500.0
500.0
500.0
500.0
500.0
500.0
500.0
500.0
500.0
500.0
500.0
261.0
500.0
500.0
500.0
500.0
500.0
500.0
500.0
500.0
500.0
500.0
500.0
500.0
500.0
500.0
500.0
500.0
500.0
500.0
500.0
500.0
500.0
500.0
500.0
370.0
500.0
500.0
500.0
500.0
500.0
500.0
500.0
500.0
500.0
500.0
500.0
500.0
500.0
500.0
500.0
500.0
500.0
500.0
500.0
500.0
500.0
500.0
500.0
500.0
500.0
500.0
500.0
500.0
500.0
500.0
500.0
500.0
500.0
500.0
500.0
500.0
500.0
500.0
500.0
500.0
500.0
500.0
500.0
500.0
500.0
500.0
500.0
500.0
500.0
500.0
500.0
500.0
500.0
500.0
500.0
500.0
500.0
500.0
500.0
500.0
500.0
500.0
500.0
500.0
500.0
191.0
500.0
500.0
500.0
500.0
500.0
500.0
500.0
500.0
500.0
500.0
500.0
500.0
500.0
500.0
500.0
500.0
500.0
500.0
500.0
500.0
500.0
500.0
500.0
500.0
500.0
500.0
500.0
500.0
500.0
500.0
500.0
500.0
500.0
500.0
500.0
500.0
500.0
500.0
500.0
500.0
500.0
500.0
500.0
500.0
500.0
500.0
500.0
500.0
500.0
500.0
500.0
500.0
500.0
500.0
500.0
500.0
500.0
500.0
500.0
500.0
500.0
500.0
500.0
500.0
500.0
500.0
500.0
500.0
500.0
500.0
500.0
500.0
500.0
500.0
500.0
500.0
500.0
500.0
500.0
500.0
500.0
500.0
500.0
500.0
500.0
500.0
500.0
500.0
500.0
500.0
500.0
500.0
500.0
500.0
500.0
500.0
500.0
500.0
500.0
500.0
500.0
500.0
500.0
500.0
500.0
500.0
500.0
500.0
500.0
500.0
500.0
500.0
500.0
500.0
500.0
500.0
500.0
500.0
500.0
500.0
500.0
500.0
500.0
500.0
500.0
500.0
500.0
500.0
500.0
500.0
500.0
500.0
500.0
500.0
500.0
500.0
500.0
500.0
500.0
500.0
500.0
500.0
500.0
500.0
500.0
500.0
500.0
500.0
500.0
500.0
500.0
500.0
500.0
500.0
500.0
500.0
500.0
500.0
500.0
500.0
500.0
189.0
500.0
500.0
500.0
500.0
500.0
500.0
500.0
500.0
244.0
500.0
500.0
500.0
500.0
500.0
500.0
500.0
500.0
500.0
500.0
500.0
500.0
500.0
500.0
500.0
500.0
500.0
500.0
500.0
500.0
500.0
500.0
500.0
500.0
500.0
500.0
500.0
500.0
500.0
500.0
500.0
500.0
500.0
500.0
500.0
500.0
500.0
500.0
500.0
237.0
500.0
500.0
500.0
500.0
500.0
500.0
500.0
500.0
500.0
500.0
500.0
255.0
500.0
500.0
500.0
500.0
500.0
500.0
500.0
500.0
500.0
500.0
500.0
188.0
500.0
500.0
500.0
500.0
500.0
209.0
500.0
500.0
500.0
500.0
500.0
500.0
500.0
500.0
500.0
500.0
500.0
500.0
294.0
500.0
500.0
500.0
500.0
500.0
500.0
500.0
500.0
500.0
500.0
500.0
500.0
500.0
185.0
500.0
500.0
500.0
500.0
205.0
500.0
500.0
500.0
500.0
500.0
500.0
500.0
500.0
500.0
500.0
500.0
500.0
500.0
500.0
500.0
500.0
500.0
500.0
500.0
500.0
500.0
500.0
500.0
500.0
500.0
500.0
500.0
500.0
500.0
500.0
500.0
500.0
500.0
500.0
500.0
500.0
500.0
403.0
500.0
500.0
500.0
500.0
233.0
500.0
500.0
500.0
500.0
500.0
500.0
500.0
500.0
500.0
500.0
500.0
255.0
500.0
500.0
500.0
500.0
500.0
500.0
500.0
500.0
500.0
500.0
500.0
500.0
210.0
500.0
500.0
500.0
500.0
500.0
500.0
500.0
500.0
500.0
500.0
500.0
500.0
500.0
500.0
500.0
500.0
500.0
500.0
500.0
500.0
500.0
500.0
500.0
500.0
500.0
500.0
500.0
500.0
500.0
500.0
500.0
500.0
500.0
500.0
500.0
500.0
500.0
500.0
500.0
500.0
500.0
500.0
500.0
500.0
500.0
500.0
500.0
259.0
500.0
500.0
500.0
500.0
500.0
500.0
500.0
500.0
500.0
500.0
500.0
500.0
185.0
500.0
500.0
500.0
500.0
500.0
500.0
500.0
500.0
500.0
500.0
500.0
500.0
500.0
500.0
500.0
500.0
500.0
500.0
500.0
500.0
500.0
500.0
500.0
500.0
500.0
500.0
500.0
500.0
500.0
500.0
500.0
500.0
500.0
199.0
500.0
500.0
500.0
500.0
500.0
500.0
500.0
500.0
500.0
500.0
500.0
500.0
500.0
500.0
500.0
211.0
500.0
500.0
500.0
500.0
500.0
500.0
500.0
500.0
500.0
500.0
500.0
500.0
500.0
500.0
500.0
500.0
500.0
500.0
500.0
500.0
500.0
500.0
500.0
500.0
500.0
500.0
500.0
500.0
500.0
500.0
500.0
500.0
500.0
500.0
500.0
500.0
489.0
500.0
500.0
500.0
500.0
500.0
500.0
500.0
500.0
500.0
500.0
500.0
500.0
500.0
500.0
500.0
500.0
500.0
500.0
500.0
500.0
500.0
500.0
500.0
500.0
500.0
500.0
500.0
500.0
500.0
500.0
500.0
500.0
500.0
500.0
500.0
500.0
500.0
500.0
500.0
500.0
500.0
500.0
500.0
500.0
500.0
500.0
500.0
500.0
500.0
500.0
500.0
500.0
500.0
500.0
500.0
500.0
500.0
500.0
239.0
500.0
500.0
500.0
500.0
500.0
500.0
500.0
500.0
500.0
500.0
500.0
500.0
500.0
500.0
500.0
500.0
500.0
500.0
500.0
500.0
500.0
500.0
500.0
500.0
500.0
500.0
500.0
500.0
500.0
500.0
500.0
500.0
500.0
500.0
500.0
500.0
500.0
500.0
500.0
500.0
500.0
500.0
500.0
500.0
500.0
500.0
500.0
500.0
500.0
500.0
500.0
500.0
500.0
500.0
500.0
500.0
500.0
500.0
500.0
500.0
500.0
500.0
500.0
500.0
500.0
500.0
500.0
500.0
500.0
500.0
500.0
500.0
500.0
500.0
500.0
500.0
500.0
500.0
500.0
500.0
500.0
500.0
500.0
500.0
500.0
500.0
500.0
500.0
500.0
500.0
500.0
500.0
500.0
500.0
500.0
500.0
500.0
500.0
500.0
500.0
251.0
500.0
500.0
500.0
500.0
500.0
500.0
500.0
500.0
500.0
500.0
500.0
500.0
500.0
500.0
500.0
500.0
500.0
500.0
500.0
500.0
500.0
500.0
500.0
500.0
500.0
500.0
500.0
500.0
500.0
500.0
195.0
500.0
500.0
500.0
500.0
500.0
500.0
500.0
500.0
500.0
500.0
500.0
500.0
500.0
500.0
500.0
500.0
500.0
500.0
500.0
500.0
500.0
500.0
500.0
500.0
500.0
500.0
185.0
500.0
500.0
500.0
500.0
500.0
500.0
500.0
500.0
500.0
500.0
500.0
500.0
500.0
500.0
500.0
500.0
500.0
500.0
500.0
500.0
206.0
500.0
500.0
500.0
500.0
500.0
500.0
500.0
500.0
500.0
500.0
500.0
500.0
500.0
500.0
500.0
500.0
500.0
500.0
500.0
500.0
500.0
500.0
500.0
500.0
500.0
500.0
500.0
500.0
500.0
500.0
500.0
500.0
500.0
500.0
500.0
500.0
500.0
500.0
500.0
500.0
500.0
500.0
500.0
500.0
500.0
500.0
191.0
500.0
500.0
500.0
500.0
241.0
500.0
500.0
500.0
224.0
500.0
500.0
500.0
500.0
500.0
500.0
500.0
500.0
500.0
500.0
500.0
500.0
500.0
500.0
500.0
500.0
500.0
500.0
500.0
500.0
500.0
500.0
500.0
500.0
500.0
500.0
500.0
500.0
500.0
500.0
500.0
500.0
500.0
500.0
500.0
500.0
500.0
500.0
500.0
500.0
500.0
500.0
500.0
500.0
500.0
500.0
500.0
500.0
500.0
500.0
500.0
500.0
500.0
500.0
500.0
500.0
500.0
500.0
500.0
500.0
500.0
500.0
500.0
500.0
500.0
500.0
248.0
500.0
500.0
500.0
500.0
500.0
500.0
500.0
500.0
500.0
500.0
500.0
500.0
500.0
500.0
500.0
500.0
500.0
500.0
500.0
500.0
500.0
500.0
500.0
500.0
500.0
500.0
500.0
500.0
500.0
500.0
500.0
500.0
500.0
500.0
500.0
500.0
500.0
500.0
500.0
500.0
500.0
500.0
500.0
500.0
500.0
500.0
500.0
500.0
500.0
500.0
229.0
500.0
500.0
500.0
500.0
500.0
500.0
500.0
500.0
500.0
500.0
500.0
500.0
500.0
191.0
500.0
500.0
500.0
500.0
500.0
500.0
500.0
500.0
500.0
500.0
500.0
500.0
500.0
500.0
500.0
500.0
500.0
500.0
500.0
500.0
500.0
500.0
500.0
500.0
500.0
500.0
500.0
500.0
500.0
500.0
500.0
500.0
500.0
500.0
500.0
500.0
500.0
500.0
500.0
500.0
500.0
500.0
500.0
500.0
500.0
500.0
500.0
500.0
500.0
500.0
500.0
500.0
500.0
500.0
500.0
500.0
500.0
500.0
500.0
500.0
500.0
500.0
500.0
500.0
500.0
500.0
500.0
500.0
500.0
500.0
500.0
500.0
500.0
500.0
187.0
500.0
500.0
500.0
500.0
500.0
500.0
245.0
500.0
500.0
500.0
500.0
500.0
500.0
500.0
500.0
500.0
500.0
500.0
500.0
500.0
500.0
500.0
500.0
500.0
240.0
500.0
500.0
500.0
500.0
500.0
500.0
500.0
500.0
500.0
500.0
500.0
500.0
500.0
500.0
500.0
500.0
500.0
500.0
500.0
500.0
500.0
186.0
500.0
500.0
500.0
500.0
500.0
500.0
500.0
500.0
500.0
500.0
500.0
500.0
500.0
500.0
500.0
500.0
500.0
500.0
500.0
500.0
500.0
500.0
500.0
500.0
500.0
500.0
500.0
500.0
500.0
500.0
500.0
500.0
500.0
239.0
500.0
500.0
500.0
500.0
500.0
500.0
500.0
500.0
500.0
500.0
500.0
500.0
500.0
500.0
500.0
500.0
500.0
500.0
500.0
500.0
500.0
500.0
500.0
500.0
500.0
500.0
500.0
500.0
500.0
500.0
500.0
500.0
500.0
500.0
500.0
500.0
500.0
500.0
500.0
500.0
500.0
500.0
500.0
500.0
500.0
500.0
500.0
500.0
500.0
500.0
500.0
500.0
500.0
500.0
500.0
500.0
500.0
500.0
500.0
500.0
500.0
500.0
500.0
500.0
500.0
500.0
500.0
500.0
500.0
500.0
500.0
500.0
500.0
500.0
500.0
500.0
500.0
500.0
500.0
500.0
500.0
179.0
500.0
500.0
235.0
500.0
500.0
500.0
500.0
500.0
500.0
500.0
500.0
500.0
500.0
216.0
500.0
500.0
500.0
500.0
500.0
500.0
500.0
500.0
500.0
500.0
500.0
179.0
500.0
500.0
500.0
500.0
500.0
500.0
500.0
500.0
500.0
500.0
500.0
500.0
500.0
500.0
500.0
500.0
500.0
500.0
500.0
500.0
500.0
500.0
500.0
500.0
500.0
500.0
500.0
500.0
500.0
500.0
500.0
500.0
500.0
500.0
500.0
500.0
500.0
500.0
500.0
500.0
500.0
500.0
500.0
500.0
500.0
500.0
500.0
221.0
500.0
500.0
500.0
500.0
500.0
500.0
500.0
500.0
500.0
500.0
500.0
500.0
500.0
500.0
500.0
500.0
500.0
500.0
500.0
500.0
500.0
500.0
500.0
500.0
500.0
500.0
500.0
500.0
500.0
500.0
500.0
500.0
500.0
500.0
500.0
500.0
500.0
236.0
500.0
500.0
500.0
500.0
500.0
500.0
500.0
500.0
500.0
500.0
500.0
500.0
500.0
500.0
500.0
500.0
500.0
500.0
500.0
500.0
500.0
500.0
500.0
500.0
500.0
500.0
500.0
500.0
500.0
500.0
500.0
500.0
500.0
500.0
500.0
500.0
500.0
500.0
500.0
500.0
500.0
500.0
500.0
500.0
500.0
500.0
500.0
500.0
500.0
500.0
500.0
500.0
500.0
500.0
500.0
500.0
500.0
500.0
500.0
500.0
500.0
500.0
500.0
500.0
500.0
500.0
500.0
500.0
500.0
500.0
500.0
500.0
500.0
500.0
500.0
500.0
500.0
500.0
500.0
500.0
500.0
500.0
500.0
500.0
500.0
500.0
500.0
500.0
500.0
500.0
500.0
500.0
500.0
500.0
500.0
500.0
500.0
201.0
500.0
202.0
500.0
500.0
500.0
500.0
500.0
500.0
500.0
500.0
500.0
500.0
500.0
500.0
500.0
500.0
500.0
500.0
500.0
500.0
500.0
500.0
500.0
500.0
500.0
500.0
500.0
500.0
500.0
449.0
500.0
500.0
500.0
500.0
500.0
199.0
500.0
500.0
500.0
500.0
500.0
500.0
500.0
500.0
500.0
500.0
500.0
500.0
500.0
500.0
500.0
500.0
500.0
500.0
500.0
500.0
500.0
500.0
500.0
500.0
500.0
500.0
500.0
342.0
500.0
500.0
500.0
500.0
183.0
500.0
500.0
500.0
500.0
500.0
500.0
500.0
500.0
500.0
500.0
500.0
500.0
500.0
500.0
500.0
500.0
500.0
500.0
500.0
500.0
500.0
500.0
500.0
500.0
500.0
500.0
500.0
500.0
500.0
500.0
500.0
500.0
500.0
500.0
500.0
500.0
500.0
500.0
500.0
500.0
500.0
500.0
500.0
500.0
500.0
500.0
500.0
500.0
500.0
500.0
500.0
500.0
500.0
500.0
500.0
500.0
500.0
500.0
500.0
207.0
500.0
500.0
500.0
500.0
263.0
500.0
500.0
500.0
500.0
500.0
500.0
500.0
500.0
500.0
500.0
500.0
500.0
500.0
500.0
500.0
500.0
500.0
500.0
500.0
500.0
500.0
500.0
500.0
500.0
500.0
500.0
500.0
500.0
500.0
500.0
500.0
500.0
500.0
500.0
500.0
500.0
500.0
500.0
500.0
500.0
500.0
500.0
500.0
500.0
500.0
500.0
500.0
500.0
500.0
500.0
500.0
500.0
500.0
500.0
500.0
500.0
500.0
500.0
500.0
500.0
500.0
500.0
500.0
500.0
182.0
500.0
500.0
500.0
500.0
500.0
500.0
500.0
500.0
234.0
500.0
500.0
500.0
500.0
500.0
500.0
500.0
500.0
500.0
500.0
500.0
500.0
500.0
500.0
500.0
500.0
500.0
500.0
229.0
500.0
500.0
227.0
500.0
500.0
500.0
500.0
500.0
500.0
500.0
500.0
500.0
500.0
500.0
500.0
500.0
500.0
500.0
500.0
500.0
500.0
500.0
500.0
500.0
500.0
500.0
500.0
500.0
500.0
500.0
500.0
187.0
500.0
500.0
500.0
500.0
500.0
500.0
500.0
500.0
500.0
192.0
500.0
500.0
500.0
500.0
500.0
500.0
500.0
500.0
500.0
500.0
500.0
500.0
500.0
500.0
500.0
189.0
208.0
500.0
500.0
500.0
500.0
500.0
212.0
500.0
500.0
500.0
500.0
500.0
500.0
500.0
500.0
500.0
500.0
500.0
500.0
500.0
500.0
500.0
500.0
500.0
500.0
500.0
500.0
500.0
500.0
500.0
500.0
500.0
175.0
500.0
500.0
500.0
500.0
500.0
500.0
500.0
500.0
500.0
500.0
500.0
500.0
500.0
500.0
500.0
500.0
500.0
500.0
500.0
500.0
500.0
500.0
500.0
500.0
500.0
500.0
500.0
500.0
500.0
500.0
500.0
500.0
500.0
500.0
500.0
500.0
500.0
500.0
500.0
500.0
500.0
500.0
500.0
500.0
500.0
500.0
500.0
500.0
500.0
500.0
500.0
500.0
500.0
500.0
500.0
500.0
500.0
500.0
500.0
500.0
500.0
500.0
500.0
500.0
500.0
500.0
500.0
500.0
500.0
500.0
500.0
500.0
500.0
500.0
500.0
500.0
500.0
500.0
198.0
500.0
500.0
500.0
500.0
500.0
500.0
500.0
500.0
500.0
500.0
500.0
500.0
500.0
500.0
500.0
500.0
500.0
500.0
500.0
500.0
500.0
500.0
500.0
500.0
500.0
500.0
500.0
500.0
500.0
500.0
221.0
500.0
500.0
500.0
500.0
500.0
500.0
500.0
500.0
500.0
500.0
500.0
500.0
500.0
500.0
500.0
500.0
500.0
500.0
500.0
500.0
500.0
500.0
500.0
500.0
500.0
500.0
500.0
500.0
500.0
500.0
500.0
500.0
500.0
500.0
500.0
500.0
500.0
500.0
500.0
500.0
500.0
500.0
500.0
500.0
500.0
500.0
500.0
500.0
500.0
500.0
500.0
500.0
500.0
500.0
500.0
500.0
500.0
500.0
500.0
500.0
500.0
500.0
500.0
500.0
500.0
500.0
500.0
500.0
500.0
500.0
229.0
500.0
500.0
500.0
500.0
500.0
500.0
500.0
500.0
500.0
500.0
242.0
500.0
500.0
500.0
500.0
500.0
500.0
500.0
500.0
500.0
500.0
500.0
500.0
500.0
500.0
500.0
500.0
500.0
214.0
500.0
192.0
500.0
500.0
500.0
500.0
500.0
500.0
500.0
500.0
500.0
500.0
500.0
500.0
500.0
500.0
500.0
500.0
500.0
500.0
500.0
500.0
500.0
500.0
500.0
500.0
500.0
500.0
500.0
500.0
500.0
500.0
500.0
500.0
500.0
500.0
500.0
500.0
500.0
500.0
500.0
500.0
500.0
500.0
500.0
500.0
500.0
500.0
500.0
500.0
500.0
500.0
500.0
500.0
500.0
500.0
500.0
500.0
500.0
500.0
500.0
500.0
500.0
500.0
500.0
500.0
500.0
500.0
500.0
500.0
500.0
500.0
500.0
500.0
500.0
500.0
500.0
500.0
500.0
500.0
500.0
500.0
500.0
500.0
259.0
500.0
500.0
500.0
500.0
500.0
500.0
500.0
500.0
500.0
500.0
500.0
500.0
500.0
500.0
500.0
500.0
500.0
500.0
500.0
500.0
500.0
500.0
500.0
500.0
500.0
500.0
500.0
500.0
500.0
500.0
500.0
500.0
500.0
500.0
500.0
500.0
500.0
500.0
500.0
500.0
500.0
500.0
500.0
500.0
222.0
500.0
500.0
500.0
500.0
500.0
500.0
500.0
500.0
500.0
500.0
500.0
500.0
500.0
500.0
500.0
500.0
500.0
500.0
500.0
500.0
500.0
500.0
500.0
500.0
500.0
500.0
500.0
500.0
500.0
500.0
500.0
500.0
215.0
500.0
500.0
500.0
500.0
500.0
500.0
500.0
500.0
500.0
500.0
500.0
500.0
500.0
500.0
500.0
500.0
275.0
500.0
500.0
500.0
500.0
500.0
500.0
500.0
500.0
500.0
500.0
500.0
500.0
500.0
500.0
500.0
500.0
500.0
500.0
500.0
500.0
500.0
500.0
500.0
500.0
500.0
500.0
500.0
500.0
500.0
500.0
500.0
500.0
500.0
500.0
500.0
500.0
500.0
500.0
500.0
500.0
500.0
500.0
500.0
500.0
500.0
500.0
500.0
500.0
500.0
500.0
500.0
500.0
500.0
500.0
500.0
500.0
500.0
500.0
500.0
500.0
500.0
500.0
500.0
500.0
500.0
500.0
500.0
500.0
500.0
500.0
500.0
500.0
500.0
500.0
178.0
500.0
500.0
500.0
500.0
500.0
500.0
500.0
500.0
500.0
500.0
500.0
199.0
500.0
500.0
500.0
500.0
500.0
500.0
500.0
177.0
500.0
189.0
500.0
500.0
500.0
500.0
500.0
500.0
299.0
500.0
500.0
500.0
500.0
500.0
500.0
500.0
500.0
500.0
500.0
500.0
500.0
500.0
500.0
500.0
500.0
500.0
500.0
500.0
500.0
500.0
500.0
500.0
500.0
500.0
500.0
500.0
500.0
500.0
500.0
500.0
500.0
500.0
500.0
500.0
500.0
500.0
500.0
500.0
500.0
500.0
500.0
500.0
500.0
500.0
500.0
500.0
500.0
500.0
500.0
500.0
500.0
500.0
500.0
500.0
500.0
500.0
500.0
500.0
500.0
500.0
500.0
500.0
500.0
500.0
500.0
500.0
500.0
500.0
500.0
500.0
500.0
500.0
500.0
500.0
500.0
206.0
500.0
500.0
500.0
500.0
500.0
500.0
500.0
500.0
500.0
500.0
500.0
500.0
500.0
500.0
500.0
500.0
500.0
500.0
500.0
500.0
500.0
500.0
500.0
500.0
500.0
500.0
500.0
500.0
500.0
500.0
500.0
500.0
500.0
500.0
500.0
500.0
500.0
500.0
500.0
500.0
500.0
500.0
500.0
500.0
500.0
500.0
500.0
500.0
500.0
500.0
500.0
500.0
500.0
500.0
500.0
500.0
500.0
500.0
500.0
500.0
500.0
500.0
500.0
500.0
500.0
500.0
500.0
500.0
500.0
500.0
199.0
500.0
500.0
500.0
500.0
500.0
500.0
500.0
500.0
500.0
500.0
500.0
500.0
500.0
500.0
500.0
500.0
500.0
500.0
500.0
500.0
500.0
500.0
500.0
500.0
500.0
500.0
500.0
500.0
500.0
500.0
500.0
500.0
500.0
500.0
500.0
500.0
500.0
500.0
500.0
500.0
500.0
500.0
500.0
500.0
500.0
500.0
500.0
500.0
500.0
500.0
500.0
500.0
500.0
478.0
500.0
500.0
500.0
500.0
500.0
500.0
500.0
500.0
500.0
500.0
500.0
500.0
500.0
500.0
500.0
500.0
500.0
500.0
500.0
500.0
500.0
500.0
500.0
500.0
500.0
500.0
500.0
500.0
500.0
500.0
500.0
500.0
500.0
500.0
500.0
500.0
500.0
500.0
500.0
500.0
500.0
500.0
500.0
500.0
500.0
500.0
500.0
500.0
500.0
500.0
500.0
500.0
500.0
500.0
500.0
500.0
500.0
500.0
500.0
500.0
500.0
500.0
500.0
500.0
500.0
500.0
500.0
500.0
500.0
500.0
500.0
480.0
500.0
500.0
500.0
500.0
500.0
500.0
500.0
500.0
500.0
500.0
500.0
500.0
500.0
500.0
500.0
500.0
500.0
500.0
500.0
500.0
500.0
500.0
500.0
500.0
500.0
500.0
500.0
500.0
500.0
500.0
500.0
500.0
500.0
500.0
500.0
500.0
500.0
500.0
500.0
500.0
500.0
500.0
500.0
500.0
500.0
494.0
500.0
500.0
500.0
500.0
500.0
500.0
500.0
500.0
500.0
500.0
500.0
500.0
500.0
500.0
500.0
500.0
500.0
500.0
500.0
500.0
500.0
500.0
500.0
500.0
500.0
500.0
500.0
500.0
500.0
500.0
500.0
500.0
500.0
500.0
500.0
500.0
500.0
500.0
500.0
500.0
500.0
500.0
500.0
500.0
500.0
500.0
500.0
500.0
500.0
500.0
500.0
500.0
500.0
500.0
500.0
500.0
500.0
500.0
500.0
500.0
500.0
500.0
500.0
500.0
500.0
474.0
500.0
500.0
500.0
500.0
500.0
500.0
500.0
500.0
500.0
500.0
500.0
500.0
500.0
500.0
500.0
500.0
500.0
500.0
500.0
500.0
500.0
500.0
500.0
500.0
500.0
500.0
500.0
500.0
500.0
500.0
500.0
500.0
500.0
500.0
500.0
500.0
500.0
500.0
500.0
500.0
500.0
500.0
500.0
500.0
500.0
500.0
500.0
500.0
500.0
500.0
500.0
500.0
500.0
500.0
500.0
500.0
500.0
500.0
500.0
500.0
500.0
500.0
500.0
500.0
500.0
500.0
500.0
500.0
500.0
500.0
500.0
500.0
500.0
500.0
500.0
500.0
500.0
500.0
500.0
500.0
500.0
500.0
500.0
500.0
500.0
500.0
500.0
500.0
500.0
500.0
500.0
500.0
500.0
500.0
500.0
500.0
500.0
500.0
500.0
500.0
500.0
500.0
500.0
500.0
500.0
500.0
500.0
500.0
500.0
500.0
500.0
500.0
500.0
500.0
500.0
500.0
500.0
500.0
500.0
500.0
500.0
500.0
500.0
500.0
500.0
500.0
500.0
500.0
500.0
500.0
500.0
500.0
500.0
500.0
500.0
500.0
500.0
500.0
500.0
500.0
500.0
500.0
500.0
500.0
500.0
500.0
500.0
500.0
500.0
500.0
500.0
500.0
500.0
500.0
500.0
500.0
500.0
500.0
500.0
500.0
500.0
500.0
500.0
500.0
500.0
500.0
500.0
500.0
500.0
500.0
500.0
500.0
500.0
500.0
500.0
500.0
500.0
500.0
500.0
500.0
500.0
500.0
500.0
479.0
500.0
500.0
500.0
500.0
500.0
500.0
500.0
500.0
500.0
500.0
500.0
500.0
500.0
500.0
500.0
500.0
500.0
500.0
500.0
500.0
500.0
500.0
500.0
500.0
500.0
500.0
500.0
500.0
500.0
500.0
500.0
500.0
500.0
500.0
500.0
500.0
500.0
500.0
500.0
500.0
500.0
500.0
500.0
500.0
500.0
500.0
500.0
500.0
500.0
500.0
500.0
500.0
500.0
500.0
500.0
500.0
500.0
500.0
500.0
500.0
500.0
500.0
500.0
500.0
500.0
500.0
500.0
500.0
500.0
500.0
500.0
500.0
500.0
500.0
500.0
500.0
500.0
500.0
500.0
500.0
500.0
500.0
500.0
500.0
500.0
500.0
500.0
500.0
500.0
500.0
500.0
500.0
500.0
500.0
500.0
500.0
500.0
500.0
500.0
500.0
500.0
500.0
500.0
500.0
500.0
500.0
500.0
500.0
500.0
500.0
500.0
500.0
500.0
500.0
500.0
500.0
500.0
500.0
500.0
500.0
500.0
500.0
500.0
500.0
500.0
500.0
500.0
500.0
500.0
500.0
500.0
500.0
500.0
500.0
500.0
500.0
500.0
500.0
500.0
500.0
500.0
500.0
500.0
500.0
500.0
500.0
500.0
500.0
500.0
500.0
500.0
500.0
500.0
500.0
500.0
500.0
500.0
500.0
500.0
500.0
500.0
500.0
500.0
500.0
500.0
500.0
500.0
500.0
500.0
500.0
500.0
500.0
500.0
500.0
500.0
500.0
500.0
500.0
500.0
500.0
500.0
500.0
500.0
500.0
500.0
500.0
500.0
500.0
500.0
500.0
500.0
500.0
500.0
500.0
500.0
500.0
500.0
500.0
500.0
500.0
500.0
500.0
500.0
500.0
500.0
500.0
500.0
500.0
500.0
500.0
500.0
500.0
500.0
500.0
500.0
500.0
500.0
500.0
500.0
500.0
500.0
500.0
500.0
500.0
500.0
500.0
500.0
500.0
500.0
500.0
500.0
500.0
500.0
500.0
500.0
500.0
500.0
500.0
500.0
500.0
500.0
500.0
500.0
500.0
500.0
500.0
500.0
500.0
500.0
500.0
500.0
500.0
500.0
500.0
500.0
500.0
500.0
500.0
500.0
500.0
500.0
500.0
500.0
500.0
500.0
500.0
500.0
500.0
500.0
500.0
500.0
500.0
500.0
500.0
500.0
500.0
500.0
500.0
500.0
500.0
500.0
500.0
500.0
500.0
500.0
500.0
500.0
500.0
500.0
500.0
500.0
500.0
500.0
500.0
500.0
500.0
500.0
500.0
500.0
500.0
500.0
500.0
500.0
500.0
500.0
500.0
500.0
500.0
500.0
500.0
500.0
500.0
500.0
500.0
500.0
500.0
500.0
500.0
500.0
500.0
500.0
500.0
500.0
500.0
500.0
500.0
500.0
500.0
500.0
500.0
500.0
482.0
500.0
500.0
500.0
500.0
500.0
500.0
500.0
500.0
500.0
500.0
500.0
500.0
500.0
500.0
500.0
500.0
500.0
500.0
500.0
500.0
500.0
500.0
500.0
500.0
500.0
500.0
500.0
500.0
500.0
500.0
500.0
500.0
500.0
500.0
500.0
500.0
500.0
500.0
500.0
500.0
500.0
500.0
500.0
500.0
500.0
500.0
500.0
500.0
500.0
500.0
500.0
500.0
500.0
500.0
500.0
500.0
500.0
500.0
500.0
500.0
500.0
500.0
500.0
500.0
500.0
500.0
500.0
500.0
500.0
500.0
500.0
500.0
500.0
500.0
500.0
500.0
500.0
500.0
500.0
500.0
500.0
500.0
500.0
500.0
500.0
500.0
500.0
500.0
500.0
500.0
500.0
500.0
500.0
500.0
500.0
500.0
500.0
500.0
500.0
500.0
500.0
500.0
500.0
500.0
500.0
500.0
500.0
500.0
500.0
500.0
500.0
500.0
500.0
500.0
500.0
500.0
500.0
500.0
500.0
500.0
500.0
500.0
500.0
500.0
500.0
500.0
500.0
500.0
500.0
500.0
500.0
500.0
500.0
500.0
500.0
500.0
500.0
500.0
500.0
500.0
500.0
500.0
500.0
500.0
500.0
500.0
500.0
500.0
500.0
500.0
500.0
500.0
500.0
500.0
500.0
500.0
500.0
500.0
500.0
500.0
500.0
500.0
500.0
500.0
500.0
500.0
500.0
500.0
500.0
500.0
500.0
500.0
500.0
500.0
500.0
500.0
500.0
500.0
500.0
500.0
500.0
500.0
500.0
500.0
500.0
500.0
500.0
500.0
500.0
500.0
500.0
500.0
500.0
500.0
500.0
500.0
500.0
500.0
500.0
500.0
500.0
500.0
500.0
500.0
500.0
500.0
500.0
500.0
500.0
500.0
500.0
500.0
500.0
500.0
500.0
500.0
500.0
500.0
500.0
500.0
500.0
500.0
500.0
500.0
500.0
500.0
500.0
500.0
500.0
500.0
500.0
500.0
500.0
500.0
500.0
500.0
500.0
500.0
500.0
500.0
500.0
500.0
500.0
500.0
500.0
500.0
500.0
500.0
500.0
500.0
500.0
500.0
500.0
500.0
500.0
500.0
500.0
500.0
500.0
500.0
500.0
500.0
500.0
500.0
500.0
500.0
500.0
500.0
500.0
500.0
500.0
500.0
500.0
500.0
500.0
500.0
500.0
500.0
500.0
500.0
500.0
500.0
500.0
500.0
500.0
500.0
500.0
500.0
500.0
500.0
500.0
500.0
500.0
500.0
500.0
500.0
500.0
500.0
500.0
500.0
500.0
500.0
500.0
500.0
500.0
500.0
500.0
500.0
500.0
500.0
500.0
500.0
500.0
500.0
500.0
500.0
500.0
500.0
500.0
500.0
500.0
500.0
500.0
500.0
500.0
500.0
500.0
500.0
500.0
500.0
500.0
500.0
500.0
500.0
500.0
500.0
500.0
500.0
500.0
500.0
500.0
500.0
500.0
500.0
500.0
500.0
500.0
500.0
500.0
500.0
500.0
500.0
500.0
500.0
500.0
500.0
500.0
500.0
500.0
500.0
500.0
500.0
500.0
500.0
500.0
500.0
500.0
500.0
500.0
500.0
500.0
500.0
500.0
500.0
500.0
500.0
500.0
500.0
500.0
500.0
500.0
500.0
500.0
500.0
500.0
500.0
500.0
500.0
500.0
500.0
500.0
500.0
500.0
500.0
500.0
500.0
500.0
500.0
500.0
500.0
500.0
500.0
500.0
500.0
500.0
500.0
500.0
500.0
500.0
500.0
500.0
500.0
500.0
500.0
500.0
500.0
500.0
500.0
500.0
500.0
500.0
500.0
500.0
500.0
500.0
500.0
500.0
500.0
500.0
500.0
500.0
500.0
500.0
500.0
500.0
500.0
500.0
500.0
500.0
500.0
500.0
500.0
500.0
500.0
500.0
500.0
500.0
500.0
500.0
500.0
500.0
500.0
500.0
500.0
500.0
500.0
500.0
500.0
500.0
500.0
500.0
500.0
500.0
500.0
500.0
500.0
500.0
500.0
500.0
500.0
500.0
500.0
500.0
500.0
500.0
500.0
500.0
500.0
500.0
500.0
500.0
500.0
500.0
500.0
500.0
500.0
500.0
500.0
500.0
500.0
500.0
500.0
500.0
500.0
500.0
500.0
500.0
500.0
500.0
500.0
500.0
500.0
500.0
500.0
500.0
500.0
500.0
500.0
500.0
500.0
500.0
500.0
500.0
500.0
500.0
500.0
500.0
500.0
500.0
500.0
500.0
500.0
500.0
500.0
500.0
500.0
500.0
500.0
500.0
500.0
500.0
500.0
500.0
500.0
500.0
500.0
500.0
500.0
500.0
500.0
500.0
500.0
500.0
500.0
500.0
500.0
500.0
500.0
500.0
500.0
500.0
500.0
500.0
500.0
500.0
500.0
500.0
500.0
500.0
500.0
500.0
500.0
500.0
500.0
500.0
500.0
500.0
500.0
500.0
500.0
500.0
500.0
500.0
500.0
500.0
500.0
500.0
500.0
500.0
500.0
500.0
500.0
500.0
500.0
500.0
500.0
500.0
500.0
500.0
500.0
500.0
500.0
500.0
500.0
500.0
500.0
500.0
500.0
500.0
500.0
500.0
500.0
500.0
500.0
500.0
500.0
500.0
500.0
500.0
500.0
500.0
500.0
500.0
500.0
500.0
500.0
500.0
500.0
500.0
500.0
500.0
500.0
500.0
500.0
500.0
500.0
500.0
500.0
500.0
500.0
500.0
500.0
500.0
500.0
500.0
500.0
500.0
500.0
500.0
500.0
500.0
500.0
500.0
500.0
500.0
500.0
500.0
500.0
500.0
500.0
500.0
500.0
500.0
500.0
500.0
500.0
500.0
500.0
500.0
500.0
500.0
500.0
500.0
500.0
500.0
500.0
500.0
500.0
500.0
500.0
500.0
500.0
500.0
500.0
500.0
500.0
500.0
500.0
500.0
500.0
500.0
500.0
500.0
500.0
500.0
500.0
500.0
500.0
500.0
500.0
500.0
500.0
500.0
500.0
500.0
500.0
500.0
500.0
500.0
500.0
500.0
500.0
500.0
500.0