10.0
10.0
10.0
8.0
10.0
9.0
9.0
10.0
11.0
9.0
9.0
11.0
10.0
10.0
10.0
10.0
11.0
11.0
11.0
9.0
10.0
11.0
11.0
12.0
9.0
12.0
10.0
14.0
10.0
11.0
11.0
12.0
15.0
15.0
9.0
19.0
13.0
18.0
10.0
21.0
23.0
15.0
19.0
26.0
23.0
29.0
10.0
17.0
14.0
27.0
11.0
26.0
29.0
21.0
29.0
34.0
22.0
32.0
30.0
18.0
34.0
41.0
33.0
22.0
65.0
29.0
24.0
13.0
33.0
62.0
91.0
500.0
22.0
25.0
113.0
47.0
22.0
500.0
26.0
500.0
28.0
27.0
34.0
78.0
476.0
500.0
149.0
77.0
59.0
33.0
42.0
46.0
500.0
61.0
69.0
45.0
500.0
336.0
51.0
500.0
46.0
46.0
500.0
146.0
44.0
54.0
364.0
196.0
500.0
500.0
84.0
184.0
95.0
500.0
500.0
210.0
30.0
199.0
500.0
193.0
94.0
124.0
247.0
500.0
97.0
100.0
500.0
151.0
84.0
110.0
282.0
500.0
500.0
103.0
123.0
188.0
254.0
500.0
222.0
500.0
500.0
210.0
77.0
500.0
500.0
61.0
500.0
163.0
155.0
101.0
67.0
251.0
100.0
56.0
451.0
181.0
54.0
142.0
94.0
90.0
64.0
500.0
219.0
500.0
371.0
500.0
500.0
104.0
500.0
78.0
178.0
146.0
162.0
154.0
500.0
248.0
164.0
500.0
236.0
70.0
182.0
122.0
170.0
156.0
500.0
500.0
86.0
500.0
212.0
94.0
278.0
240.0
500.0
188.0
145.0
152.0
267.0
275.0
500.0
203.0
280.0
166.0
285.0
281.0
500.0
94.0
175.0
305.0
239.0
233.0
268.0
221.0
191.0
391.0
253.0
180.0
219.0
149.0
203.0
115.0
111.0
83.0
500.0
181.0
211.0
500.0
500.0
233.0
107.0
182.0
500.0
148.0
500.0
94.0
87.0
193.0
500.0
500.0
84.0
194.0
125.0
263.0
500.0
226.0
151.0
500.0
473.0
500.0
213.0
163.0
500.0
145.0
486.0
500.0
500.0
500.0
126.0
320.0
102.0
500.0
500.0
182.0
500.0
500.0
231.0
242.0
169.0
200.0
211.0
201.0
290.0
246.0
500.0
208.0
323.0
500.0
301.0
262.0
500.0
246.0
500.0
207.0
190.0
224.0
216.0
500.0
194.0
180.0
500.0
500.0
264.0
208.0
159.0
500.0
500.0
309.0
242.0
143.0
300.0
197.0
269.0
160.0
175.0
500.0
321.0
500.0
145.0
167.0
500.0
191.0
162.0
170.0
250.0
500.0
500.0
216.0
256.0
500.0
174.0
219.0
254.0
500.0
500.0
177.0
305.0
500.0
500.0
366.0
261.0
259.0
500.0
167.0
500.0
217.0
500.0
279.0
238.0
213.0
500.0
261.0
240.0
500.0
245.0
205.0
222.0
195.0
500.0
500.0
186.0
188.0
264.0
500.0
500.0
211.0
253.0
222.0
500.0
320.0
500.0
239.0
240.0
272.0
246.0
500.0
500.0
206.0
313.0
500.0
165.0
500.0
500.0
130.0
221.0
500.0
500.0
316.0
113.0
500.0
251.0
208.0
500.0
123.0
191.0
184.0
128.0
193.0
500.0
500.0
193.0
500.0
153.0
385.0
169.0
257.0
213.0
145.0
249.0
106.0
500.0
138.0
500.0
268.0
500.0
500.0
343.0
250.0
500.0
304.0
500.0
192.0
140.0
500.0
123.0
186.0
99.0
500.0
500.0
500.0
209.0
137.0
209.0
212.0
500.0
110.0
500.0
169.0
498.0
259.0
500.0
197.0
500.0
159.0
500.0
500.0
187.0
104.0
500.0
141.0
218.0
211.0
197.0
153.0
320.0
500.0
266.0
315.0
130.0
500.0
199.0
164.0
239.0
260.0
156.0
252.0
226.0
500.0
318.0
236.0
175.0
500.0
500.0
96.0
103.0
217.0
500.0
222.0
500.0
326.0
500.0
201.0
169.0
500.0
157.0
500.0
258.0
183.0
500.0
115.0
115.0
220.0
179.0
500.0
128.0
500.0
103.0
150.0
106.0
259.0
500.0
338.0
245.0
173.0
500.0
207.0
221.0
244.0
206.0
249.0
163.0
500.0
203.0
191.0
500.0
500.0
177.0
237.0
203.0
209.0
238.0
500.0
286.0
201.0
500.0
114.0
228.0
256.0
164.0
170.0
207.0
288.0
163.0
500.0
230.0
500.0
326.0
273.0
237.0
500.0
223.0
256.0
278.0
106.0
243.0
500.0
118.0
333.0
309.0
362.0
297.0
245.0
500.0
247.0
132.0
253.0
500.0
270.0
241.0
209.0
500.0
127.0
296.0
230.0
278.0
118.0
500.0
284.0
288.0
223.0
280.0
277.0
128.0
500.0
500.0
232.0
500.0
255.0
258.0
500.0
500.0
500.0
227.0
500.0
232.0
500.0
235.0
135.0
165.0
218.0
173.0
233.0
233.0
172.0
164.0
300.0
159.0
152.0
263.0
315.0
500.0
243.0
500.0
242.0
268.0
170.0
229.0
500.0
186.0
500.0
381.0
500.0
500.0
256.0
185.0
500.0
251.0
271.0
287.0
129.0
348.0
332.0
500.0
227.0
250.0
326.0
253.0
172.0
500.0
289.0
275.0
500.0
131.0
130.0
141.0
234.0
214.0
500.0
137.0
337.0
140.0
317.0
243.0
500.0
175.0
500.0
500.0
500.0
204.0
500.0
382.0
500.0
244.0
286.0
248.0
201.0
500.0
500.0
500.0
199.0
282.0
500.0
304.0
188.0
165.0
174.0
275.0
500.0
240.0
198.0
297.0
328.0
216.0
284.0
500.0
500.0
289.0
293.0
123.0
224.0
141.0
274.0
265.0
188.0
500.0
500.0
500.0
278.0
133.0
500.0
500.0
500.0
500.0
194.0
275.0
252.0
500.0
500.0
500.0
263.0
134.0
154.0
372.0
500.0
218.0
195.0
151.0
265.0
500.0
500.0
500.0
293.0
154.0
500.0
172.0
193.0
114.0
500.0
190.0
194.0
216.0
500.0
238.0
500.0
356.0
196.0
216.0
169.0
205.0
233.0
156.0
182.0
141.0
153.0
154.0
237.0
270.0
193.0
135.0
149.0
500.0
99.0
500.0
500.0
290.0
127.0
173.0
500.0
210.0
500.0
500.0
195.0
224.0
500.0
157.0
205.0
106.0
500.0
242.0
158.0
500.0
117.0
191.0
100.0
237.0
85.0
500.0
258.0
330.0
204.0
202.0
221.0
163.0
201.0
500.0
150.0
143.0
278.0
213.0
500.0
229.0
203.0
173.0
500.0
284.0
114.0
189.0
500.0
214.0
174.0
500.0
297.0
500.0
173.0
171.0
135.0
500.0
286.0
150.0
192.0
69.0
81.0
137.0
327.0
115.0
119.0
179.0
337.0
199.0
180.0
68.0
66.0
500.0
190.0
207.0
145.0
132.0
500.0
126.0
112.0
183.0
214.0
39.0
105.0
194.0
500.0
177.0
100.0
83.0
83.0
135.0
206.0
41.0
51.0
60.0
500.0
168.0
500.0
152.0
52.0
500.0
36.0
51.0
115.0
147.0
38.0
72.0
118.0
133.0
110.0
500.0
34.0
500.0
500.0
37.0
93.0
94.0
500.0
500.0
53.0
66.0
98.0
140.0
166.0
500.0
277.0
500.0
214.0
152.0
103.0
243.0
500.0
146.0
85.0
94.0
130.0
49.0
63.0
53.0
500.0
43.0
46.0
500.0
136.0
25.0
27.0
33.0
41.0
64.0
110.0
500.0
81.0
43.0
500.0
31.0
20.0
60.0
86.0
40.0
12.0
138.0
34.0
26.0
44.0
9.0
153.0
15.0
84.0
65.0
37.0
14.0
135.0
249.0
14.0
103.0
16.0
16.0
75.0
15.0
108.0
17.0
90.0
226.0
17.0
288.0
125.0
245.0
78.0
61.0
56.0
110.0
66.0
240.0
69.0
34.0
500.0
184.0
198.0
86.0
163.0
86.0
68.0
13.0
91.0
45.0
211.0
139.0
9.0
12.0
73.0
419.0
121.0
15.0
10.0
157.0
76.0
10.0
10.0
11.0
135.0
23.0
500.0
191.0
37.0
115.0
500.0
16.0
68.0
60.0
279.0
152.0
137.0
273.0
138.0
84.0
211.0
500.0
268.0
500.0
177.0
500.0
194.0
446.0
500.0
500.0
500.0
500.0
500.0
205.0
500.0
500.0
500.0
259.0
295.0
500.0
500.0
292.0
268.0
384.0
224.0
135.0
142.0
500.0
500.0
500.0
346.0
500.0
500.0
500.0
435.0
103.0
145.0
500.0
500.0
119.0
11.0
469.0
279.0
500.0
500.0
125.0
500.0
500.0
500.0
31.0
500.0
38.0
500.0
466.0
500.0
500.0
500.0
500.0
500.0
500.0
500.0
500.0
500.0
500.0
500.0
500.0
500.0
500.0
500.0
500.0
500.0
500.0
500.0
500.0
500.0
500.0
500.0
500.0
500.0
500.0
500.0
500.0
500.0
500.0
500.0
500.0
500.0
500.0
500.0
500.0
500.0
500.0
500.0
500.0
500.0
500.0
500.0
500.0
500.0
500.0
500.0
500.0
500.0
500.0
500.0
500.0
500.0
500.0
500.0
500.0
500.0
500.0
500.0
500.0
500.0
500.0
500.0
500.0
500.0
500.0
500.0
500.0
500.0
500.0
500.0
500.0
500.0
500.0
500.0
500.0
500.0
500.0
500.0
500.0
500.0
500.0
500.0
500.0
500.0
500.0
500.0
500.0
500.0
500.0
500.0
500.0
500.0
500.0
500.0
500.0
500.0
500.0
500.0
500.0
487.0
500.0
500.0
500.0
500.0
500.0
500.0
500.0
500.0
500.0
500.0
500.0
500.0
500.0
500.0
500.0
500.0
500.0
500.0
500.0
500.0
500.0
500.0
500.0
500.0
500.0
500.0
500.0
500.0
500.0
500.0
500.0
500.0
500.0
500.0
500.0
500.0
500.0
500.0
500.0
500.0
500.0
500.0
500.0
500.0
500.0
500.0
500.0
500.0
500.0
500.0
500.0
500.0
500.0
500.0
500.0
500.0
500.0
500.0
500.0
500.0
500.0
500.0
500.0
500.0
500.0
500.0
500.0
500.0
500.0
500.0
500.0
500.0
500.0
500.0
500.0
500.0
500.0
500.0
500.0
500.0
500.0
500.0
500.0
500.0
500.0
500.0
500.0
500.0
500.0
500.0
500.0
500.0
500.0
500.0
500.0
500.0
500.0
500.0
500.0
500.0
500.0
500.0
500.0
500.0
500.0
500.0
500.0
500.0
500.0
500.0
500.0
500.0
500.0
500.0
500.0
500.0
500.0
500.0
500.0
500.0
500.0
500.0
500.0
500.0
500.0
500.0
500.0
500.0
500.0
500.0
500.0
500.0
500.0
500.0
500.0
500.0
500.0
500.0
500.0
500.0
500.0
500.0
500.0
500.0
500.0
500.0
500.0
500.0
500.0
500.0
500.0
500.0
500.0
500.0
500.0
500.0
500.0
500.0
500.0
500.0
500.0
500.0
500.0
500.0
500.0
500.0
500.0
500.0
500.0
500.0
500.0
500.0
500.0
500.0
500.0
500.0
363.0
500.0
500.0
500.0
500.0
500.0
500.0
500.0
500.0
500.0
500.0
500.0
500.0
500.0
500.0
500.0
500.0
500.0
500.0
500.0
500.0
500.0
500.0
500.0
500.0
500.0
500.0
500.0
500.0
500.0
500.0
500.0
500.0
500.0
500.0
500.0
500.0
500.0
500.0
500.0
500.0
500.0
500.0
500.0
500.0
500.0
500.0
500.0
500.0
500.0
500.0
500.0
500.0
500.0
500.0
500.0
500.0
500.0
500.0
500.0
500.0
500.0
500.0
500.0
500.0
500.0
500.0
500.0
500.0
500.0
500.0
500.0
500.0
500.0
500.0
500.0
500.0
500.0
500.0
500.0
500.0
500.0
500.0
500.0
500.0
500.0
500.0
500.0
500.0
500.0
500.0
500.0
500.0
500.0
500.0
500.0
500.0
500.0
500.0
500.0
500.0
500.0
500.0
500.0
500.0
500.0
500.0
500.0
500.0
500.0
500.0
500.0
500.0
500.0
475.0
500.0
500.0
500.0
500.0
500.0
500.0
500.0
491.0
500.0
500.0
500.0
500.0
500.0
500.0
500.0
500.0
500.0
500.0
500.0
500.0
500.0
500.0
500.0
500.0
500.0
500.0
500.0
500.0
500.0
500.0
500.0
500.0
500.0
500.0
500.0
500.0
500.0
500.0
500.0
500.0
500.0
500.0
500.0
500.0
500.0
500.0
500.0
500.0
500.0
500.0
500.0
500.0
500.0
500.0
500.0
500.0
500.0
500.0
500.0
500.0
500.0
500.0
500.0
500.0
500.0
500.0
500.0
500.0
500.0
500.0
500.0
500.0
500.0
500.0
500.0
500.0
500.0
500.0
500.0
500.0
500.0
500.0
500.0
500.0
500.0
500.0
500.0
500.0
500.0
500.0
500.0
500.0
500.0
500.0
500.0
500.0
500.0
500.0
500.0
500.0
500.0
500.0
500.0
500.0
500.0
500.0
500.0
500.0
500.0
500.0
500.0
500.0
500.0
500.0
500.0
500.0
500.0
500.0
500.0
500.0
500.0
500.0
500.0
500.0
500.0
500.0
500.0
500.0
500.0
500.0
500.0
500.0
500.0
500.0
500.0
458.0
500.0
500.0
500.0
500.0
500.0
500.0
500.0
500.0
500.0
500.0
500.0
500.0
500.0
500.0
500.0
500.0
500.0
500.0
500.0
500.0
500.0
500.0
500.0
500.0
500.0
500.0
500.0
500.0
500.0
500.0
500.0
500.0
500.0
500.0
500.0
500.0
500.0
500.0
500.0
500.0
500.0
500.0
500.0
500.0
500.0
500.0
500.0
500.0
500.0
500.0
500.0
500.0
500.0
500.0
500.0
500.0
500.0
500.0
500.0
500.0
500.0
500.0
500.0
500.0
500.0
500.0
500.0
500.0
500.0
500.0
500.0
500.0
500.0
500.0
500.0
500.0
500.0
500.0
500.0
500.0
500.0
500.0
500.0
500.0
500.0
500.0
500.0
500.0
500.0
500.0
500.0
500.0
500.0
500.0
500.0
500.0
500.0
500.0
500.0
500.0
500.0
500.0
500.0
500.0
500.0
500.0
500.0
500.0
500.0
500.0
500.0
385.0
500.0
500.0
500.0
500.0
500.0
500.0
500.0
500.0
500.0
500.0
500.0
500.0
500.0
500.0
500.0
500.0
500.0
500.0
500.0
500.0
500.0
500.0
500.0
500.0
500.0
500.0
500.0
500.0
500.0
500.0
500.0
500.0
500.0
500.0
500.0
500.0
500.0
500.0
500.0
500.0
500.0
500.0
500.0
500.0
500.0
500.0
500.0
500.0
500.0
500.0
500.0
500.0
500.0
500.0
500.0
500.0
500.0
500.0
500.0
500.0
500.0
500.0
500.0
500.0
500.0
500.0
500.0
500.0
393.0
500.0
500.0
500.0
500.0
500.0
500.0
500.0
500.0
500.0
500.0
500.0
500.0
500.0
500.0
500.0
500.0
500.0
500.0
500.0
500.0
500.0
500.0
500.0
500.0
500.0
500.0
500.0
500.0
500.0
500.0
500.0
500.0
500.0
500.0
500.0
500.0
500.0
500.0
500.0
500.0
500.0
500.0
500.0
500.0
500.0
500.0
500.0
500.0
500.0
500.0
500.0
500.0
500.0
500.0
500.0
500.0
500.0
500.0
500.0
500.0
500.0
500.0
500.0
500.0
500.0
500.0
500.0
500.0
500.0
500.0
500.0
500.0
500.0
500.0
500.0
500.0
500.0
500.0
500.0
500.0
500.0
500.0
500.0
500.0
500.0
500.0
500.0
500.0
500.0
500.0
500.0
500.0
500.0
500.0
500.0
500.0
500.0
500.0
500.0
500.0
500.0
500.0
500.0
500.0
500.0
500.0
500.0
500.0
500.0
500.0
500.0
500.0
500.0
500.0
500.0
500.0
500.0
500.0
500.0
500.0
500.0
363.0
500.0
500.0
500.0
500.0
500.0
500.0
500.0
500.0
500.0
500.0
500.0
500.0
500.0
500.0
500.0
500.0
500.0
500.0
500.0
500.0
500.0
500.0
500.0
500.0
500.0
500.0
500.0
500.0
500.0
500.0
500.0
500.0
500.0
500.0
500.0
500.0
500.0
500.0
500.0
500.0
500.0
500.0
500.0
500.0
500.0
500.0
500.0
500.0
500.0
500.0
500.0
500.0
500.0
500.0
500.0
500.0
500.0
500.0
500.0
500.0
500.0
500.0
500.0
500.0
500.0
500.0
500.0
500.0
500.0
500.0
500.0
500.0
500.0
500.0
500.0
500.0
430.0
500.0
500.0
500.0
500.0
500.0
500.0
500.0
500.0
500.0
500.0
500.0
500.0
500.0
500.0
500.0
500.0
500.0
500.0
500.0
500.0
500.0
500.0
500.0
500.0
500.0
500.0
500.0
500.0
500.0
500.0
500.0
500.0
500.0
500.0
500.0
500.0
500.0
500.0
500.0
500.0
500.0
500.0
500.0
500.0
500.0
500.0
500.0
500.0
500.0
500.0
500.0
500.0
426.0
500.0
500.0
500.0
500.0
500.0
500.0
500.0
500.0
500.0
500.0
500.0
500.0
500.0
500.0
500.0
500.0
500.0
500.0
500.0
500.0
500.0
500.0
500.0
500.0
500.0
500.0
500.0
500.0
500.0
500.0
500.0
500.0
500.0
500.0
500.0
500.0
500.0
500.0
500.0
500.0
500.0
500.0
500.0
500.0
500.0
500.0
500.0
500.0
500.0
500.0
500.0
500.0
500.0
500.0
500.0
500.0
500.0
500.0
500.0
500.0
500.0
500.0
500.0
500.0
500.0
500.0
500.0
500.0
500.0
500.0
500.0
500.0
500.0
500.0
500.0
500.0
500.0
500.0
500.0
500.0
500.0
500.0
500.0
500.0
500.0
500.0
500.0
500.0
500.0
500.0
500.0
500.0
500.0
500.0
500.0
500.0
500.0
500.0
500.0
500.0
500.0
500.0
500.0
500.0
500.0
500.0
500.0
500.0
500.0
500.0
500.0
500.0
500.0
500.0
500.0
500.0
500.0
500.0
500.0
500.0
500.0
500.0
500.0
500.0
500.0
500.0
500.0
500.0
500.0
500.0
500.0
500.0
500.0
500.0
500.0
500.0
500.0
500.0
500.0
500.0
500.0
500.0
500.0
500.0
500.0
500.0
500.0
500.0
500.0
500.0
500.0
500.0
500.0
428.0
500.0
500.0
500.0
500.0
500.0
500.0
500.0
500.0
500.0
500.0
500.0
500.0
500.0
500.0
500.0
500.0
500.0
500.0
500.0
500.0
500.0
500.0
500.0
500.0
500.0
500.0
500.0
500.0
500.0
500.0
500.0
500.0
500.0
500.0
500.0
500.0
500.0
500.0
500.0
500.0
500.0
500.0
500.0
500.0
500.0
500.0
500.0
500.0
500.0
500.0
500.0
500.0
500.0
500.0
500.0
500.0
500.0
500.0
500.0
500.0
500.0
500.0
500.0
500.0
500.0
410.0
500.0
500.0
500.0
500.0
500.0
500.0
500.0
500.0
500.0
500.0
500.0
500.0
500.0
500.0
500.0
500.0
500.0
500.0
500.0
500.0
500.0
500.0
500.0
500.0
500.0
500.0
500.0
500.0
500.0
500.0
500.0
500.0
500.0
500.0
500.0
500.0
500.0
500.0
500.0
500.0
500.0
500.0
500.0
500.0
500.0
500.0
500.0
500.0
500.0
500.0
500.0
500.0
500.0
500.0
500.0
500.0
500.0
500.0
500.0
500.0
500.0
500.0
500.0
500.0
500.0
500.0
500.0
500.0
500.0
500.0
500.0
500.0
500.0
500.0
500.0
500.0
500.0
406.0
500.0
500.0
500.0
500.0
500.0
500.0
500.0
500.0
500.0
500.0
500.0
500.0
500.0
500.0
500.0
500.0
500.0
500.0
500.0
500.0
500.0
500.0
500.0
500.0
500.0
500.0
500.0
500.0
500.0
500.0
500.0
500.0
500.0
500.0
500.0
500.0
500.0
500.0
500.0
500.0
500.0
500.0
500.0
500.0
500.0
500.0
500.0
500.0
500.0
500.0
500.0
500.0
500.0
500.0
500.0
500.0
500.0
500.0
500.0
500.0
500.0
500.0
500.0
500.0
500.0
500.0
500.0
500.0
500.0
438.0
500.0
500.0
500.0
500.0
500.0
500.0
500.0
500.0
500.0
500.0
500.0
500.0
500.0
500.0
500.0
500.0
500.0
500.0
500.0
500.0
500.0
500.0
500.0
500.0
500.0
500.0
500.0
500.0
500.0
500.0
500.0
500.0
500.0
500.0
500.0
500.0
500.0
500.0
500.0
500.0
500.0
500.0
500.0
500.0
500.0
500.0
500.0
500.0
500.0
500.0
500.0
500.0
500.0
500.0
500.0
500.0
500.0
406.0
500.0
500.0
500.0
500.0
500.0
500.0
500.0
500.0
500.0
500.0
500.0
500.0
500.0
500.0
500.0
500.0
500.0
500.0
500.0
500.0
500.0
500.0
500.0
500.0
500.0
500.0
500.0
500.0
500.0
500.0
500.0
500.0
500.0
500.0
500.0
500.0
500.0
500.0
500.0
500.0
500.0
500.0
500.0
500.0
500.0
500.0
500.0
500.0
500.0
500.0
500.0
500.0
500.0
500.0
500.0
500.0
500.0
500.0
500.0
500.0
500.0
500.0
500.0
500.0
500.0
500.0
500.0
500.0
500.0
500.0
500.0
500.0
500.0
500.0
500.0
500.0
500.0
500.0
500.0
500.0
500.0
500.0
500.0
500.0
500.0
500.0
500.0
500.0
500.0
500.0
500.0
500.0
500.0
500.0
500.0
500.0
500.0
500.0
500.0
500.0
500.0
500.0
500.0
500.0
500.0
500.0
500.0
500.0
500.0
500.0
500.0
500.0
500.0
500.0
500.0
500.0
500.0
500.0
500.0
500.0
500.0
500.0
500.0
500.0
500.0
500.0
500.0
500.0
500.0
500.0
500.0
500.0
500.0
500.0
500.0
500.0
500.0
500.0
500.0
500.0
500.0
500.0
500.0
500.0
500.0
500.0
500.0
500.0
500.0
500.0
500.0
500.0
500.0
500.0
500.0
500.0
500.0
500.0
500.0
500.0
500.0
500.0
500.0
500.0
500.0
500.0
500.0
500.0
500.0
500.0
500.0
500.0
500.0
500.0
500.0
500.0
500.0
500.0
500.0
500.0
500.0
500.0
500.0
500.0
500.0
500.0
500.0
500.0
500.0
500.0
500.0
500.0
500.0
500.0
500.0
500.0
500.0
500.0
500.0
500.0
500.0
500.0
500.0
500.0
500.0
500.0
500.0
500.0
500.0
500.0
500.0
500.0
500.0
500.0
500.0
500.0
500.0
500.0
500.0
500.0
500.0
500.0
500.0
500.0
500.0
500.0
500.0
500.0
500.0
500.0
500.0
500.0
500.0
500.0
500.0
500.0
500.0
500.0
500.0
500.0
500.0
500.0
500.0
500.0
500.0
500.0
500.0
500.0
500.0
500.0
500.0
500.0
500.0
475.0
500.0
500.0
500.0
500.0
500.0
500.0
500.0
500.0
500.0
500.0
500.0
500.0
500.0
500.0
500.0
500.0
500.0
500.0
500.0
500.0
500.0
500.0
500.0
500.0
500.0
500.0
500.0
500.0
500.0
500.0
500.0
500.0
500.0
500.0
500.0
500.0
500.0
500.0
500.0
500.0
500.0
500.0
500.0
500.0
500.0
500.0
500.0
500.0
500.0
500.0
500.0
500.0
500.0
500.0
500.0
500.0
500.0
500.0
500.0
500.0
500.0
500.0
500.0
500.0
500.0
500.0
500.0
500.0
500.0
500.0
500.0
500.0
500.0
500.0
500.0
500.0
500.0
500.0
500.0
500.0
500.0
500.0
500.0
500.0
500.0
500.0
500.0
500.0
500.0
500.0
500.0
500.0
500.0
500.0
500.0
500.0
500.0
500.0
500.0
500.0
500.0
500.0
500.0
500.0
500.0
500.0
500.0
500.0
500.0
500.0
500.0
500.0
500.0
500.0
500.0
500.0
500.0
500.0
500.0
500.0
500.0
500.0
500.0
500.0
500.0
500.0
500.0
413.0
500.0
500.0
500.0
500.0
500.0
500.0
500.0
500.0
500.0
500.0
500.0
500.0
500.0
500.0
500.0
500.0
500.0
500.0
500.0
500.0
500.0
500.0
500.0
500.0
500.0
500.0
500.0
500.0
500.0
500.0
500.0
500.0
500.0
500.0
500.0
500.0
500.0
500.0
500.0
500.0
500.0
500.0
500.0
500.0
500.0
500.0
500.0
500.0
500.0
500.0
500.0
500.0
500.0
500.0
500.0
500.0
500.0
500.0
500.0
500.0
500.0
500.0
500.0
500.0
500.0
500.0
500.0
500.0
500.0
500.0
500.0
500.0
500.0
500.0
500.0
500.0
500.0
500.0
500.0
500.0
500.0
500.0
500.0
500.0
500.0
500.0
500.0
500.0
500.0
500.0
500.0
500.0
500.0
411.0
500.0
500.0
500.0
500.0
500.0
500.0
500.0
500.0
500.0
500.0
500.0
500.0
500.0
500.0
500.0
500.0
500.0
476.0
500.0
500.0
500.0
500.0
500.0
500.0
500.0
500.0
500.0
500.0
500.0
500.0
500.0
500.0
500.0
500.0
500.0
500.0
500.0
500.0
500.0
500.0
500.0
500.0
500.0
500.0
500.0
500.0
500.0
500.0
500.0
500.0
500.0
500.0
500.0
500.0
500.0
500.0
500.0
500.0
500.0
500.0
500.0
500.0
500.0
500.0
500.0
500.0
500.0
500.0
500.0
500.0
500.0
500.0
500.0
500.0
500.0
500.0
500.0
500.0
500.0
500.0
500.0
500.0
500.0
500.0
500.0
500.0
500.0
500.0
500.0
494.0
500.0
500.0
500.0
500.0
500.0
500.0
500.0
500.0
410.0
500.0
500.0
500.0
500.0
500.0
500.0
500.0
500.0
500.0
500.0
500.0
500.0
500.0
500.0
500.0
500.0
500.0
500.0
500.0
500.0
500.0
497.0
500.0
500.0
500.0
500.0
500.0
500.0
500.0
500.0
500.0
500.0
500.0
500.0
500.0
500.0
433.0
500.0
500.0
500.0
500.0
500.0
500.0
500.0
500.0
500.0
500.0
500.0
500.0
393.0
409.0
500.0
500.0
440.0
500.0
500.0
404.0
500.0
500.0
500.0
500.0
500.0
500.0
500.0
500.0
433.0
500.0
79.0
500.0
500.0
500.0
500.0
500.0
500.0
500.0
500.0
500.0
500.0
500.0
500.0
376.0
363.0
397.0
500.0
500.0
500.0
402.0
500.0
500.0
500.0
500.0
500.0
500.0
476.0
500.0
500.0
500.0
500.0
449.0
500.0
500.0
368.0
500.0
231.0
500.0
500.0
500.0
500.0
500.0
500.0
500.0
500.0
428.0
500.0
500.0
500.0
500.0
500.0
500.0
500.0
500.0
500.0
500.0
500.0
500.0
500.0
500.0
500.0
500.0
500.0
500.0
500.0
390.0
130.0
174.0
96.0
500.0
500.0
500.0
259.0
500.0
122.0
500.0
250.0
268.0
261.0
122.0
500.0
500.0
500.0
500.0
500.0
500.0
500.0
500.0
500.0
500.0
500.0
500.0
500.0
500.0
500.0
500.0
500.0
385.0
500.0
500.0
500.0
500.0
500.0
500.0
483.0
462.0
500.0
500.0
500.0
500.0
500.0
500.0
500.0
500.0
500.0
500.0
500.0
500.0
419.0
391.0
500.0
500.0
500.0
500.0
500.0
500.0
500.0
500.0
500.0
500.0
500.0
500.0
500.0
500.0
500.0
438.0
486.0
351.0
475.0
500.0
405.0
436.0
246.0
500.0
320.0
333.0
500.0
500.0
500.0
370.0
500.0
459.0
293.0
500.0
310.0
500.0
297.0
427.0
226.0
500.0
500.0
376.0
500.0
186.0
500.0
298.0
340.0
295.0
500.0
500.0
500.0
500.0
390.0
500.0
500.0
500.0
500.0
210.0
500.0
500.0
305.0
500.0
500.0
500.0
500.0
500.0
500.0
500.0
500.0
209.0
356.0
395.0
290.0
193.0
500.0
389.0
313.0
184.0
500.0
331.0
500.0
500.0
416.0
409.0
491.0
409.0
500.0
500.0
225.0
500.0
236.0
500.0
500.0
252.0
500.0
154.0
500.0
240.0
312.0
357.0
162.0
333.0
500.0
219.0
371.0
500.0
500.0
500.0
388.0
500.0
500.0
500.0
500.0
142.0
500.0
500.0
500.0
500.0
231.0
256.0
500.0
402.0
384.0
500.0
500.0
271.0
500.0
210.0
338.0
500.0
291.0
500.0
362.0
145.0
500.0
299.0
500.0
311.0
500.0
315.0
478.0
500.0
321.0
500.0
500.0
411.0
334.0
500.0
500.0
361.0
242.0
324.0
209.0
344.0
500.0
500.0
500.0
500.0
134.0
500.0
500.0
207.0
500.0
500.0
500.0
150.0
500.0
193.0
500.0
500.0
500.0
500.0
104.0
500.0
500.0
500.0
500.0
500.0
121.0
500.0
316.0
500.0
316.0
500.0
500.0
500.0
500.0
500.0
209.0
196.0
210.0
467.0
500.0
263.0
328.0
343.0
500.0
500.0
331.0
370.0
341.0
344.0
131.0
500.0
180.0
386.0
244.0
500.0
366.0
500.0
458.0
112.0
500.0
200.0
133.0
46.0
259.0
224.0
500.0
500.0
500.0
184.0
336.0
356.0
322.0
116.0
118.0
500.0
361.0
133.0
138.0
359.0
236.0
102.0
334.0
500.0
443.0
212.0
33.0
500.0
319.0
153.0
500.0
416.0
180.0
367.0
89.0
322.0
500.0
146.0
169.0
36.0
66.0
128.0
354.0
148.0
190.0
256.0
69.0
500.0
106.0
313.0
176.0
500.0
500.0
500.0
121.0
353.0
462.0
122.0
140.0
160.0
330.0
89.0
164.0
34.0
30.0
500.0
500.0
69.0
500.0
124.0
239.0
252.0
90.0
78.0
193.0
62.0
117.0
336.0
144.0
130.0
437.0
37.0
500.0
500.0
500.0
308.0
171.0
500.0
500.0
310.0
500.0
500.0
500.0
500.0
500.0
500.0
500.0
110.0
500.0
116.0
374.0
500.0
453.0
53.0
500.0
500.0
143.0
146.0
52.0
500.0
153.0
194.0
344.0
209.0
87.0
500.0
208.0
500.0
154.0
164.0
78.0
500.0
132.0
271.0
500.0
181.0
163.0
500.0
500.0
500.0
500.0
166.0
155.0
500.0
333.0
255.0
286.0
357.0
158.0
422.0
186.0
500.0
154.0
173.0
500.0
500.0
422.0
305.0
49.0
263.0
500.0
500.0
439.0
331.0
34.0
268.0
349.0
153.0
142.0
318.0
500.0
405.0
154.0
500.0
500.0
210.0
370.0
253.0
171.0
302.0
61.0
95.0
135.0
395.0
369.0
225.0
153.0
300.0
500.0
360.0
83.0
500.0
370.0
490.0
60.0
43.0
371.0
157.0
319.0
395.0
288.0
500.0
164.0
367.0
313.0
228.0
77.0
191.0
329.0
48.0
393.0
356.0
500.0
500.0
403.0
184.0
236.0
379.0
464.0
500.0
176.0
236.0
62.0
500.0
500.0
379.0
361.0
123.0
500.0
500.0
47.0
45.0
500.0
28.0
299.0
251.0
237.0
346.0
272.0
337.0
340.0
335.0
282.0
406.0
382.0
350.0
283.0
330.0
443.0
421.0
500.0
471.0
333.0
268.0
378.0
500.0
500.0
478.0
420.0
345.0
405.0
500.0
500.0
154.0
369.0
272.0
257.0
263.0
249.0
500.0
408.0
190.0
500.0
318.0
500.0
338.0
438.0
500.0
294.0
500.0
436.0
500.0
126.0
403.0
500.0
351.0
500.0
500.0
175.0
500.0
263.0
291.0
75.0
302.0
318.0
500.0
260.0
207.0
461.0
500.0
377.0
165.0
277.0
313.0
500.0
500.0
376.0
400.0
500.0
365.0
251.0
281.0
500.0
437.0
500.0
500.0
196.0
500.0
330.0
500.0
500.0
208.0
279.0
500.0
259.0
311.0
318.0
307.0
500.0
500.0
314.0
283.0
500.0
389.0
500.0
232.0
459.0
400.0
500.0
500.0
254.0
226.0
500.0
500.0
500.0
219.0
500.0
500.0
174.0
208.0
332.0
500.0
500.0
500.0
155.0
500.0
500.0
155.0
101.0
352.0
500.0
500.0
212.0
276.0
265.0
174.0
199.0
500.0
500.0
194.0
500.0
47.0
44.0
266.0
500.0
500.0
400.0
500.0
500.0
410.0
500.0
500.0
500.0
179.0
500.0
116.0
500.0
157.0
159.0
500.0
500.0
39.0
500.0
200.0
146.0
500.0
24.0
408.0
500.0
176.0
500.0
500.0
196.0
500.0
255.0
500.0
261.0
500.0
214.0
443.0
500.0
500.0
54.0
500.0
166.0
500.0
500.0
291.0
500.0
500.0
217.0
176.0
500.0
500.0
299.0
104.0
500.0
500.0
500.0
500.0
500.0
500.0
248.0
500.0
500.0
203.0
38.0
235.0
249.0
136.0
189.0
500.0
139.0
500.0
500.0
175.0
362.0
175.0
216.0
500.0
116.0
500.0
224.0
500.0
500.0
224.0
500.0
500.0
500.0
153.0
500.0
232.0
151.0
500.0
500.0
500.0
500.0
500.0
500.0
151.0
309.0
500.0
500.0
196.0
500.0
195.0
254.0
148.0
500.0
204.0
254.0
374.0
445.0
77.0
137.0
188.0
500.0
195.0
500.0
500.0
136.0
280.0
50.0
500.0
214.0
252.0
219.0
500.0
268.0
142.0
279.0
500.0
187.0
500.0
377.0
123.0
181.0
211.0
136.0
98.0
147.0
500.0
355.0
500.0
500.0
153.0
32.0
500.0
500.0
381.0
500.0
143.0
220.0
128.0
190.0
500.0
272.0
362.0
84.0
125.0
500.0
250.0
500.0
137.0
81.0
243.0
182.0
165.0
105.0
500.0
143.0
500.0
91.0
500.0
158.0
74.0
209.0
38.0
164.0
241.0
500.0
175.0
500.0
500.0
500.0
352.0
105.0
79.0
162.0
500.0
90.0
500.0
208.0
161.0
500.0
500.0
100.0
209.0
500.0
92.0
77.0
228.0
500.0
500.0
111.0
500.0
500.0
81.0
369.0
145.0
279.0
500.0
500.0
500.0
500.0
500.0
158.0
110.0
124.0
500.0
500.0
317.0
140.0
225.0
152.0
196.0
172.0
157.0
136.0
56.0
112.0
500.0
500.0
500.0
150.0
91.0
500.0
173.0
86.0
133.0
500.0
148.0
132.0
148.0
500.0
500.0
116.0
119.0
500.0
106.0
500.0
500.0
179.0
139.0
229.0
232.0
186.0
145.0
308.0
360.0
500.0
198.0
500.0
127.0
500.0
500.0
151.0
500.0
136.0
137.0
500.0
500.0
500.0
224.0
184.0
500.0
139.0
500.0
323.0
145.0
500.0
433.0
500.0
159.0
406.0
128.0
123.0
112.0
499.0
173.0
151.0
58.0
500.0
500.0
500.0
136.0
499.0
125.0
118.0
279.0
121.0
232.0
128.0
148.0
166.0
126.0
307.0
235.0
500.0
500.0
500.0
174.0
280.0
136.0
500.0
500.0
500.0
500.0
141.0
229.0
500.0
338.0
134.0
102.0
127.0
500.0
500.0
173.0
77.0
231.0
53.0
95.0
124.0
160.0
91.0
500.0
500.0
171.0
142.0
134.0
500.0
195.0
208.0
118.0
99.0
106.0
195.0
89.0
500.0
146.0
500.0
132.0
121.0
459.0
143.0
119.0
500.0
171.0
97.0
178.0
420.0
198.0
500.0
488.0
500.0
117.0
134.0
500.0
91.0
500.0
139.0
500.0
120.0
109.0
130.0
112.0
156.0
150.0
226.0
500.0
500.0
500.0
342.0
500.0
500.0
500.0
500.0
500.0
500.0
478.0
500.0
500.0
354.0
500.0
500.0
396.0
500.0
500.0
280.0
353.0
500.0
500.0
500.0
500.0
500.0
222.0
366.0
500.0
500.0
500.0
248.0
500.0
500.0
305.0
500.0
312.0
500.0
500.0
310.0
500.0
500.0
500.0
500.0
500.0
500.0
500.0
500.0
500.0
500.0
500.0
500.0
500.0
500.0
500.0
500.0
500.0
500.0
500.0
500.0
500.0
500.0
135.0
500.0
500.0
500.0
319.0
500.0
500.0
500.0
500.0
500.0
500.0
460.0
174.0
229.0
256.0
222.0
425.0
224.0
500.0
323.0
500.0
176.0
351.0
500.0
273.0
154.0
174.0
267.0
209.0
278.0
245.0
255.0
261.0
234.0
500.0
154.0
210.0
230.0
240.0
294.0
242.0
241.0
312.0
204.0
239.0
145.0
500.0
271.0
356.0
141.0
382.0
207.0
154.0
149.0
168.0
243.0
207.0
256.0
143.0
227.0
500.0
488.0
500.0
500.0
238.0
228.0
151.0
206.0
263.0
264.0
392.0
234.0
272.0
193.0
500.0
214.0
278.0
160.0
500.0
251.0
214.0
257.0
262.0
243.0
205.0
405.0
251.0
314.0
500.0
274.0
429.0
128.0
173.0
222.0
246.0
210.0
500.0
286.0
285.0
281.0
283.0
200.0
332.0
205.0
407.0
218.0
211.0
233.0
500.0
232.0
282.0
301.0
415.0
193.0
258.0
500.0
159.0
212.0
259.0
175.0
199.0
135.0
145.0
500.0
270.0
341.0
178.0
216.0
110.0
162.0
270.0
373.0
234.0
273.0
500.0
224.0
500.0
294.0
252.0
218.0
500.0
500.0
500.0
266.0
244.0
344.0
224.0
240.0
347.0
298.0
276.0
245.0
348.0
409.0
207.0
500.0
240.0
268.0
500.0
500.0
315.0
259.0
101.0
276.0
500.0
277.0
500.0
224.0
500.0
222.0
247.0
288.0
264.0
155.0
500.0
362.0
156.0
267.0
238.0
249.0
197.0
220.0
283.0
168.0
500.0
256.0
272.0
232.0
179.0
225.0
500.0
279.0
200.0
500.0
282.0
500.0
175.0
500.0
262.0
500.0
321.0
500.0
198.0
181.0
224.0
217.0
283.0
239.0
246.0
193.0
402.0
366.0
178.0
214.0
500.0
209.0
142.0
232.0
219.0
173.0
199.0
223.0
219.0
450.0
144.0
257.0
236.0
211.0
149.0
500.0
500.0
242.0
239.0
500.0
500.0
124.0
261.0
175.0
500.0
233.0
301.0
183.0
102.0
342.0
274.0
500.0
306.0
261.0
432.0
500.0
377.0
372.0
365.0
201.0
204.0
232.0
220.0
165.0
207.0
500.0
176.0
261.0
181.0
270.0
230.0
253.0
288.0
376.0
148.0
193.0
157.0
176.0
237.0
190.0
184.0
159.0
207.0
500.0
201.0
500.0
224.0
101.0
254.0
191.0
171.0
250.0
310.0
148.0
328.0
224.0
165.0
286.0
248.0
118.0
500.0
235.0
500.0
251.0
442.0
229.0
235.0
250.0
332.0
500.0
500.0
284.0
151.0
222.0
500.0
500.0
312.0
500.0
261.0
167.0
265.0
215.0
240.0
216.0
316.0
159.0
500.0
275.0
212.0
500.0
144.0
377.0
500.0
500.0
298.0
216.0
280.0
263.0
500.0
245.0
127.0
286.0
354.0
228.0
243.0
317.0
364.0
500.0
318.0
307.0
500.0
156.0
245.0
147.0
274.0
211.0
280.0
149.0
127.0
358.0
228.0
123.0
500.0
394.0
205.0
298.0
152.0
183.0
201.0
500.0
319.0
289.0
269.0
168.0
327.0
306.0
182.0
210.0
251.0
336.0
144.0
183.0
205.0
500.0
386.0
322.0
197.0
165.0
206.0
500.0
224.0
373.0
500.0
221.0
228.0
261.0
157.0
195.0
227.0
221.0
171.0
500.0
286.0
466.0
500.0
334.0
500.0
380.0
226.0
281.0
235.0
500.0
371.0
246.0
219.0
377.0
164.0
209.0
172.0
274.0
500.0
215.0
320.0
243.0
269.0
181.0
277.0
500.0
211.0
145.0
354.0
275.0
217.0
268.0
247.0
159.0
206.0
321.0
251.0
281.0
203.0
278.0
203.0
260.0
177.0
302.0
262.0
165.0
500.0
500.0
304.0
500.0
215.0
434.0
141.0
500.0
305.0
206.0
127.0
235.0
500.0
205.0
268.0
400.0
371.0
265.0
223.0
185.0
500.0
338.0
207.0
277.0
347.0
275.0
448.0
298.0
443.0
232.0
247.0
500.0
500.0
416.0
270.0
331.0
142.0
429.0
149.0
463.0
500.0
161.0
279.0
259.0
261.0
500.0
344.0
168.0
261.0
191.0
396.0
267.0
500.0
246.0
343.0
331.0
201.0
401.0
147.0
367.0
283.0
184.0
140.0
231.0
270.0
272.0
167.0
259.0
500.0
302.0
343.0
435.0
271.0
271.0
291.0
364.0
308.0
242.0
206.0
253.0
500.0
274.0
192.0
198.0
261.0
152.0
377.0
247.0
500.0
143.0
161.0
217.0
212.0
500.0
160.0
174.0
371.0
301.0
333.0
193.0
175.0
332.0
163.0
222.0
416.0
224.0
500.0
264.0
170.0
292.0
231.0
140.0
250.0
150.0
259.0
268.0
171.0
500.0
314.0
500.0
183.0
500.0
156.0
153.0
205.0
221.0
405.0
500.0
174.0
283.0
424.0
500.0
248.0
422.0
500.0
238.0
500.0
500.0
500.0
234.0
225.0
500.0
174.0
353.0
252.0
133.0
387.0
372.0
500.0
190.0
139.0
259.0
231.0
266.0
175.0
144.0
430.0
500.0
384.0
242.0
500.0
369.0
304.0
235.0
500.0
158.0
224.0
192.0
256.0
188.0
196.0
327.0
189.0
500.0
256.0
486.0
500.0
276.0
374.0
500.0
368.0
248.0
428.0
500.0
205.0
276.0
500.0
312.0
354.0
500.0
223.0
500.0
177.0
302.0
228.0
340.0
211.0
171.0
194.0
292.0
468.0
184.0
226.0
216.0
500.0
206.0
193.0
150.0
500.0
167.0
163.0
221.0
176.0
175.0
249.0
255.0
192.0
150.0
286.0
257.0
251.0
150.0
289.0
283.0
280.0
253.0
276.0
244.0
438.0
260.0
250.0
205.0
246.0
206.0
261.0
465.0
310.0
240.0
354.0
166.0
161.0
500.0
218.0
438.0
185.0
152.0
169.0
154.0
164.0
295.0
500.0
500.0
280.0
148.0
269.0
171.0
500.0
230.0
194.0
181.0
247.0
170.0
228.0
210.0
500.0
371.0
215.0
360.0
500.0
298.0
272.0
500.0
240.0
223.0
500.0
161.0
500.0
487.0
500.0
270.0
500.0
500.0
500.0
345.0
240.0
329.0
149.0
300.0
327.0
142.0
500.0
226.0
224.0
127.0
163.0
255.0
229.0
291.0
188.0
218.0
227.0
168.0
258.0
299.0
342.0
246.0
219.0
293.0
189.0
134.0
327.0
168.0
214.0
154.0
292.0
302.0
332.0
242.0
168.0
341.0
325.0
281.0
500.0
263.0
500.0
417.0
500.0
146.0
218.0
300.0
500.0
191.0
272.0
213.0
208.0
148.0
170.0
211.0
127.0
153.0
285.0
232.0
335.0
360.0
500.0
500.0
297.0
279.0
276.0
263.0
303.0
500.0
209.0
190.0
276.0
160.0
500.0
222.0
215.0
290.0
436.0
300.0
232.0
500.0
236.0
241.0
213.0
222.0
142.0
208.0
278.0
500.0
174.0
275.0
240.0
281.0
270.0
180.0
214.0
140.0
272.0
243.0
277.0
316.0
259.0
325.0
251.0
500.0
168.0
473.0
134.0
192.0
500.0
500.0
466.0
191.0
298.0
500.0
214.0
312.0
500.0
135.0
287.0
246.0
228.0
500.0
277.0
200.0
316.0
138.0
367.0
317.0
158.0
500.0
207.0
293.0
240.0
500.0
257.0
243.0
370.0
170.0
159.0
224.0
144.0
272.0
333.0
500.0
156.0
148.0
286.0
228.0
154.0
290.0
500.0
192.0
445.0
171.0
146.0
378.0
244.0
228.0
274.0
226.0
262.0
219.0
466.0
402.0
500.0
233.0
253.0
222.0
500.0
231.0
144.0
356.0
144.0
290.0
500.0
238.0
169.0
71.0
395.0
238.0
489.0
435.0
464.0
500.0
209.0
482.0
217.0
209.0
167.0
254.0
172.0
174.0
267.0
500.0
368.0
189.0
319.0
500.0
261.0
293.0
132.0
256.0
500.0
217.0
217.0
336.0
238.0
222.0
317.0
263.0
261.0
139.0
109.0
372.0
207.0
231.0
218.0
156.0
162.0
256.0
500.0
256.0
125.0
500.0
167.0
156.0
500.0
410.0
373.0
117.0
322.0
500.0
248.0
247.0
153.0
244.0
173.0
291.0
202.0
130.0
197.0
110.0
240.0
292.0
225.0
246.0
206.0
211.0
172.0
185.0
263.0
215.0
175.0
196.0
142.0
163.0
267.0
500.0
131.0
500.0
166.0
85.0
338.0
301.0
173.0
158.0
197.0
238.0
476.0
377.0
226.0
224.0
188.0
331.0
336.0
437.0
212.0
288.0
159.0
285.0
304.0
500.0
343.0
248.0
146.0
345.0
286.0
288.0
314.0
298.0
378.0
176.0
145.0
160.0
296.0
189.0
324.0
372.0
500.0
240.0
136.0
354.0
199.0
91.0
191.0
281.0
335.0
165.0
232.0
250.0
221.0
315.0
213.0
284.0
359.0
304.0
307.0
500.0
160.0
106.0
253.0
253.0
172.0
231.0
93.0
500.0
203.0
500.0
233.0
216.0
500.0
227.0
99.0
268.0
346.0
500.0
500.0
500.0
163.0
156.0
369.0
230.0
236.0
220.0
284.0
170.0
46.0
163.0
199.0
500.0
186.0
322.0
173.0
199.0
358.0
256.0
160.0
302.0
218.0
500.0
332.0
203.0
216.0
272.0
209.0
202.0
252.0
178.0
200.0
259.0
112.0
346.0
41.0
160.0
132.0
260.0
500.0
500.0
210.0
295.0
242.0
162.0
260.0
310.0
131.0
295.0
177.0
500.0
108.0
500.0
190.0
105.0
321.0
284.0
176.0
151.0
236.0
148.0
370.0
472.0
417.0
234.0
287.0
217.0
336.0
177.0
433.0
500.0
210.0
500.0
500.0
170.0
270.0
122.0
73.0
353.0
104.0
236.0
130.0
500.0
108.0
500.0
226.0
200.0
500.0
500.0
124.0
163.0
167.0
143.0
80.0
188.0
19.0
209.0
279.0
197.0
258.0
206.0
128.0
236.0
262.0
161.0
207.0
176.0
259.0
111.0
160.0
133.0
229.0
186.0
171.0
197.0
175.0
172.0
169.0
212.0
190.0
141.0
137.0
143.0
176.0
213.0
22.0
171.0
272.0
169.0
120.0
153.0
185.0
251.0
226.0
179.0
354.0
184.0
264.0
174.0
51.0
294.0
261.0
105.0
166.0
90.0
155.0
163.0
90.0
154.0
79.0
76.0
185.0
94.0
149.0
155.0
167.0
90.0
150.0
122.0
163.0
201.0
96.0
183.0
237.0
113.0
170.0
222.0
85.0
267.0
92.0
145.0
122.0
225.0
23.0
131.0
91.0
207.0
187.0
83.0
192.0
141.0
144.0
119.0
87.0
300.0
104.0
80.0
95.0
223.0
145.0
104.0
102.0
169.0
103.0
21.0
147.0
81.0
212.0
145.0
164.0
166.0
158.0
136.0
248.0
134.0
185.0
101.0
48.0
108.0
204.0
149.0
184.0
160.0
254.0
85.0
209.0
126.0
115.0
104.0
109.0
95.0
145.0
112.0
87.0
161.0
159.0
500.0
97.0
82.0
123.0
202.0
166.0
263.0
149.0
196.0
121.0
146.0
130.0
136.0
95.0
178.0
97.0
100.0
197.0
123.0
206.0
185.0
204.0
370.0
120.0
174.0
108.0
212.0
108.0
193.0
169.0
164.0
196.0
130.0
265.0
209.0
79.0
103.0
96.0
195.0
285.0
131.0
200.0
179.0
158.0
129.0
220.0
278.0
197.0
59.0
162.0
292.0
96.0
267.0
331.0
210.0
470.0
263.0
215.0
202.0
261.0
63.0
52.0
80.0
366.0
62.0
455.0
230.0
182.0
321.0
380.0
223.0
171.0
293.0
338.0
228.0
329.0
286.0
356.0
500.0
161.0
298.0
312.0
449.0
190.0
158.0
196.0
304.0
292.0
322.0
294.0
154.0
371.0
180.0
261.0
180.0
353.0
500.0
211.0
252.0
259.0
185.0
216.0
347.0
211.0
234.0
249.0
275.0
309.0
228.0
173.0
41.0
215.0
151.0
159.0
143.0
209.0
134.0
249.0
210.0
142.0
223.0
141.0
87.0
363.0
289.0
274.0
238.0
285.0
346.0
165.0
193.0
263.0
326.0
171.0
249.0
132.0
126.0
39.0
196.0
168.0
124.0
188.0
194.0
132.0
214.0
301.0
223.0
356.0
232.0
149.0
191.0
194.0
277.0
213.0
260.0
381.0
137.0
224.0
130.0
52.0
237.0
245.0
33.0
175.0
40.0
138.0
136.0
169.0
144.0
192.0
131.0
144.0
150.0
266.0
259.0
53.0
146.0
230.0
204.0
236.0
50.0
128.0
246.0
144.0
373.0
325.0
156.0
229.0
187.0
175.0
154.0
209.0
274.0
160.0
176.0
150.0
136.0
193.0
222.0
285.0
279.0
202.0
143.0
168.0
216.0
205.0
297.0
277.0
214.0
282.0
191.0
123.0
134.0
208.0
224.0
243.0
382.0
192.0
171.0
152.0
133.0
126.0
204.0
252.0
117.0
89.0
128.0
219.0
136.0
133.0
183.0
193.0
198.0
174.0
137.0
221.0
178.0
183.0
197.0
93.0
196.0
139.0
355.0
118.0
189.0
139.0
72.0
180.0
203.0
179.0
145.0
179.0
123.0
151.0
187.0
137.0
177.0
121.0
287.0
131.0
144.0
119.0
184.0
236.0
163.0
291.0
205.0
242.0
370.0
226.0
134.0
120.0
208.0
200.0
130.0
314.0
162.0
139.0
342.0
142.0
131.0
190.0
358.0
127.0
390.0
129.0
356.0
201.0
316.0
121.0
131.0
292.0
214.0
151.0
204.0
178.0
242.0
145.0
164.0
149.0
246.0
384.0
58.0
197.0
136.0
210.0
228.0
286.0
135.0
122.0
141.0
139.0
138.0
144.0
314.0
125.0
196.0
184.0
168.0
176.0
359.0
242.0
234.0
133.0
274.0
347.0
122.0
183.0
132.0
188.0
317.0
248.0
159.0
237.0
283.0
233.0
498.0
175.0
161.0
265.0
500.0
142.0
158.0
51.0
270.0
200.0
117.0
184.0
244.0
327.0
176.0
99.0
143.0
158.0
250.0
123.0
204.0
301.0
129.0
227.0
173.0
143.0
191.0
211.0
210.0
246.0
126.0
268.0
236.0
126.0
323.0
408.0
215.0
201.0
158.0
246.0
249.0
342.0
286.0
250.0
139.0
44.0
209.0
163.0
154.0
177.0
221.0
211.0
415.0
332.0
279.0
387.0
222.0
149.0
241.0
204.0
218.0
195.0
500.0
120.0
149.0
184.0
217.0
280.0
116.0
174.0
201.0
145.0
137.0
152.0
169.0
500.0
148.0
228.0
162.0
88.0
383.0
170.0
196.0
220.0
224.0
223.0
131.0
213.0
136.0
225.0
119.0
211.0
141.0
168.0
158.0
136.0
251.0
153.0
186.0
354.0
180.0
251.0
141.0
238.0
453.0
222.0
213.0
252.0
127.0
190.0
174.0
209.0
201.0
212.0
232.0
361.0
282.0
124.0
244.0
186.0
229.0
147.0
143.0
218.0
133.0
264.0
157.0
241.0
223.0
157.0
161.0
195.0
126.0
193.0
239.0
130.0
270.0
240.0
160.0
157.0
182.0
230.0
143.0
147.0
240.0
188.0
228.0
194.0
171.0
131.0
156.0
222.0
258.0
228.0
138.0
239.0
159.0
338.0
226.0
204.0
155.0
180.0
159.0
182.0
284.0
298.0
213.0
356.0
260.0
302.0
277.0
433.0
143.0
230.0
171.0
214.0
258.0
232.0
268.0
148.0
186.0
187.0
264.0
244.0
193.0
500.0
186.0
214.0
283.0
179.0
282.0
185.0
325.0
222.0
274.0
290.0
285.0
117.0
258.0
164.0
305.0
420.0
270.0
213.0
236.0
234.0
240.0
193.0
311.0
190.0
314.0
215.0
271.0
389.0
333.0
168.0
322.0
468.0
348.0
195.0
346.0
314.0
289.0
326.0
150.0
234.0
297.0
338.0
228.0
363.0
500.0
427.0
323.0
296.0
150.0
500.0
249.0
347.0
369.0
367.0
316.0
216.0
333.0
500.0
245.0
214.0
448.0
250.0
284.0
317.0
230.0
328.0
286.0
442.0
440.0
216.0
344.0
302.0
343.0
291.0
242.0
198.0
300.0
296.0
309.0
280.0
397.0
500.0
389.0
236.0
322.0
325.0
306.0
331.0
304.0
302.0
368.0
212.0
272.0
292.0
353.0
318.0
333.0
393.0
395.0
344.0
260.0
331.0
337.0
218.0
281.0
223.0
288.0
327.0
416.0
432.0
166.0
365.0
276.0
209.0
249.0
214.0
297.0
337.0
211.0
201.0
342.0
228.0
419.0
294.0
249.0
329.0
361.0
318.0
500.0
337.0
345.0
222.0
228.0
381.0
211.0
482.0
381.0
402.0
346.0
332.0
320.0
213.0
286.0
500.0
294.0
282.0
321.0
381.0
351.0
357.0
467.0
156.0
213.0
310.0
288.0
338.0
499.0
500.0
242.0
297.0
500.0
209.0
337.0
351.0
347.0
265.0
344.0
203.0
219.0
265.0
500.0
355.0
500.0
253.0
280.0
80.0
225.0
90.0
309.0
422.0
237.0
149.0
167.0
233.0
169.0
132.0
140.0
500.0
366.0
197.0
357.0
227.0
323.0
209.0
232.0
191.0
181.0
500.0
197.0
500.0
61.0
210.0
65.0
191.0
310.0
128.0
407.0
224.0
417.0
270.0
211.0
500.0
437.0
352.0
210.0
293.0
356.0
327.0
373.0
453.0
104.0
361.0
34.0
360.0
180.0
197.0
166.0
253.0
344.0
309.0
36.0
93.0
179.0
312.0
236.0
204.0
79.0
254.0
413.0
423.0
199.0
177.0
145.0
500.0
227.0
500.0
73.0
315.0
223.0
315.0
338.0
375.0
500.0
500.0
500.0
349.0
500.0
500.0
500.0
347.0
500.0
254.0
341.0
173.0
239.0
500.0
500.0
500.0
144.0
378.0
351.0
500.0
500.0
322.0
500.0
375.0
267.0
222.0
500.0
500.0
500.0
365.0
500.0
266.0
247.0
171.0
343.0
500.0
500.0
500.0
162.0
500.0
500.0
500.0
500.0
323.0
208.0
348.0
500.0
500.0
197.0
118.0
470.0
306.0
381.0
217.0
211.0
182.0
35.0
341.0
224.0
265.0
161.0
358.0
147.0
225.0
112.0
416.0
170.0
360.0
48.0
78.0
259.0
104.0
157.0
233.0
50.0
297.0
14.0
370.0
500.0
262.0
500.0
129.0
500.0
203.0
500.0
294.0
184.0
500.0
500.0
380.0
309.0
193.0
375.0
500.0
500.0
500.0
500.0
251.0
500.0
500.0
500.0
222.0
303.0
186.0
229.0
197.0
500.0
500.0
500.0
500.0
280.0
284.0
250.0
500.0
335.0
151.0
399.0
175.0
181.0
309.0
404.0
500.0
500.0
500.0
307.0
500.0
173.0
236.0
500.0
500.0
404.0
114.0
198.0
391.0
500.0
500.0
201.0
293.0
500.0
500.0
302.0
254.0
358.0
500.0
500.0
251.0
500.0
409.0
200.0
365.0
500.0
117.0
450.0
160.0
500.0
500.0
240.0
500.0
500.0
159.0
131.0
137.0
128.0
500.0
280.0
500.0
140.0
187.0
241.0
36.0
500.0
500.0
256.0
500.0
158.0
247.0
332.0
95.0
136.0
500.0
232.0
166.0
84.0
139.0
160.0
154.0
304.0
375.0
182.0
220.0
500.0
164.0
493.0
304.0
200.0
292.0
405.0
94.0
500.0
500.0
258.0
377.0
148.0
245.0
161.0
408.0
500.0
183.0
214.0
157.0
169.0
82.0
300.0
353.0
500.0
52.0
144.0
347.0
412.0
500.0
394.0
264.0
500.0
500.0
500.0
495.0
322.0
55.0
500.0
344.0
217.0
174.0
257.0
500.0
169.0
52.0
500.0
171.0
500.0
133.0
470.0
369.0
244.0
196.0
192.0
348.0
363.0
173.0
469.0
500.0
500.0
500.0
420.0
259.0
500.0
500.0
179.0
500.0
216.0
252.0
500.0
426.0
201.0
500.0
500.0
207.0
156.0
189.0
500.0
500.0
500.0
500.0
146.0
184.0
500.0
293.0
353.0
182.0
467.0
455.0
415.0
437.0
158.0
361.0
224.0
304.0
289.0
500.0
415.0
162.0
500.0
500.0
466.0
393.0
382.0
216.0
232.0
500.0
500.0
267.0
403.0
227.0
332.0
214.0
244.0
500.0
406.0
159.0
500.0
151.0
500.0
197.0
282.0
317.0
231.0
188.0
163.0
225.0
203.0
180.0
182.0
170.0
500.0
149.0
145.0
179.0
500.0
279.0
390.0
323.0
286.0
218.0
500.0
500.0
500.0
392.0
500.0
500.0
189.0
500.0
261.0
174.0
444.0
440.0
444.0
193.0
231.0
365.0
206.0
401.0
250.0
319.0
204.0
445.0
283.0
186.0
194.0
500.0
183.0
500.0
500.0
370.0
232.0
172.0
500.0
500.0
359.0
163.0
220.0
500.0
500.0
161.0
215.0
500.0
285.0
230.0
488.0
500.0
192.0
364.0
500.0
412.0
216.0
500.0
451.0
214.0
315.0
500.0
187.0
500.0
500.0
432.0
171.0
154.0
172.0
190.0
278.0
499.0
299.0
299.0
500.0
448.0
500.0
500.0
174.0
500.0
220.0
185.0
180.0
379.0
317.0
336.0
356.0
199.0
409.0
274.0
229.0
224.0
214.0
500.0
500.0
500.0
141.0
189.0
182.0
209.0
231.0
321.0
500.0
500.0
222.0
500.0
271.0
205.0
500.0
284.0
500.0
367.0
441.0
239.0
500.0
218.0
500.0
447.0
192.0
206.0
460.0
500.0
162.0
376.0
500.0
243.0
214.0
500.0
216.0
500.0
161.0
500.0
500.0
332.0
500.0
219.0
215.0
382.0
500.0
416.0
312.0
175.0
500.0
500.0
290.0
500.0
465.0
381.0
163.0
500.0
187.0
500.0
500.0
163.0
199.0
193.0
276.0
191.0
500.0
342.0
195.0
467.0
162.0
467.0
500.0
500.0
455.0
500.0
458.0
220.0
401.0
281.0
208.0
500.0
144.0
156.0
245.0
500.0
499.0
500.0
329.0
500.0
500.0
176.0
203.0
278.0
295.0
405.0
312.0
379.0
295.0
500.0
500.0
181.0
500.0
500.0
166.0
194.0
252.0
500.0
385.0
169.0
479.0
500.0
367.0
195.0
263.0
226.0
306.0
300.0
500.0
205.0
500.0
500.0
500.0
500.0
500.0
500.0
500.0
500.0
362.0
218.0
500.0
209.0
177.0
223.0
481.0
500.0
288.0
500.0
500.0
430.0
500.0
500.0
500.0
229.0
500.0
500.0
500.0
500.0
419.0
500.0
179.0
500.0
229.0
500.0
156.0
500.0
500.0
500.0
457.0
154.0
500.0
175.0
500.0
244.0
336.0
500.0
442.0
500.0
154.0
196.0
500.0
230.0
248.0
227.0
169.0
312.0
290.0
242.0
500.0
500.0
500.0
448.0
500.0
191.0
318.0
500.0
500.0
175.0
500.0
500.0
230.0
297.0
500.0
170.0
499.0
500.0
500.0
176.0
500.0
500.0
500.0
500.0
170.0
500.0
165.0
210.0
164.0
500.0
358.0
211.0
369.0
500.0
500.0
189.0
213.0
178.0
182.0
451.0
484.0
454.0
500.0
362.0
500.0
153.0
403.0
500.0
229.0
164.0
500.0
500.0
199.0
218.0
500.0
194.0
408.0
500.0
351.0
334.0
500.0
500.0
207.0
175.0
500.0
500.0
179.0
284.0
158.0
445.0
500.0
500.0
500.0
500.0
197.0
258.0
500.0
500.0
458.0
295.0
295.0
163.0
500.0
192.0
500.0
357.0
206.0
179.0
217.0
500.0
500.0
500.0
336.0
158.0
153.0
496.0
189.0
500.0
193.0
494.0
500.0
500.0
500.0
500.0
500.0
309.0
200.0
283.0
441.0
209.0
195.0
190.0
244.0
188.0
245.0
170.0
500.0
500.0
353.0
208.0
352.0
500.0
286.0
266.0
500.0
165.0
437.0
500.0
480.0
500.0
173.0
166.0
196.0
313.0
500.0
261.0
161.0
168.0
349.0
205.0
191.0
387.0
451.0
500.0
312.0
500.0
229.0
248.0
314.0
484.0
469.0
500.0
500.0
270.0
500.0
500.0
181.0
194.0
384.0
500.0
500.0
459.0
178.0
500.0
166.0
148.0
500.0
187.0
336.0
446.0
500.0
231.0
500.0
177.0
500.0
375.0
280.0
268.0
500.0
209.0
500.0
321.0
500.0
500.0
450.0
500.0
199.0
500.0
500.0
500.0
226.0
433.0
500.0
500.0
290.0
281.0
500.0
338.0
500.0
500.0
368.0
500.0
189.0
500.0
205.0
207.0
355.0
500.0
500.0
496.0
180.0
500.0
500.0
500.0
473.0
500.0
185.0
166.0
500.0
500.0
500.0
351.0
180.0
343.0
500.0
225.0
251.0
500.0
500.0
500.0
500.0
500.0
500.0
196.0
500.0
176.0
216.0
226.0
175.0
500.0
193.0
500.0
500.0
178.0
500.0
169.0
403.0
303.0
162.0
500.0
272.0
191.0
195.0
180.0
500.0
500.0
500.0
311.0
448.0
500.0
500.0
500.0
178.0
423.0
500.0
395.0
439.0
500.0
153.0
500.0
500.0
170.0
500.0
500.0
236.0
500.0
500.0
480.0
155.0
245.0
204.0
187.0
500.0
500.0
211.0
500.0
500.0
240.0
222.0
335.0
500.0
275.0
225.0
500.0
500.0
220.0
226.0
500.0
191.0
500.0
214.0
172.0
248.0
500.0
500.0
500.0
224.0
247.0
500.0
500.0
500.0
500.0
177.0
276.0
317.0
500.0
500.0
435.0
500.0
242.0
500.0
500.0
260.0
500.0
182.0
191.0
500.0
175.0
500.0
500.0
500.0
329.0
336.0
202.0
500.0
500.0
500.0
500.0
500.0
306.0
296.0
177.0
380.0
361.0
205.0
384.0
183.0
301.0
500.0
265.0
257.0
413.0
500.0
500.0
291.0
421.0
415.0
232.0
230.0
243.0
394.0
500.0
500.0
273.0
500.0
500.0
213.0
204.0
500.0
500.0
500.0
240.0
354.0
500.0
500.0
425.0
500.0
201.0
224.0
500.0
500.0
500.0
494.0
155.0
255.0
500.0
171.0
399.0
500.0
417.0
186.0
500.0
500.0
176.0
500.0
177.0
500.0
500.0
500.0
186.0
441.0
500.0
500.0
500.0
466.0
500.0
166.0
500.0
184.0
500.0
157.0
217.0
183.0
500.0
281.0
500.0
361.0
500.0
500.0
307.0
500.0
500.0
174.0
500.0
243.0
182.0
500.0
361.0
331.0
500.0
324.0
500.0
500.0
500.0
500.0
500.0
500.0
500.0
500.0
329.0
223.0
336.0
239.0
210.0
500.0
500.0
500.0
372.0
217.0
500.0
500.0
225.0
446.0
201.0
229.0
500.0
500.0
325.0
299.0
500.0
500.0
395.0
178.0
166.0
500.0
500.0
500.0
500.0
500.0
206.0
500.0
357.0
500.0
178.0
446.0
500.0
184.0
500.0
500.0
500.0
289.0
289.0
500.0
252.0
500.0
246.0
290.0
211.0
319.0
407.0
187.0
500.0
500.0
204.0
181.0
175.0
500.0
410.0
500.0
500.0
189.0
500.0
414.0
500.0
500.0
439.0
500.0
232.0
500.0
175.0
207.0
500.0
202.0
500.0
283.0
194.0
500.0
500.0
500.0
500.0
497.0
453.0
500.0
340.0
500.0
394.0
290.0
340.0
293.0
500.0
500.0
228.0
181.0
199.0
500.0
174.0
500.0
500.0
256.0
471.0
500.0
115.0
500.0
203.0
500.0
500.0
272.0
500.0
209.0
500.0
436.0
448.0
500.0
220.0
341.0
500.0
500.0
341.0
500.0
500.0
500.0
220.0
500.0
440.0
444.0
432.0
500.0
314.0
380.0
500.0
208.0
500.0
281.0
500.0
163.0
257.0
500.0
194.0
500.0
500.0
203.0
500.0
485.0
166.0
500.0
500.0
500.0
500.0
500.0
255.0
415.0
500.0
458.0
500.0
500.0
138.0
224.0
500.0
199.0
416.0
266.0
500.0
500.0
500.0
500.0
283.0
478.0
500.0
255.0
500.0
445.0
239.0
500.0
162.0
236.0
220.0
500.0
500.0
500.0
500.0
497.0
500.0
500.0
500.0
245.0
462.0
426.0
500.0
211.0
500.0
500.0
500.0
285.0
500.0
500.0
210.0
379.0
500.0
310.0
312.0
500.0
322.0
500.0
500.0
133.0
277.0
500.0
464.0
177.0
145.0
161.0
500.0
500.0
194.0
466.0
219.0
413.0
215.0
154.0
288.0
209.0
220.0
219.0
398.0
500.0
235.0
156.0
167.0
467.0
500.0
182.0
143.0
217.0
201.0
132.0
356.0
154.0
162.0
178.0
176.0
500.0
500.0
442.0
433.0
408.0
244.0
295.0
383.0
472.0
340.0
500.0
157.0
435.0
467.0
405.0
500.0
328.0
345.0
346.0
414.0
105.0
391.0
339.0
251.0
305.0
154.0
21.0
219.0
500.0
500.0
321.0
380.0
420.0
500.0
500.0
500.0
500.0
500.0
500.0
500.0
500.0
500.0
500.0
500.0
256.0
500.0
500.0
458.0
500.0
500.0
500.0
500.0
500.0
500.0
365.0
500.0
500.0
142.0
500.0
500.0
500.0
500.0
500.0
500.0
500.0
500.0
500.0
120.0
500.0
500.0
500.0
492.0
500.0
500.0
242.0
500.0
489.0
248.0
266.0
500.0
500.0
500.0
500.0
500.0
500.0
500.0
500.0
500.0
500.0
500.0
500.0
500.0
500.0
500.0
500.0
500.0
500.0
483.0
500.0
500.0
500.0
500.0
500.0
500.0
500.0
262.0
365.0
500.0
500.0
492.0
500.0
500.0
367.0
348.0
296.0
413.0
500.0
500.0
500.0
500.0
500.0
500.0
500.0
500.0
500.0
500.0
500.0
500.0
405.0
500.0
500.0
500.0
500.0
500.0
500.0
500.0
500.0
500.0
500.0
500.0
500.0
500.0
500.0
500.0
500.0
500.0
500.0
500.0
500.0
500.0
500.0
500.0
500.0
500.0
500.0
500.0
500.0
500.0
500.0
500.0
500.0
500.0
500.0
256.0
500.0
500.0
500.0
500.0
500.0
500.0
500.0
500.0
500.0
500.0
500.0
500.0
500.0
500.0
500.0
500.0
500.0
500.0
500.0
500.0
500.0
500.0
500.0
500.0
500.0
500.0
500.0
500.0
500.0
500.0
500.0
500.0
500.0
500.0
500.0
500.0
500.0
500.0
500.0
500.0
500.0
500.0
500.0
500.0
500.0
500.0
500.0
500.0
500.0
500.0
500.0
500.0
500.0
500.0
500.0
500.0
500.0
500.0
500.0
500.0
500.0
500.0
500.0
500.0
500.0
500.0
500.0
500.0
500.0
500.0
500.0
500.0
500.0
500.0
500.0
500.0
500.0
500.0
500.0
500.0
500.0
500.0
500.0
500.0
500.0
500.0
500.0
500.0
500.0
500.0
500.0
500.0
500.0
500.0
500.0
500.0
500.0
500.0
500.0
500.0
500.0
500.0
500.0
500.0
500.0
500.0
500.0
500.0
500.0
500.0
500.0
500.0
500.0
272.0
500.0
500.0
500.0
500.0
500.0
500.0
500.0
500.0
500.0
500.0
500.0
500.0
500.0
500.0
500.0
500.0
418.0
500.0
500.0
500.0
500.0
500.0
500.0
500.0
500.0
500.0
500.0
500.0
500.0
500.0
500.0
500.0
500.0
500.0
500.0
500.0
500.0
500.0
500.0
500.0
500.0
500.0
500.0
500.0
500.0
500.0
500.0
500.0
500.0
500.0
500.0
500.0
500.0
500.0
500.0
500.0
483.0
500.0
500.0
500.0
500.0
500.0
500.0
500.0
500.0
500.0
453.0
471.0
500.0
500.0
500.0
500.0
500.0
500.0
500.0
500.0
467.0
500.0
500.0
500.0
500.0
500.0
500.0
500.0
500.0
500.0
500.0
500.0
500.0
500.0
500.0
500.0
500.0
500.0
500.0
500.0
500.0
500.0
500.0
500.0
500.0
500.0
500.0
500.0
500.0
500.0
309.0
430.0
500.0
500.0
500.0
500.0
500.0
500.0
500.0
500.0
500.0
500.0
500.0
500.0
500.0
500.0
500.0
500.0
500.0
500.0
500.0
500.0
500.0
500.0
500.0
500.0
176.0
500.0
500.0
500.0
500.0
500.0
500.0
500.0
500.0
500.0
500.0
500.0
500.0
500.0
500.0
500.0
500.0
500.0
500.0
500.0
500.0
500.0
500.0
500.0
500.0
500.0
500.0
500.0
500.0
500.0
500.0
500.0
500.0
500.0
500.0
500.0
500.0
500.0
500.0
500.0
500.0
500.0
500.0
500.0
500.0
500.0
500.0
451.0
500.0
500.0
500.0
500.0
500.0
500.0
500.0
500.0
500.0
500.0
500.0
500.0
500.0
500.0
500.0
500.0
500.0
461.0
500.0
500.0
500.0
500.0
500.0
500.0
500.0
500.0
500.0
500.0
500.0
500.0
500.0
500.0
500.0
500.0
500.0
500.0
500.0
500.0
500.0
500.0
500.0
500.0
500.0
500.0
500.0
500.0
500.0
500.0
500.0
500.0
500.0
500.0
500.0
500.0
500.0
500.0
500.0
500.0
500.0
500.0
500.0
500.0
500.0
500.0
500.0
500.0
500.0
500.0
500.0
500.0
500.0
500.0
500.0
500.0
500.0
500.0
500.0
376.0
391.0
500.0
500.0
500.0
500.0
500.0
500.0
500.0
500.0
500.0
500.0
500.0
500.0
500.0
500.0
500.0
500.0
500.0
500.0
500.0
500.0
500.0
500.0
500.0
500.0
500.0
500.0
500.0
500.0
500.0
500.0
500.0
500.0
500.0
500.0
500.0
500.0
500.0
500.0
500.0
500.0
500.0
500.0
500.0
500.0
500.0
500.0
500.0
500.0
500.0
500.0
500.0
500.0
500.0
500.0
500.0
500.0
500.0
500.0
500.0
500.0
500.0
500.0
500.0
500.0
500.0
500.0
500.0
500.0
500.0
500.0
500.0
500.0
492.0
500.0
500.0
500.0
500.0
500.0
500.0
500.0
500.0
500.0
500.0
500.0
500.0
500.0
500.0
500.0
500.0
500.0
500.0
500.0
500.0
500.0
500.0
500.0
500.0
500.0
500.0
500.0
500.0
500.0
500.0
500.0
500.0
500.0
500.0
500.0
500.0
500.0
500.0
500.0
500.0
500.0
500.0
500.0
500.0
500.0
500.0
386.0
500.0
500.0
500.0
500.0
500.0
500.0
500.0
500.0
500.0
500.0
500.0
500.0
500.0
500.0
500.0
500.0
500.0
500.0
500.0
500.0
500.0
500.0
500.0
500.0
500.0
500.0
500.0
500.0
500.0
500.0
500.0
500.0
500.0
500.0
500.0
500.0
500.0
500.0
500.0
500.0
500.0
500.0
500.0
500.0
500.0
500.0
500.0
500.0
500.0
500.0
500.0
500.0
500.0
500.0
500.0
500.0
500.0
500.0
500.0
500.0
500.0
500.0
500.0
500.0
500.0
500.0
500.0
500.0
500.0
500.0
324.0
500.0
500.0
500.0
500.0
500.0
500.0
500.0
500.0
500.0
500.0
500.0
500.0
500.0
500.0
500.0
500.0
500.0
500.0
500.0
500.0
500.0
500.0
500.0
500.0
500.0
500.0
500.0
500.0
500.0
500.0
500.0
500.0
500.0
500.0
500.0
500.0
500.0
500.0
500.0
500.0
500.0
500.0
500.0
500.0
500.0
500.0
500.0
500.0
398.0
500.0
500.0
500.0
500.0
500.0
500.0
500.0
500.0
500.0
500.0
500.0
500.0
500.0
500.0
500.0
500.0
500.0
500.0
500.0
500.0
500.0
500.0
500.0
500.0
500.0
500.0
500.0
500.0
500.0
500.0
500.0
500.0
500.0
500.0
500.0
500.0
500.0
500.0
398.0
500.0
500.0
500.0
500.0
500.0
500.0
156.0
500.0
500.0
500.0
500.0
500.0
500.0
500.0
500.0
500.0
500.0
500.0
500.0
370.0
479.0
500.0
500.0
500.0
500.0
500.0
500.0
500.0
500.0
500.0
500.0
500.0
500.0
500.0
500.0
500.0
500.0
500.0
500.0
500.0
500.0
500.0
500.0
500.0
500.0
500.0
500.0
500.0
500.0
500.0
500.0
500.0
500.0
500.0
500.0
500.0
500.0
500.0
500.0
500.0
500.0
500.0
500.0
500.0
500.0
500.0
500.0
500.0
500.0
500.0
500.0
450.0
500.0
500.0
500.0
421.0
500.0
500.0
500.0
500.0
500.0
500.0
500.0
500.0
500.0
500.0
250.0
500.0
500.0
500.0
500.0
500.0
500.0
500.0
500.0
500.0
500.0
500.0
500.0
500.0
500.0
500.0
500.0
500.0
500.0
500.0
500.0
500.0
500.0
500.0
500.0
500.0
500.0
500.0
500.0
323.0
500.0
500.0
500.0
500.0
500.0
500.0
500.0
500.0
500.0
500.0
500.0
500.0
500.0
500.0
500.0
500.0
500.0
500.0
500.0
500.0
500.0
500.0
500.0
500.0
500.0
500.0
500.0
500.0
500.0
500.0
500.0
500.0
500.0
500.0
500.0
500.0
500.0
500.0
500.0
500.0
500.0
500.0
500.0
500.0
500.0
500.0
500.0
500.0
500.0
500.0
500.0
500.0
500.0
500.0
485.0
500.0
500.0
500.0
500.0
500.0
500.0
500.0
500.0
500.0
500.0
500.0
500.0
500.0
500.0
500.0
500.0
500.0
500.0
500.0
500.0
500.0
500.0
500.0
500.0
500.0
500.0
500.0
500.0
500.0
500.0
500.0
500.0
500.0
500.0
500.0
500.0
500.0
500.0
500.0
500.0
500.0
500.0
500.0
500.0
500.0
500.0
500.0
500.0
500.0
500.0
500.0
500.0
500.0
500.0
500.0
500.0
500.0
500.0
500.0
500.0
500.0
500.0
500.0
500.0
500.0
500.0
500.0
154.0
500.0
500.0
470.0
500.0
500.0
500.0
500.0
446.0
500.0
500.0
500.0
387.0
500.0
500.0
500.0
500.0
500.0
500.0
368.0
500.0
359.0
500.0
500.0
438.0
364.0
343.0
456.0
500.0
470.0
500.0
500.0
500.0
500.0
500.0
500.0
500.0
400.0
475.0
500.0
500.0
500.0
500.0
405.0
500.0
500.0
500.0
388.0
500.0
500.0
500.0
500.0
500.0
500.0
500.0
500.0
500.0
500.0
500.0
500.0
500.0
500.0
500.0
500.0
432.0
500.0
500.0
408.0
424.0
500.0
500.0
427.0
500.0
500.0
475.0
500.0
500.0
413.0
495.0
500.0
500.0
500.0
500.0
500.0
372.0
500.0
500.0
500.0
500.0
364.0
500.0
393.0
500.0
471.0
500.0
500.0
438.0
500.0
500.0
500.0
500.0
500.0
500.0
484.0
500.0
500.0
500.0
500.0
500.0
500.0
500.0
500.0
500.0
500.0
500.0
500.0
435.0
500.0
500.0
500.0
500.0
500.0
478.0
393.0
500.0
500.0
500.0
500.0
500.0
500.0
500.0
500.0
500.0
467.0
500.0
398.0
500.0
500.0
500.0
500.0
500.0
297.0
500.0
370.0
500.0
500.0
500.0
415.0
500.0
500.0
500.0
500.0
450.0
500.0
500.0
500.0
500.0
500.0
500.0
500.0
500.0
500.0
500.0
500.0
355.0
500.0
500.0
500.0
500.0
500.0
500.0
464.0
500.0
390.0
475.0
500.0
500.0
500.0
500.0
500.0
500.0
500.0
500.0
500.0
500.0
427.0
500.0
500.0
500.0
500.0
500.0
500.0
500.0
415.0
500.0
345.0
363.0
500.0
381.0
444.0
500.0
500.0
362.0
500.0
500.0
500.0
500.0
412.0
500.0
363.0
409.0
500.0
402.0
344.0
500.0
500.0
430.0
500.0
500.0
500.0
448.0
410.0
344.0
500.0
500.0
500.0
500.0
354.0
500.0
415.0
500.0
500.0
500.0
500.0
500.0
500.0
500.0
500.0
500.0
397.0
500.0
500.0
500.0
500.0
500.0
389.0
500.0
500.0
500.0
500.0
500.0
500.0
500.0
500.0
500.0
500.0
500.0
500.0
500.0
500.0
500.0
500.0
404.0
337.0
500.0
500.0
500.0
500.0
500.0
500.0
390.0
500.0
500.0
407.0
409.0
500.0
340.0
500.0
500.0
500.0
379.0
500.0
432.0
371.0
500.0
489.0
403.0
500.0
500.0
500.0
500.0
500.0
500.0
500.0
500.0
500.0
500.0
500.0
500.0
500.0
487.0
465.0
500.0
500.0
500.0
442.0
500.0
408.0
500.0
500.0
500.0
441.0
490.0
500.0
500.0
500.0
373.0
439.0
500.0
500.0
500.0
500.0
500.0
500.0
500.0
500.0
500.0
500.0
500.0
500.0
500.0
500.0
500.0
500.0
500.0
500.0
500.0
382.0
371.0
500.0
452.0
500.0
500.0
439.0
500.0
500.0
500.0
500.0
500.0
500.0
500.0
500.0
349.0
500.0
500.0
500.0
500.0
500.0
500.0
500.0
500.0
500.0
461.0
494.0
422.0
500.0
500.0
500.0
500.0
500.0
500.0
500.0
500.0
500.0
500.0
491.0
475.0
500.0
500.0
500.0
500.0
500.0
500.0
500.0
500.0
500.0
500.0
500.0
408.0
500.0
378.0
500.0
500.0
424.0
500.0
431.0
500.0
416.0
500.0
500.0
500.0
477.0
500.0
500.0
500.0
500.0
500.0
500.0
500.0
500.0
500.0
493.0
500.0
500.0
500.0
500.0
473.0
500.0
428.0
500.0
500.0
500.0
500.0
400.0
352.0
500.0
500.0
339.0
358.0
403.0
365.0
465.0
488.0
500.0
400.0
500.0
500.0
429.0
500.0
500.0
500.0
500.0
500.0
500.0
500.0
500.0
360.0
500.0
500.0
416.0
395.0
500.0
500.0
500.0
500.0
500.0
371.0
500.0
466.0
500.0
500.0
409.0
500.0
500.0
477.0
426.0
500.0
500.0
361.0
500.0
500.0
500.0
366.0
500.0
500.0
441.0
500.0
500.0
436.0
500.0
489.0
500.0
500.0
334.0
500.0
500.0
500.0
500.0
500.0
500.0
500.0
500.0
500.0
500.0
500.0
461.0
500.0
500.0
500.0
500.0
500.0
346.0
421.0
500.0
500.0
500.0
500.0
500.0
403.0
500.0
500.0
500.0
500.0
500.0
500.0
385.0
500.0
500.0
500.0
500.0
373.0
500.0
500.0
500.0
500.0
500.0
500.0
500.0
500.0
500.0
500.0
500.0
500.0
410.0
500.0
500.0
387.0
445.0
492.0
429.0
500.0
395.0
500.0
500.0
500.0
500.0
500.0
500.0
500.0
500.0
500.0
500.0
500.0
500.0
500.0
500.0
467.0
500.0
482.0
500.0
500.0
424.0
500.0
478.0
433.0
500.0
500.0
500.0
331.0
500.0
439.0
500.0
500.0
500.0
425.0
500.0
344.0
500.0
421.0
500.0
455.0
481.0
500.0
500.0
500.0
500.0
500.0
498.0
500.0
500.0
500.0
500.0
500.0
500.0
451.0
500.0
500.0
500.0
500.0
500.0
500.0
500.0
471.0
400.0
500.0
500.0
500.0
500.0
500.0
500.0
500.0
500.0
500.0
500.0
500.0
500.0
468.0
500.0
500.0
500.0
500.0
500.0
500.0
500.0
500.0
500.0
500.0
500.0
500.0
500.0
500.0
500.0
488.0
500.0
500.0
500.0
370.0
500.0
500.0
500.0
500.0
429.0
500.0
500.0
500.0
397.0
500.0
500.0
500.0
500.0
475.0
500.0
500.0
500.0
500.0
500.0
500.0
500.0
500.0
492.0
500.0
464.0
500.0
414.0
500.0
500.0
500.0
500.0
500.0
500.0
500.0
373.0
500.0
500.0
500.0
500.0
500.0
500.0
498.0
440.0
390.0
463.0
500.0
500.0
500.0
500.0
500.0
500.0
373.0
500.0
500.0
500.0
500.0
499.0
500.0
500.0
485.0
500.0
500.0
500.0
500.0
500.0
500.0
500.0
500.0
500.0
500.0
500.0
500.0
500.0
500.0
500.0
500.0
500.0
500.0
500.0
500.0
500.0
500.0
394.0
500.0
500.0
432.0
500.0
500.0
500.0
500.0
500.0
500.0
500.0
500.0
500.0
454.0
500.0
500.0
500.0
500.0
466.0
412.0
436.0
500.0
500.0
438.0
500.0
500.0
500.0
500.0
500.0
500.0
500.0
492.0
500.0
500.0
493.0
500.0
455.0
500.0
499.0
500.0
500.0
478.0
500.0
500.0
500.0
448.0
500.0
500.0
500.0
500.0
500.0
500.0
500.0
500.0
500.0
500.0
500.0
500.0
500.0
500.0
500.0
363.0
500.0
500.0
500.0
500.0
409.0
500.0
500.0
500.0
500.0
500.0
469.0
500.0
500.0
320.0
500.0
500.0
500.0
500.0
500.0
500.0
500.0
357.0
500.0
500.0
500.0
480.0
500.0
500.0
500.0
500.0
500.0
431.0
500.0
453.0
500.0
500.0
500.0
500.0
500.0
500.0
500.0
500.0
500.0
500.0
492.0
393.0
353.0
500.0
500.0
500.0
465.0
500.0
459.0
500.0
500.0
481.0
500.0
500.0
500.0
500.0
500.0
500.0
500.0
500.0
368.0
500.0
406.0
500.0
491.0
473.0
488.0
500.0
423.0
500.0
500.0
301.0
500.0
500.0
500.0
500.0
500.0
421.0
449.0
500.0
500.0
500.0
500.0
500.0
500.0
500.0
500.0
500.0
500.0
500.0
500.0
409.0
500.0
500.0
500.0
500.0
353.0
500.0
500.0
500.0
500.0
500.0
500.0
404.0
500.0
500.0
500.0
500.0
500.0
500.0
500.0
500.0
409.0
394.0
500.0
500.0
500.0
488.0
500.0
500.0
463.0
500.0
500.0
329.0
361.0
500.0
455.0
500.0
500.0
500.0
366.0
500.0
500.0
500.0
493.0
500.0
500.0
333.0
500.0
437.0
500.0
500.0
500.0
500.0
462.0
500.0
408.0
500.0
363.0
500.0
500.0
467.0
500.0
500.0
500.0
500.0
371.0
329.0
500.0
500.0
500.0
500.0
500.0
500.0
413.0
500.0
500.0
500.0
500.0
500.0
500.0
500.0
500.0
403.0
500.0
500.0
500.0
456.0
500.0
349.0
500.0
415.0
500.0
500.0
500.0
500.0
329.0
500.0
427.0
394.0
500.0
453.0
500.0
500.0
500.0
500.0
500.0
500.0
387.0
500.0
440.0
500.0
500.0
344.0
500.0
500.0
500.0
491.0
500.0
500.0
404.0
500.0
500.0
371.0
428.0
500.0
500.0
500.0
500.0
438.0
464.0
420.0
500.0
500.0
500.0
500.0
479.0
500.0
500.0
500.0
500.0
500.0
388.0
500.0
500.0
404.0
404.0
500.0
500.0
500.0
500.0
500.0
301.0
500.0
500.0
394.0
500.0
376.0
500.0
500.0
500.0
426.0
489.0
500.0
500.0
500.0
439.0
500.0
500.0
474.0
500.0
500.0
500.0
500.0
500.0
457.0
500.0
500.0
376.0
500.0
444.0
500.0
445.0
480.0
500.0
500.0
500.0
500.0
500.0
408.0
500.0
440.0
500.0
500.0
500.0
500.0
398.0
427.0
500.0
500.0
500.0
500.0
382.0
500.0
370.0
500.0
500.0
385.0
500.0
500.0
353.0
500.0
399.0
453.0
500.0
500.0
500.0
500.0
500.0
500.0
500.0
500.0
500.0
500.0
500.0
408.0
500.0
500.0
500.0
370.0
500.0
500.0
500.0
500.0
500.0
434.0
500.0
500.0
500.0
500.0
500.0
422.0
500.0
486.0
500.0
500.0
500.0
500.0
500.0
500.0
500.0
500.0
500.0
500.0
500.0
454.0
500.0
500.0
432.0
500.0
476.0
500.0
500.0
500.0
500.0
500.0
500.0
500.0
500.0
500.0
500.0
500.0
500.0
500.0
349.0
500.0
500.0
500.0
463.0
470.0
475.0
500.0
311.0
500.0
500.0
500.0
500.0
500.0
395.0
500.0
500.0
500.0
500.0
500.0
500.0
500.0
445.0
500.0
500.0
500.0
500.0
500.0
391.0
427.0
500.0
500.0
353.0
500.0
355.0
500.0
500.0
500.0
441.0
490.0
500.0
500.0
500.0
489.0
500.0
500.0
500.0
500.0
500.0
500.0
500.0
500.0
500.0
413.0
500.0
500.0
500.0
367.0
500.0
500.0
500.0
500.0
472.0
500.0
500.0
500.0
500.0
500.0
401.0
500.0
500.0
420.0
500.0
500.0
500.0
500.0
500.0
500.0
500.0
370.0
383.0
500.0
321.0
500.0
500.0
500.0
500.0
500.0
438.0
500.0
344.0
500.0
423.0
360.0
413.0
500.0
500.0
500.0
346.0
500.0
500.0
500.0
500.0
500.0
500.0
500.0
385.0
500.0
500.0
486.0
500.0
500.0
500.0
500.0
500.0
500.0
500.0
379.0
392.0
500.0
500.0
500.0
500.0
362.0
500.0
500.0
387.0
500.0
500.0
500.0
417.0
500.0
500.0
500.0
500.0
500.0
500.0
500.0
500.0
500.0
379.0
500.0
500.0
500.0
500.0
434.0
326.0
416.0
500.0
500.0
482.0
500.0
475.0
500.0
500.0
364.0
500.0
500.0
500.0
500.0
500.0
401.0
500.0
500.0
500.0
500.0
500.0
500.0
500.0
500.0
492.0
500.0
500.0
500.0
458.0
500.0
500.0
500.0
500.0
500.0
500.0
368.0
500.0
403.0
500.0
500.0
500.0
500.0
402.0
500.0
500.0
500.0
500.0
500.0
500.0
500.0
500.0
272.0
500.0
500.0
500.0
489.0
500.0
500.0
500.0
241.0
500.0
500.0
500.0
500.0
500.0
500.0
500.0
500.0
500.0
500.0
500.0
500.0
500.0
500.0
500.0
500.0
500.0
500.0
483.0
500.0
500.0
500.0
500.0
500.0
500.0
500.0
500.0
500.0
500.0
476.0
500.0
500.0
500.0
500.0
500.0
500.0
500.0
500.0
500.0
500.0
413.0
500.0
500.0
500.0
500.0
500.0
500.0
440.0
500.0
500.0
500.0
500.0
500.0
375.0
500.0
456.0
500.0
500.0
500.0
500.0
500.0
500.0
500.0
500.0
500.0
500.0
500.0
500.0
500.0
500.0
500.0
500.0
500.0