12.0
15.0
9.0
9.0
9.0
17.0
9.0
10.0
10.0
10.0
8.0
10.0
14.0
8.0
18.0
11.0
13.0
10.0
12.0
12.0
12.0
10.0
13.0
15.0
12.0
15.0
11.0
13.0
11.0
15.0
10.0
14.0
20.0
19.0
12.0
11.0
10.0
19.0
13.0
10.0
11.0
16.0
17.0
11.0
18.0
15.0
10.0
22.0
11.0
21.0
22.0
31.0
27.0
28.0
36.0
12.0
32.0
22.0
11.0
18.0
14.0
13.0
53.0
13.0
33.0
38.0
42.0
12.0
38.0
40.0
36.0
11.0
15.0
33.0
10.0
55.0
40.0
28.0
30.0
32.0
26.0
49.0
38.0
47.0
77.0
37.0
52.0
58.0
95.0
70.0
61.0
63.0
116.0
71.0
31.0
42.0
21.0
111.0
124.0
119.0
95.0
84.0
82.0
91.0
101.0
36.0
106.0
196.0
65.0
78.0
31.0
500.0
311.0
74.0
85.0
110.0
141.0
155.0
213.0
340.0
176.0
103.0
178.0
127.0
198.0
74.0
280.0
500.0
441.0
309.0
125.0
220.0
368.0
294.0
232.0
349.0
297.0
355.0
268.0
196.0
483.0
496.0
97.0
421.0
500.0
126.0
139.0
259.0
313.0
296.0
360.0
209.0
500.0
500.0
320.0
205.0
340.0
153.0
229.0
456.0
257.0
308.0
251.0
295.0
299.0
310.0
377.0
171.0
500.0
500.0
500.0
500.0
500.0
500.0
500.0
500.0
500.0
500.0
500.0
500.0
500.0
312.0
500.0
500.0
500.0
500.0
500.0
408.0
500.0
500.0
500.0
500.0
500.0
500.0
500.0
500.0
500.0
500.0
500.0
500.0
500.0
500.0
500.0
500.0
500.0
500.0
315.0
500.0
500.0
240.0
100.0
500.0
500.0
500.0
500.0
500.0
500.0
213.0
500.0
500.0
500.0
500.0
500.0
500.0
500.0
500.0
500.0
500.0
500.0
500.0
500.0
500.0
500.0
500.0
500.0
500.0
500.0
85.0
99.0
500.0
175.0
500.0
500.0
500.0
223.0
500.0
170.0
500.0
500.0
500.0
318.0
134.0
161.0
500.0
500.0
500.0
500.0
500.0
500.0
500.0
89.0
500.0
500.0
500.0
500.0
500.0
500.0
500.0
500.0
500.0
500.0
500.0
500.0
500.0
500.0
269.0
500.0
500.0
500.0
500.0
256.0
500.0
500.0
500.0
500.0
500.0
324.0
500.0
500.0
378.0
500.0
293.0
172.0
99.0
500.0
500.0
500.0
277.0
500.0
500.0
235.0
500.0
500.0
500.0
500.0
500.0
500.0
500.0
500.0
500.0
500.0
500.0
500.0
500.0
500.0
500.0
500.0
500.0
500.0
229.0
500.0
500.0
500.0
500.0
77.0
500.0
500.0
500.0
201.0
500.0
500.0
500.0
500.0
500.0
500.0
500.0
500.0
500.0
500.0
53.0
500.0
500.0
500.0
423.0
500.0
57.0
500.0
500.0
500.0
500.0
500.0
500.0
175.0
500.0
500.0
500.0
500.0
102.0
214.0
234.0
500.0
500.0
500.0
500.0
500.0
500.0
500.0
500.0
131.0
500.0
98.0
500.0
500.0
500.0
500.0
167.0
500.0
169.0
500.0
500.0
500.0
500.0
326.0
500.0
500.0
500.0
500.0
500.0
500.0
500.0
500.0
234.0
500.0
500.0
500.0
300.0
246.0
500.0
214.0
500.0
500.0
500.0
500.0
500.0
500.0
500.0
267.0
500.0
500.0
285.0
500.0
500.0
500.0
291.0
382.0
281.0
500.0
500.0
500.0
241.0
488.0
228.0
299.0
500.0
500.0
403.0
370.0
500.0
500.0
500.0
500.0
500.0
500.0
500.0
500.0
500.0
500.0
500.0
272.0
500.0
500.0
500.0
500.0
500.0
500.0
500.0
387.0
500.0
289.0
500.0
269.0
500.0
435.0
500.0
500.0
342.0
500.0
500.0
500.0
500.0
500.0
500.0
500.0
500.0
500.0
500.0
500.0
164.0
427.0
500.0
274.0
500.0
268.0
500.0
359.0
500.0
293.0
500.0
500.0
219.0
500.0
500.0
500.0
500.0
500.0
500.0
500.0
500.0
500.0
500.0
500.0
500.0
500.0
500.0
500.0
500.0
500.0
500.0
500.0
500.0
500.0
293.0
500.0
500.0
500.0
500.0
500.0
500.0
237.0
500.0
311.0
500.0
500.0
500.0
500.0
500.0
500.0
500.0
500.0
500.0
500.0
500.0
500.0
500.0
500.0
500.0
500.0
500.0
463.0
500.0
500.0
500.0
275.0
500.0
500.0
154.0
500.0
500.0
500.0
264.0
500.0
500.0
500.0
500.0
500.0
500.0
302.0
500.0
500.0
500.0
500.0
500.0
500.0
500.0
500.0
500.0
500.0
500.0
500.0
500.0
500.0
500.0
500.0
500.0
500.0
500.0
500.0
500.0
260.0
500.0
500.0
239.0
500.0
168.0
500.0
500.0
203.0
500.0
500.0
500.0
500.0
500.0
500.0
500.0
500.0
311.0
500.0
500.0
500.0
500.0
293.0
296.0
500.0
500.0
500.0
500.0
174.0
500.0
500.0
163.0
500.0
290.0
500.0
223.0
500.0
500.0
500.0
497.0
500.0
500.0
486.0
292.0
500.0
344.0
500.0
500.0
500.0
500.0
500.0
500.0
500.0
500.0
500.0
500.0
500.0
500.0
500.0
500.0
231.0
240.0
500.0
500.0
500.0
500.0
500.0
239.0
284.0
500.0
500.0
284.0
500.0
274.0
500.0
500.0
500.0
500.0
142.0
162.0
500.0
231.0
500.0
500.0
135.0
384.0
229.0
241.0
500.0
500.0
500.0
500.0
500.0
252.0
500.0
500.0
232.0
500.0
198.0
500.0
500.0
304.0
500.0
500.0
500.0
346.0
500.0
500.0
199.0
500.0
500.0
500.0
500.0
500.0
500.0
500.0
500.0
500.0
500.0
196.0
500.0
500.0
500.0
500.0
381.0
258.0
500.0
500.0
500.0
500.0
322.0
267.0
283.0
500.0
386.0
500.0
206.0
500.0
500.0
500.0
500.0
500.0
500.0
257.0
320.0
308.0
500.0
500.0
500.0
201.0
500.0
420.0
500.0
500.0
373.0
500.0
500.0
500.0
500.0
500.0
245.0
500.0
500.0
500.0
231.0
500.0
500.0
226.0
478.0
500.0
500.0
500.0
500.0
500.0
500.0
187.0
500.0
251.0
500.0
500.0
370.0
500.0
420.0
500.0
500.0
500.0
500.0
500.0
500.0
500.0
500.0
500.0
249.0
231.0
342.0
233.0
500.0
500.0
500.0
283.0
500.0
317.0
245.0
340.0
257.0
500.0
500.0
500.0
500.0
500.0
500.0
500.0
271.0
500.0
500.0
448.0
500.0
500.0
500.0
500.0
500.0
229.0
500.0
500.0
195.0
500.0
500.0
500.0
500.0
500.0
500.0
500.0
500.0
500.0
500.0
258.0
500.0
500.0
288.0
500.0
500.0
306.0
500.0
500.0
500.0
271.0
192.0
500.0
388.0
500.0
500.0
331.0
500.0
500.0
500.0
340.0
500.0
500.0
500.0
500.0
500.0
500.0
448.0
500.0
500.0
336.0
500.0
500.0
500.0
400.0
500.0
500.0
500.0
252.0
500.0
500.0
304.0
500.0
500.0
500.0
204.0
500.0
500.0
340.0
500.0
244.0
500.0
500.0
500.0
500.0
319.0
500.0
500.0
500.0
500.0
500.0
500.0
500.0
500.0
500.0
500.0
135.0
500.0
393.0
500.0
500.0
500.0
500.0
329.0
500.0
500.0
500.0
500.0
500.0
492.0
500.0
500.0
500.0
500.0
500.0
500.0
500.0
500.0
236.0
500.0
500.0
500.0
500.0
500.0
500.0
500.0
500.0
500.0
500.0
500.0
500.0
330.0
241.0
500.0
500.0
500.0
346.0
500.0
288.0
500.0
500.0
268.0
362.0
500.0
500.0
500.0
222.0
500.0
500.0
500.0
500.0
500.0
500.0
500.0
500.0
500.0
500.0
500.0
500.0
500.0
500.0
500.0
500.0
500.0
500.0
500.0
500.0
453.0
500.0
500.0
500.0
500.0
500.0
500.0
500.0
500.0
500.0
500.0
500.0
500.0
500.0
500.0
500.0
500.0
500.0
500.0
500.0
300.0
500.0
217.0
500.0
500.0
500.0
370.0
500.0
500.0
500.0
500.0
500.0
500.0
500.0
500.0
500.0
500.0
500.0
500.0
500.0
213.0
500.0
500.0
500.0
500.0
500.0
500.0
500.0
500.0
500.0
500.0
500.0
500.0
500.0
500.0
500.0
500.0
500.0
500.0
500.0
500.0
500.0
193.0
500.0
500.0
225.0
500.0
500.0
500.0
436.0
500.0
500.0
500.0
500.0
500.0
414.0
500.0
500.0
500.0
500.0
500.0
500.0
500.0
500.0
500.0
500.0
500.0
500.0
500.0
500.0
500.0
500.0
500.0
460.0
500.0
500.0
500.0
500.0
500.0
160.0
500.0
260.0
500.0
500.0
414.0
500.0
295.0
500.0
500.0
500.0
500.0
500.0
500.0
500.0
500.0
500.0
500.0
500.0
500.0
500.0
500.0
500.0
500.0
500.0
500.0
500.0
500.0
500.0
500.0
500.0
500.0
500.0
500.0
500.0
500.0
500.0
500.0
500.0
500.0
500.0
225.0
309.0
500.0
500.0
500.0
500.0
500.0
500.0
500.0
450.0
500.0
500.0
500.0
500.0
500.0
500.0
455.0
500.0
500.0
500.0
500.0
500.0
500.0
500.0
500.0
287.0
500.0
500.0
500.0
500.0
500.0
500.0
243.0
363.0
392.0
500.0
500.0
500.0
500.0
500.0
500.0
500.0
500.0
422.0
500.0
500.0
249.0
249.0
500.0
500.0
264.0
500.0
500.0
259.0
500.0
500.0
500.0
500.0
286.0
500.0
500.0
333.0
500.0
500.0
500.0
499.0
500.0
500.0
500.0
500.0
500.0
500.0
500.0
500.0
500.0
500.0
500.0
500.0
500.0
500.0
500.0
500.0
500.0
500.0
500.0
500.0
500.0
268.0
500.0
278.0
500.0
500.0
500.0
500.0
500.0
500.0
500.0
279.0
500.0
500.0
500.0
500.0
500.0
335.0
500.0
500.0
500.0
500.0
500.0
500.0
500.0
500.0
500.0
500.0
500.0
500.0
500.0
500.0
500.0
500.0
500.0
500.0
500.0
500.0
500.0
500.0
500.0
500.0
500.0
500.0
500.0
500.0
500.0
500.0
500.0
500.0
349.0
500.0
500.0
500.0
500.0
500.0
500.0
500.0
500.0
500.0
500.0
500.0
500.0
500.0
500.0
500.0
500.0
439.0
500.0
500.0
500.0
500.0
500.0
310.0
500.0
500.0
500.0
463.0
500.0
500.0
364.0
500.0
500.0
216.0
500.0
500.0
500.0
500.0
500.0
500.0
500.0
334.0
500.0
500.0
500.0
500.0
406.0
500.0
500.0
500.0
500.0
500.0
500.0
500.0
329.0
500.0
500.0
500.0
500.0
500.0
500.0
500.0
500.0
500.0
262.0
500.0
500.0
500.0
500.0
269.0
500.0
500.0
152.0
500.0
500.0
500.0
500.0
500.0
500.0
500.0
500.0
500.0
500.0
500.0
500.0
500.0
500.0
500.0
500.0
500.0
500.0
500.0
500.0
500.0
500.0
500.0
500.0
500.0
500.0
500.0
500.0
500.0
500.0
500.0
500.0
500.0
500.0
500.0
500.0
500.0
500.0
500.0
500.0
500.0
500.0
500.0
500.0
346.0
500.0
500.0
500.0
500.0
344.0
500.0
500.0
500.0
500.0
500.0
500.0
500.0
500.0
500.0
500.0
500.0
500.0
500.0
500.0
500.0
500.0
500.0
500.0
500.0
500.0
138.0
500.0
500.0
500.0
500.0
500.0
500.0
500.0
500.0
500.0
500.0
500.0
500.0
500.0
500.0
500.0
500.0
500.0
500.0
500.0
500.0
500.0
500.0
500.0
500.0
500.0
500.0
500.0
500.0
500.0
500.0
500.0
500.0
500.0
500.0
500.0
500.0
500.0
500.0
500.0
500.0
500.0
500.0
500.0
500.0
500.0
500.0
325.0
500.0
500.0
322.0
500.0
500.0
500.0
500.0
500.0
500.0
500.0
500.0
500.0
476.0
500.0
500.0
500.0
427.0
500.0
500.0
500.0
500.0
138.0
500.0
500.0
500.0
500.0
500.0
500.0
500.0
500.0
500.0
500.0
500.0
500.0
500.0
500.0
456.0
500.0
500.0
500.0
226.0
500.0
500.0
500.0
500.0
500.0
421.0
500.0
500.0
500.0
500.0
500.0
500.0
500.0
500.0
430.0
500.0
500.0
500.0
500.0
500.0
500.0
500.0
500.0
500.0
500.0
289.0
500.0
500.0
500.0
500.0
500.0
143.0
500.0
500.0
500.0
500.0
500.0
500.0
500.0
500.0
500.0
500.0
500.0
251.0
500.0
338.0
500.0
296.0
500.0
500.0
500.0
500.0
500.0
500.0
472.0
500.0
500.0
500.0
500.0
500.0
500.0
500.0
500.0
500.0
500.0
500.0
500.0
500.0
500.0
500.0
500.0
500.0
500.0
500.0
500.0
500.0
500.0
500.0
500.0
500.0
500.0
500.0
500.0
500.0
500.0
242.0
405.0
500.0
201.0
500.0
500.0
500.0
500.0
500.0
500.0
500.0
500.0
500.0
500.0
500.0
500.0
500.0
500.0
500.0
500.0
500.0
500.0
496.0
500.0
500.0
500.0
500.0
500.0
500.0
500.0
500.0
500.0
500.0
353.0
500.0
500.0
500.0
261.0
500.0
500.0
500.0
500.0
500.0
500.0
500.0
500.0
500.0
500.0
260.0
500.0
500.0
500.0
500.0
500.0
500.0
500.0
500.0
500.0
500.0
500.0
500.0
500.0
500.0
500.0
500.0
500.0
500.0
434.0
500.0
500.0
500.0
439.0
500.0
500.0
500.0
500.0
500.0
500.0
500.0
500.0
500.0
500.0
500.0
500.0
500.0
500.0
500.0
500.0
500.0
500.0
500.0
500.0
500.0
500.0
431.0
500.0
500.0
500.0
500.0
500.0
500.0
500.0
500.0
500.0
469.0
500.0
500.0
500.0
284.0
500.0
500.0
500.0
500.0
500.0
500.0
500.0
500.0
500.0
500.0
500.0
500.0
500.0
500.0
189.0
500.0
500.0
500.0
448.0
500.0
500.0
500.0
500.0
500.0
500.0
500.0
484.0
500.0
500.0
500.0
500.0
405.0
500.0
500.0
500.0
500.0
500.0
500.0
500.0
500.0
500.0
500.0
500.0
372.0
500.0
432.0
500.0
430.0
500.0
437.0
500.0
500.0
500.0
500.0
500.0
454.0
500.0
500.0
500.0
470.0
405.0
445.0
487.0
482.0
490.0
442.0
500.0
500.0
500.0
500.0
500.0
500.0
500.0
500.0
500.0
500.0
500.0
500.0
500.0
471.0
500.0
500.0
500.0
500.0
500.0
500.0
490.0
500.0
500.0
500.0
500.0
500.0
500.0
489.0
348.0
500.0
500.0
500.0
500.0
500.0
500.0
500.0
430.0
500.0
500.0
500.0
500.0
500.0
500.0
500.0
500.0
500.0
500.0
500.0
500.0
500.0
500.0
500.0
500.0
500.0
500.0
500.0
500.0
500.0
500.0
489.0
500.0
500.0
482.0
500.0
500.0
500.0
500.0
500.0
500.0
497.0
500.0
500.0
468.0
500.0
500.0
500.0
500.0
500.0
493.0
500.0
497.0
468.0
500.0
500.0
500.0
500.0
482.0
500.0
478.0
500.0
500.0
500.0
500.0
469.0
494.0
500.0
500.0
500.0
500.0
500.0
500.0
500.0
471.0
500.0
474.0
500.0
500.0
498.0
491.0
370.0
500.0
500.0
500.0
495.0
500.0
500.0
500.0
500.0
500.0
500.0
500.0
498.0
500.0
500.0
500.0
500.0
500.0
500.0
500.0
500.0
500.0
500.0
500.0
500.0
500.0
500.0
500.0
446.0
490.0
500.0
500.0
497.0
500.0
500.0
500.0
500.0
500.0
500.0
500.0
449.0
500.0
500.0
500.0
500.0
500.0
410.0
500.0
500.0
500.0
487.0
500.0
500.0
500.0
499.0
500.0
500.0
500.0
500.0
500.0
490.0
455.0
500.0
500.0
500.0
500.0
500.0
500.0
500.0
445.0
449.0
500.0
500.0
500.0
500.0
500.0
500.0
457.0
498.0
500.0
500.0
500.0
500.0
482.0
469.0
500.0
500.0
500.0
500.0
500.0
500.0
500.0
500.0
479.0
463.0
500.0
500.0
500.0
438.0
421.0
500.0
500.0
500.0
500.0
500.0
500.0
500.0
500.0
500.0
500.0
500.0
500.0
500.0
500.0
476.0
500.0
500.0
500.0
446.0
500.0
500.0
500.0
500.0
500.0
500.0
500.0
473.0
500.0
500.0
500.0
500.0
500.0
471.0
500.0
500.0
500.0
500.0
500.0
498.0
500.0
500.0
500.0
500.0
500.0
497.0
500.0
500.0
500.0
500.0
500.0
500.0
500.0
500.0
500.0
500.0
500.0
500.0
500.0
500.0
500.0
456.0
354.0
480.0
500.0
500.0
500.0
500.0
500.0
479.0
500.0
459.0
500.0
500.0
500.0
500.0
500.0
500.0
500.0
500.0
500.0
472.0
500.0
500.0
500.0
500.0
500.0
500.0
426.0
500.0
500.0
500.0
500.0
500.0
500.0
500.0
500.0
500.0
500.0
500.0
500.0
500.0
493.0
500.0
500.0
500.0
500.0
500.0
500.0
500.0
500.0
500.0
500.0
500.0
500.0
500.0
500.0
500.0
500.0
500.0
500.0
500.0
500.0
500.0
500.0
479.0
500.0
500.0
500.0
500.0
500.0
500.0
500.0
500.0
500.0
500.0
500.0
500.0
500.0
500.0
500.0
500.0
500.0
500.0
500.0
482.0
500.0
500.0
500.0
500.0
500.0
499.0
500.0
500.0
500.0
500.0
500.0
500.0
473.0
500.0
500.0
500.0
500.0
500.0
500.0
500.0
500.0
500.0
500.0
500.0
500.0
500.0
500.0
500.0
500.0
500.0
500.0
500.0
500.0
490.0
500.0
500.0
500.0
500.0
500.0
500.0
500.0
500.0
500.0
500.0
500.0
500.0
500.0
500.0
500.0
500.0
500.0
500.0
500.0
500.0
500.0
500.0
500.0
500.0
500.0
500.0
500.0
500.0
500.0
500.0
500.0
500.0
500.0
500.0
500.0
500.0
500.0
500.0
500.0
500.0
500.0
500.0
500.0
500.0
500.0
500.0
500.0
500.0
500.0
500.0
500.0
500.0
500.0
500.0
500.0
500.0
500.0
500.0
500.0
500.0
500.0
500.0
500.0
500.0
500.0
500.0
500.0
500.0
500.0
500.0
500.0
500.0
500.0
500.0
500.0
500.0
500.0
500.0
500.0
500.0
500.0
500.0
500.0
500.0
500.0
500.0
500.0
500.0
500.0
500.0
500.0
500.0
500.0
500.0
500.0
500.0
500.0
500.0
500.0
500.0
500.0
500.0
500.0
500.0
500.0
500.0
500.0
500.0
500.0
500.0
500.0
429.0
500.0
500.0
500.0
500.0
500.0
500.0
500.0
500.0
500.0
500.0
500.0
500.0
500.0
500.0
500.0
500.0
500.0
500.0
500.0
500.0
500.0
500.0
500.0
500.0
500.0
500.0
500.0
500.0
500.0
500.0
500.0
480.0
500.0
500.0
472.0
500.0
500.0
500.0
500.0
500.0
500.0
500.0
500.0
500.0
500.0
500.0
500.0
500.0
500.0
500.0
500.0
500.0
500.0
500.0
500.0
500.0
500.0
500.0
500.0
500.0
500.0
500.0
500.0
500.0
500.0
500.0
500.0
500.0
500.0
500.0
500.0
500.0
500.0
500.0
500.0
500.0
500.0
500.0
500.0
500.0
500.0
500.0
500.0
500.0
500.0
500.0
500.0
500.0
500.0
500.0
500.0
500.0
500.0
500.0
500.0
500.0
500.0
500.0
500.0
500.0
500.0
500.0
500.0
500.0
500.0
500.0
500.0
500.0
500.0
500.0
500.0
500.0
500.0
500.0
500.0
500.0
500.0
500.0
500.0
500.0
500.0
500.0
500.0
500.0
500.0
500.0
500.0
500.0
500.0
500.0
500.0
500.0
500.0
500.0
500.0
500.0
500.0
500.0
500.0
500.0
500.0
500.0
500.0
500.0
500.0
500.0
500.0
500.0
500.0
500.0
500.0
500.0
500.0
500.0
500.0
439.0
500.0
500.0
500.0
500.0
500.0
500.0
500.0
500.0
500.0
500.0
500.0
500.0
500.0
500.0
500.0
500.0
500.0
500.0
500.0
500.0
500.0
500.0
500.0
500.0
500.0
500.0
500.0
500.0
500.0
500.0
500.0
500.0
500.0
500.0
500.0
500.0
500.0
500.0
500.0
500.0
500.0
500.0
500.0
500.0
500.0
500.0
500.0
500.0
500.0
500.0
500.0
500.0
500.0
500.0
500.0
500.0
500.0
500.0
500.0
500.0
500.0
500.0
500.0
500.0
500.0
500.0
500.0
500.0
500.0
500.0
500.0
500.0
500.0
500.0
500.0
500.0
500.0
500.0
500.0
500.0
500.0
500.0
500.0
500.0
500.0
500.0
500.0
500.0
500.0
500.0
500.0
500.0
500.0
500.0
500.0
500.0
500.0
500.0
500.0
500.0
500.0
500.0
500.0
500.0
500.0
500.0
500.0
500.0
500.0
500.0
500.0
500.0
500.0
500.0
500.0
500.0
500.0
500.0
500.0
500.0
500.0
500.0
500.0
500.0
500.0
500.0
500.0
500.0
500.0
500.0
500.0
500.0
500.0
500.0
500.0
500.0
500.0
500.0
500.0
500.0
500.0
500.0
500.0
500.0
500.0
500.0
500.0
500.0
500.0
500.0
346.0
500.0
500.0
500.0
500.0
500.0
500.0
500.0
500.0
500.0
500.0
500.0
500.0
500.0
500.0
500.0
500.0
500.0
500.0
500.0
500.0
500.0
500.0
500.0
500.0
500.0
500.0
500.0
500.0
500.0
500.0
500.0
500.0
500.0
500.0
500.0
500.0
500.0
500.0
500.0
500.0
500.0
500.0
500.0
500.0
500.0
500.0
500.0
500.0
500.0
500.0
500.0
500.0
500.0
500.0
500.0
500.0
500.0
500.0
500.0
500.0
500.0
500.0
500.0
500.0
500.0
500.0
500.0
500.0
500.0
500.0
500.0
500.0
500.0
500.0
500.0
500.0
500.0
500.0
500.0
500.0
500.0
500.0
500.0
500.0
500.0
500.0
500.0
500.0
500.0
500.0
500.0
500.0
500.0
500.0
500.0
500.0
500.0
500.0
439.0
500.0
500.0
500.0
500.0
500.0
500.0
500.0
500.0
500.0
500.0
500.0
498.0
500.0
500.0
500.0
422.0
500.0
500.0
500.0
500.0
500.0
500.0
500.0
500.0
500.0
500.0
500.0
500.0
500.0
500.0
389.0
500.0
433.0
500.0
500.0
500.0
500.0
500.0
500.0
500.0
500.0
500.0
500.0
500.0
500.0
500.0
500.0
500.0
500.0
500.0
500.0
500.0
500.0
500.0
500.0
500.0
500.0
500.0
500.0
500.0
500.0
500.0
500.0
500.0
500.0
500.0
500.0
500.0
500.0
500.0
500.0
500.0
500.0
500.0
500.0
500.0
500.0
500.0
500.0
500.0
500.0
500.0
500.0
500.0
500.0
500.0
500.0
500.0
500.0
500.0
500.0
500.0
500.0
500.0
500.0
500.0
500.0
500.0
500.0
500.0
500.0
500.0
500.0
500.0
500.0
500.0
500.0
500.0
500.0
500.0
500.0
500.0
500.0
500.0
429.0
500.0
500.0
500.0
500.0
500.0
500.0
500.0
500.0
500.0
500.0
500.0
500.0
500.0
500.0
500.0
500.0
500.0
500.0
500.0
500.0
500.0
500.0
500.0
500.0
500.0
500.0
500.0
500.0
500.0
500.0
500.0
500.0
500.0
500.0
500.0
500.0
500.0
500.0
500.0
500.0
500.0
500.0
340.0
500.0
500.0
500.0
500.0
500.0
500.0
500.0
500.0
500.0
500.0
500.0
500.0
500.0
500.0
500.0
500.0
444.0
500.0
500.0
500.0
500.0
500.0
500.0
500.0
500.0
500.0
500.0
98.0
500.0
500.0
500.0
500.0
500.0
500.0
500.0
500.0
500.0
500.0
500.0
500.0
119.0
202.0
500.0
500.0
500.0
500.0
500.0
500.0
500.0
121.0
500.0
500.0
500.0
500.0
500.0
500.0
500.0
500.0
500.0
500.0
500.0
500.0
500.0
500.0
500.0
500.0
500.0
500.0
500.0
500.0
500.0
500.0
500.0
500.0
500.0
500.0
500.0
500.0
500.0
500.0
500.0
500.0
500.0
500.0
114.0
500.0
500.0
500.0
500.0
500.0
500.0
500.0
500.0
500.0
500.0
500.0
500.0
500.0
500.0
500.0
404.0
500.0
500.0
500.0
500.0
500.0
500.0
386.0
500.0
500.0
500.0
500.0
500.0
500.0
500.0
500.0
500.0
500.0
500.0
500.0
500.0
500.0
500.0
500.0
307.0
500.0
500.0
500.0
500.0
500.0
500.0
500.0
500.0
500.0
500.0
500.0
500.0
347.0
500.0
500.0
380.0
259.0
500.0
500.0
500.0
500.0
500.0
500.0
500.0
500.0
500.0
500.0
500.0
500.0
500.0
500.0
500.0
500.0
500.0
500.0
500.0
500.0
500.0
500.0
500.0
500.0
500.0
500.0
500.0
500.0
500.0
500.0
500.0
500.0
500.0
500.0
347.0
500.0
500.0
500.0
500.0
500.0
500.0
500.0
500.0
500.0
500.0
500.0
500.0
500.0
500.0
500.0
500.0
500.0
500.0
500.0
423.0
500.0
500.0
500.0
500.0
500.0
500.0
500.0
500.0
500.0
500.0
500.0
500.0
500.0
500.0
500.0
500.0
500.0
500.0
500.0
500.0
500.0
500.0
500.0
500.0
500.0
500.0
500.0
500.0
500.0
500.0
500.0
356.0
500.0
313.0
500.0
500.0
500.0
500.0
500.0
500.0
500.0
500.0
500.0
500.0
500.0
500.0
500.0
500.0
500.0
500.0
500.0
500.0
500.0
500.0
500.0
500.0
500.0
500.0
500.0
500.0
500.0
500.0
500.0
500.0
500.0
500.0
500.0
500.0
500.0
500.0
400.0
500.0
500.0
500.0
500.0
500.0
500.0
500.0
500.0
500.0
500.0
500.0
500.0
500.0
500.0
500.0
500.0
500.0
500.0
500.0
500.0
500.0
500.0
500.0
500.0
500.0
500.0
500.0
500.0
500.0
500.0
500.0
500.0
500.0
500.0
500.0
500.0
500.0
500.0
500.0
500.0
500.0
500.0
500.0
500.0
500.0
500.0
500.0
500.0
500.0
500.0
500.0
500.0
500.0
500.0
500.0
500.0
500.0
500.0
500.0
500.0
500.0
500.0
500.0
500.0
500.0
500.0
500.0
500.0
500.0
500.0
500.0
500.0
500.0
349.0
500.0
500.0
500.0
500.0
500.0
500.0
500.0
500.0
500.0
500.0
500.0
500.0
500.0
500.0
500.0
500.0
500.0
500.0
500.0
500.0
500.0
362.0
500.0
500.0
500.0
500.0
500.0
500.0
500.0
500.0
500.0
500.0
500.0
500.0
500.0
500.0
500.0
306.0
500.0
500.0
500.0
500.0
500.0
500.0
500.0
500.0
500.0
500.0
500.0
500.0
500.0
500.0
500.0
500.0
500.0
500.0
500.0
500.0
500.0
500.0
500.0
500.0
500.0
500.0
500.0
500.0
500.0
500.0
500.0
500.0
500.0
500.0
500.0
500.0
500.0
500.0
500.0
500.0
397.0
500.0
500.0
500.0
500.0
500.0
500.0
500.0
500.0
500.0
500.0
500.0
405.0
500.0
500.0
500.0
500.0
500.0
500.0
500.0
500.0
500.0
500.0
500.0
500.0
500.0
500.0
500.0
500.0
500.0
500.0
500.0
500.0
500.0
500.0
500.0
500.0
500.0
500.0
500.0
500.0
500.0
500.0
500.0
500.0
500.0
500.0
500.0
500.0
500.0
500.0
500.0
500.0
500.0
500.0
500.0
500.0
500.0
500.0
500.0
500.0
500.0
500.0
500.0
500.0
500.0
500.0
500.0
500.0
500.0
500.0
500.0
500.0
500.0
500.0
500.0
500.0
500.0
500.0
500.0
500.0
500.0
500.0
500.0
500.0
500.0
500.0
500.0
327.0
500.0
500.0
500.0
500.0
500.0
500.0
500.0
500.0
500.0
500.0
490.0
500.0
500.0
328.0
500.0
500.0
500.0
500.0
500.0
321.0
500.0
500.0
500.0
500.0
500.0
500.0
500.0
500.0
500.0
500.0
500.0
500.0
500.0
500.0
500.0
500.0
500.0
500.0
500.0
500.0
500.0
495.0
500.0
500.0
500.0
500.0
500.0
500.0
500.0
500.0
500.0
500.0
500.0
500.0
500.0
500.0
500.0
500.0
500.0
500.0
500.0
500.0
500.0
500.0
500.0
500.0
500.0
500.0
500.0
500.0
500.0
500.0
500.0
500.0
500.0
500.0
500.0
500.0
500.0
500.0
500.0
500.0
500.0
500.0
307.0
500.0
500.0
500.0
500.0
500.0
500.0
500.0
500.0
500.0
500.0
500.0
500.0
500.0
500.0
500.0
500.0
500.0
500.0
500.0
500.0
500.0
500.0
500.0
500.0
500.0
500.0
500.0
500.0
500.0
500.0
500.0
500.0
500.0
500.0
500.0
500.0
500.0
500.0
500.0
500.0
500.0
500.0
500.0
500.0
500.0
500.0
500.0
500.0
500.0
500.0
500.0
500.0
500.0
500.0
500.0
500.0
500.0
500.0
500.0
500.0
500.0
500.0
500.0
500.0
500.0
500.0
500.0
500.0
500.0
500.0
500.0
500.0
500.0
500.0
500.0
500.0
500.0
500.0
500.0
500.0
500.0
500.0
500.0
500.0
500.0
500.0
500.0
500.0
500.0
500.0
500.0
500.0
500.0
500.0
500.0
500.0
500.0
500.0
500.0
500.0
500.0
500.0
500.0
500.0
500.0
500.0
500.0
500.0
500.0
500.0
500.0
500.0
500.0
500.0
500.0
500.0
500.0
500.0
500.0
500.0
500.0
500.0
500.0
500.0
500.0
500.0
500.0
500.0
500.0
500.0
500.0
500.0
500.0
500.0
500.0
500.0
500.0
500.0
500.0
286.0
500.0
500.0
500.0
500.0
500.0
500.0
500.0
500.0
500.0
500.0
500.0
500.0
500.0
500.0
500.0
500.0
500.0
500.0
500.0
500.0
500.0
500.0
500.0
500.0
500.0
500.0
500.0
500.0
500.0
500.0
500.0
500.0
500.0
500.0
500.0
500.0
500.0
500.0
500.0
500.0
500.0
500.0
500.0
436.0
500.0
500.0
500.0
500.0
500.0
500.0
500.0
500.0
500.0
500.0
500.0
500.0
500.0
500.0
500.0
500.0
500.0
500.0
500.0
500.0
500.0
500.0
500.0
500.0
500.0
500.0
500.0
500.0
500.0
500.0
500.0
500.0
500.0
500.0
500.0
500.0
500.0
500.0
500.0
500.0
500.0
500.0
500.0
500.0
500.0
500.0
500.0
500.0
500.0
500.0
500.0
500.0
500.0
321.0
500.0
500.0
404.0
500.0
500.0
500.0
500.0
500.0
500.0
500.0
500.0
500.0
500.0
500.0
500.0
500.0
500.0
500.0
500.0
500.0
500.0
500.0
500.0
500.0
500.0
500.0
500.0
500.0
437.0
500.0
500.0
500.0
500.0
500.0
440.0
500.0
500.0
500.0
500.0
500.0
500.0
500.0
500.0
500.0
500.0
500.0
500.0
500.0
500.0
500.0
500.0
500.0
500.0
500.0
500.0
500.0
500.0
500.0
500.0
500.0
500.0
500.0
500.0
500.0
500.0
500.0
500.0
409.0
500.0
500.0
500.0
500.0
500.0
500.0
500.0
500.0
500.0
500.0
500.0
500.0
500.0
500.0
500.0
500.0
500.0
500.0
500.0
500.0
500.0
500.0
500.0
500.0
500.0
500.0
500.0
500.0
500.0
500.0
500.0
500.0
500.0
500.0
500.0
500.0
500.0
500.0
500.0
500.0
500.0
500.0
500.0
500.0
500.0
500.0
500.0
500.0
500.0
500.0
500.0
500.0
500.0
500.0
500.0
500.0
500.0
500.0
500.0
500.0
500.0
500.0
500.0
500.0
450.0
500.0
500.0
500.0
500.0
500.0
500.0
500.0
500.0
500.0
500.0
500.0
500.0
500.0
500.0
500.0
500.0
500.0
500.0
500.0
500.0
500.0
500.0
500.0
500.0
500.0
500.0
500.0
500.0
500.0
331.0
500.0
500.0
500.0
500.0
500.0
500.0
500.0
500.0
500.0
500.0
500.0
500.0
500.0
500.0
500.0
500.0
500.0
500.0
500.0
500.0
500.0
500.0
500.0
500.0
500.0
500.0
500.0
423.0
500.0
500.0
500.0
500.0
500.0
500.0
500.0
500.0
500.0
500.0
500.0
500.0
500.0
500.0
500.0
500.0
500.0
500.0
500.0
500.0
500.0
500.0
489.0
500.0
500.0
500.0
500.0
500.0
500.0
500.0
500.0
500.0
313.0
327.0
500.0
500.0
500.0
500.0
500.0
500.0
500.0
500.0
500.0
500.0
500.0
500.0
500.0
500.0
500.0
500.0
500.0
500.0
500.0
500.0
500.0
500.0
500.0
500.0
500.0
500.0
500.0
500.0
500.0
500.0
500.0
500.0
500.0
396.0
500.0
500.0
500.0
500.0
500.0
500.0
500.0
500.0
500.0
500.0
500.0
500.0
500.0
500.0
500.0
500.0
500.0
500.0
500.0
500.0
500.0
500.0
500.0
500.0
500.0
500.0
500.0
500.0
500.0
500.0
500.0
500.0
500.0
500.0
500.0
500.0
500.0
500.0
500.0
500.0
500.0
500.0
500.0
500.0
500.0
500.0
500.0
500.0
500.0
500.0
500.0
500.0
500.0
500.0
500.0
317.0
355.0
500.0
500.0
500.0
500.0
500.0
500.0
500.0
500.0
500.0
500.0
500.0
500.0
500.0
500.0
500.0
500.0
497.0
500.0
500.0
500.0
500.0
500.0
500.0
500.0
500.0
500.0
500.0
500.0
500.0
500.0
500.0
500.0
500.0
460.0
500.0
500.0
455.0
500.0
500.0
500.0
322.0
500.0
500.0
500.0
500.0
500.0
500.0
405.0
422.0
500.0
500.0
500.0
500.0
500.0
500.0
500.0
500.0
500.0
500.0
500.0
500.0
500.0
500.0
500.0
500.0
500.0
500.0
500.0
500.0
500.0
500.0
500.0
500.0
500.0
500.0
500.0
500.0
500.0
500.0
500.0
500.0
500.0
432.0
500.0
500.0
500.0
500.0
500.0
500.0
500.0
500.0
500.0
500.0
500.0
500.0
500.0
500.0
500.0
500.0
500.0
500.0
500.0
500.0
500.0
500.0
500.0
500.0
500.0
500.0
500.0
500.0
500.0
500.0
500.0
500.0
500.0
500.0
500.0
500.0
500.0
500.0
500.0
500.0
500.0
500.0
500.0
500.0
500.0
500.0
500.0
500.0
500.0
500.0
500.0
500.0
500.0
500.0
500.0
500.0
500.0
500.0
500.0
500.0
500.0
500.0
500.0
500.0
500.0
500.0
500.0
500.0
500.0
500.0
500.0
500.0
500.0
500.0
500.0
500.0
500.0
500.0
500.0
500.0
500.0
500.0
500.0
500.0
500.0
500.0
500.0
500.0
500.0
500.0
500.0
500.0
500.0
500.0
500.0
500.0
467.0
500.0
500.0
500.0
500.0
500.0
500.0
500.0
500.0
500.0
500.0
500.0
500.0
500.0
500.0
500.0
345.0
500.0
500.0
500.0
500.0
500.0
500.0
500.0
500.0
500.0
500.0
500.0
500.0
500.0
500.0
500.0
500.0
500.0
500.0
409.0
500.0
500.0
370.0
500.0
500.0
500.0
500.0
397.0
500.0
500.0
500.0
500.0
500.0
500.0
500.0
500.0
500.0
500.0
500.0
500.0
500.0
500.0
500.0
500.0
500.0
500.0
500.0
500.0
500.0
500.0
500.0
500.0
500.0
500.0
500.0
388.0
500.0
500.0
500.0
500.0
500.0
500.0
500.0
500.0
500.0
500.0
500.0
500.0
500.0
500.0
500.0
500.0
500.0
429.0
500.0
500.0
500.0
500.0
500.0
500.0
500.0
500.0
500.0
500.0
500.0
500.0
500.0
500.0
500.0
500.0
500.0
500.0
500.0
500.0
500.0
500.0
439.0
500.0
500.0
500.0
500.0
500.0
500.0
500.0
500.0
500.0
500.0
500.0
500.0
500.0
500.0
500.0
500.0
500.0
500.0
500.0
500.0
500.0
500.0
500.0
500.0
385.0
500.0
500.0
500.0
500.0
500.0
500.0
500.0
500.0
500.0
500.0
500.0
500.0
500.0
500.0
500.0
500.0
500.0
500.0
500.0
500.0
500.0
500.0
500.0
500.0
500.0
500.0
500.0
500.0
500.0
500.0
500.0
500.0
500.0
500.0
500.0
500.0
500.0
500.0
500.0
394.0
500.0
500.0
500.0
500.0
500.0
500.0
500.0
500.0
500.0
500.0
500.0
500.0
500.0
500.0
500.0
500.0
500.0
500.0
500.0
500.0
500.0
500.0
500.0
500.0
500.0
500.0
500.0
500.0
500.0
500.0
500.0
500.0
500.0
500.0
500.0
500.0
500.0
500.0
500.0
500.0
500.0
500.0
500.0
186.0
500.0
500.0
500.0
500.0
500.0
500.0
500.0
500.0
500.0
500.0
427.0
500.0
500.0
500.0
500.0
500.0
424.0
500.0
500.0
500.0
500.0
500.0
500.0
500.0
500.0
500.0
500.0
500.0
500.0
500.0
500.0
500.0
436.0
500.0
500.0
500.0
500.0
500.0
500.0
500.0
500.0
500.0
500.0
500.0
500.0
373.0
500.0
500.0
446.0
326.0
500.0
197.0
93.0
169.0
129.0
127.0
203.0
359.0
193.0
73.0
97.0
191.0
223.0
173.0
169.0
226.0
132.0
222.0
100.0
169.0
143.0
259.0
143.0
207.0
173.0
243.0
340.0
200.0
181.0
171.0
83.0
129.0
100.0
249.0
109.0
124.0
262.0
147.0
191.0
201.0
119.0
196.0
273.0
324.0
412.0
218.0
316.0
258.0
220.0
192.0
216.0
105.0
257.0
179.0
221.0
106.0
236.0
190.0
224.0
205.0
288.0
92.0
204.0
180.0
161.0
104.0
203.0
295.0
244.0
203.0
140.0
233.0
324.0
235.0
151.0
269.0
189.0
102.0
205.0
125.0
223.0
134.0
364.0
188.0
131.0
243.0
268.0
189.0
106.0
192.0
122.0
165.0
259.0
273.0
149.0
258.0
123.0
141.0
134.0
169.0
197.0
105.0
196.0
212.0
119.0
291.0
254.0
318.0
239.0
130.0
204.0
221.0
178.0
208.0
107.0
166.0
175.0
241.0
175.0
216.0
139.0
301.0
132.0
244.0
150.0
191.0
110.0
165.0
242.0
247.0
208.0
307.0
269.0
244.0
178.0
139.0
232.0
202.0
317.0
133.0
218.0
210.0
299.0
222.0
318.0
183.0
166.0
133.0
266.0
392.0
119.0
155.0
285.0
238.0
205.0
218.0
163.0
225.0
283.0
117.0
314.0
277.0
179.0
229.0
237.0
361.0
195.0
264.0
180.0
219.0
233.0
144.0
123.0
212.0
134.0
265.0
225.0
289.0
298.0
168.0
140.0
148.0
273.0
271.0
293.0
166.0
185.0
178.0
318.0
115.0
124.0
232.0
144.0
249.0
209.0
247.0
344.0
134.0
162.0
256.0
235.0
189.0
140.0
266.0
221.0
175.0
304.0
259.0
247.0
165.0
227.0
244.0
282.0
242.0
251.0
125.0
207.0
287.0
155.0
213.0
128.0
182.0
181.0
219.0
295.0
332.0
245.0
201.0
188.0
172.0
226.0
183.0
161.0
344.0
203.0
152.0
206.0
150.0
195.0
208.0
200.0
235.0
234.0
302.0
233.0
215.0
271.0
236.0
214.0
219.0
155.0
227.0
256.0
333.0
277.0
140.0
257.0
175.0
275.0
232.0
336.0
231.0
239.0
223.0
374.0
200.0
256.0
256.0
166.0
224.0
198.0
282.0
236.0
240.0
212.0
204.0
235.0
242.0
223.0
130.0
337.0
139.0
208.0
178.0
229.0
188.0
299.0
100.0
204.0
207.0
230.0
152.0
161.0
198.0
203.0
150.0
175.0
99.0
110.0
101.0
264.0
233.0
133.0
172.0
225.0
254.0
206.0
136.0
116.0
171.0
152.0
164.0
131.0
180.0
233.0
113.0
192.0
184.0
135.0
108.0
133.0
150.0
136.0
99.0
181.0
92.0
150.0
172.0
233.0
129.0
80.0
126.0
147.0
202.0
161.0
77.0
200.0
130.0
200.0
212.0
176.0
72.0
124.0
216.0
70.0
107.0
118.0
216.0
308.0
243.0
120.0
172.0
158.0
218.0
90.0
73.0
174.0
139.0
223.0
118.0
253.0
67.0
60.0
43.0
36.0
66.0
158.0
29.0
75.0
273.0
43.0
25.0
52.0
34.0
125.0
27.0
43.0
136.0
41.0
22.0
36.0
83.0
39.0
26.0
54.0
30.0
53.0
103.0
30.0
49.0
107.0
22.0
189.0
15.0
39.0
21.0
44.0
27.0
22.0
37.0
22.0
14.0
18.0
35.0
30.0
20.0
15.0
13.0
28.0
23.0
12.0
23.0
48.0
22.0
125.0
24.0
49.0
39.0
141.0
12.0
166.0
177.0
36.0
147.0
155.0
12.0
130.0
122.0
18.0
207.0
17.0
11.0
182.0
13.0
23.0
8.0
14.0
14.0
173.0
143.0
14.0
17.0
23.0
45.0
50.0
22.0
173.0
28.0
277.0
172.0
14.0
217.0
45.0
12.0
170.0
30.0
258.0
238.0
269.0
173.0
351.0
411.0
500.0
279.0
154.0
201.0
252.0
218.0
258.0
194.0
360.0
12.0
202.0
291.0
268.0
323.0
123.0
30.0
203.0
320.0
167.0
413.0
500.0
219.0
179.0
68.0
22.0
115.0
79.0
56.0
87.0
69.0
131.0
140.0
157.0
156.0
236.0
196.0
41.0
154.0
202.0
109.0
174.0
173.0
121.0
42.0
33.0
138.0
100.0
48.0
33.0
66.0
107.0
216.0
195.0
157.0
26.0
387.0
121.0
112.0
279.0
131.0
105.0
165.0
36.0
14.0
405.0
32.0
500.0
334.0
211.0
150.0
154.0
280.0
196.0
279.0
298.0
233.0
92.0
237.0
242.0
192.0
38.0
84.0
183.0
357.0
434.0
108.0
389.0
370.0
391.0
36.0
103.0
42.0
114.0
62.0
112.0
50.0
188.0
94.0
306.0
329.0
319.0
256.0
365.0
500.0
54.0
260.0
194.0
129.0
198.0
218.0
500.0
240.0
235.0
205.0
138.0
95.0
344.0
500.0
500.0
500.0
326.0
500.0
479.0
215.0
257.0
197.0
500.0
500.0
500.0
243.0
500.0
458.0
500.0
256.0
500.0
232.0
199.0
500.0
218.0
292.0
310.0
500.0
446.0
500.0
500.0
500.0
500.0
500.0
313.0
500.0
167.0
500.0
500.0
500.0
352.0
500.0
227.0
280.0
500.0
444.0
404.0
154.0
500.0
500.0
500.0
500.0
500.0
500.0
500.0
409.0
500.0
500.0
461.0
500.0
500.0
269.0
500.0
419.0
144.0
500.0
187.0
500.0
122.0
500.0
231.0
500.0
500.0
500.0
150.0
500.0
500.0
500.0
500.0
500.0
500.0
500.0
500.0
220.0
181.0
500.0
160.0
500.0
210.0
500.0
158.0
500.0
500.0
500.0
500.0
500.0
380.0
365.0
188.0
500.0
500.0
500.0
316.0
500.0
500.0
500.0
142.0
161.0
500.0
226.0
500.0
123.0
500.0
176.0
304.0
500.0
159.0
500.0
500.0
198.0
500.0
500.0
320.0
223.0
500.0
500.0
336.0
500.0
214.0
380.0
256.0
333.0
120.0
500.0
500.0
500.0
500.0
500.0
88.0
116.0
109.0
500.0
500.0
157.0
500.0
258.0
500.0
500.0
500.0
202.0
124.0
236.0
109.0
249.0
500.0
216.0
500.0
500.0
491.0
425.0
108.0
500.0
500.0
53.0
500.0
500.0
53.0
500.0
63.0
500.0
316.0
500.0
500.0
51.0
244.0
500.0
500.0
367.0
394.0
500.0
500.0
358.0
500.0
500.0
500.0
500.0
500.0
500.0
360.0
500.0
500.0
227.0
265.0
93.0
106.0
500.0
500.0
389.0
500.0
500.0
119.0
500.0
500.0
144.0
500.0
314.0
500.0
82.0
490.0
178.0
500.0
70.0
500.0
430.0
500.0
500.0
500.0
500.0
500.0
103.0
500.0
500.0
60.0
500.0
500.0
500.0
500.0
500.0
500.0
500.0
500.0
176.0
139.0
495.0
500.0
500.0
500.0
500.0
500.0
500.0
500.0
103.0
490.0
500.0
500.0
500.0
500.0
100.0
500.0
500.0
500.0
500.0
500.0
375.0
500.0
120.0
482.0
500.0
290.0
500.0
500.0
500.0
500.0
117.0
500.0
500.0
500.0
210.0
500.0
500.0
500.0
500.0
500.0
247.0
500.0
500.0
138.0
258.0
500.0
89.0
500.0
500.0
500.0
500.0
500.0
500.0
500.0
500.0
329.0
500.0
500.0
500.0
500.0
219.0
500.0
500.0
500.0
500.0
500.0
500.0
500.0
500.0
500.0
500.0
192.0
500.0
136.0
500.0
500.0
500.0
500.0
500.0
495.0
500.0
500.0
500.0
166.0
500.0
500.0
500.0
105.0
500.0
500.0
500.0
500.0
500.0
500.0
127.0
500.0
485.0
500.0
500.0
500.0
500.0
500.0
500.0
500.0
500.0
500.0
500.0
500.0
500.0
500.0
500.0
269.0
500.0
471.0
165.0
500.0
500.0
214.0
458.0
466.0
392.0
80.0
213.0
231.0
500.0
140.0
135.0
184.0
500.0
285.0
500.0
500.0
500.0
470.0
500.0
500.0
500.0
500.0
132.0
500.0
500.0
500.0
147.0
481.0
500.0
204.0
500.0
500.0
74.0
53.0
486.0
500.0
381.0
500.0
164.0
500.0
500.0
470.0
500.0
302.0
500.0
500.0
281.0
500.0
361.0
101.0
215.0
458.0
500.0
464.0
500.0
500.0
453.0
473.0
159.0
500.0
500.0
500.0
500.0
119.0
500.0
500.0
500.0
500.0
119.0
102.0
169.0
500.0
500.0
500.0
188.0
500.0
500.0
500.0
500.0
500.0
500.0
500.0
500.0
500.0
265.0
500.0
500.0
500.0
500.0
500.0
500.0
500.0
167.0
500.0
494.0
494.0
500.0
238.0
500.0
500.0
95.0
500.0
500.0
496.0
465.0
473.0
500.0
95.0
500.0
500.0
500.0
82.0
66.0
83.0
500.0
86.0
500.0
500.0
500.0
500.0
500.0
500.0
500.0
58.0
500.0
500.0
500.0
500.0
500.0
120.0
97.0
500.0
229.0
173.0
298.0
181.0
400.0
500.0
500.0
500.0
39.0
500.0
500.0
64.0
141.0
500.0
64.0
26.0
500.0
500.0
500.0
487.0
500.0
70.0
500.0
185.0
500.0
500.0
112.0
500.0
179.0
364.0
500.0
297.0
500.0
456.0
145.0
219.0
127.0
500.0
500.0
500.0
500.0
500.0
500.0
500.0
500.0
500.0
500.0
500.0
500.0
500.0
500.0
500.0
193.0
500.0
500.0
500.0
500.0
500.0
30.0
244.0
500.0
405.0
500.0
500.0
74.0
102.0
500.0
500.0
500.0
162.0
500.0
183.0
500.0
187.0
500.0
500.0
500.0
214.0
500.0
500.0
500.0
233.0
500.0
484.0
500.0
500.0
500.0
500.0
500.0
500.0
500.0
20.0
500.0
500.0
491.0
500.0
500.0
500.0
500.0
500.0
500.0
500.0
500.0
246.0
228.0
171.0
300.0
500.0
500.0
500.0
500.0
170.0
500.0
500.0
500.0
215.0
197.0
500.0
500.0
500.0
500.0
500.0
500.0
444.0
500.0
500.0
500.0
500.0
500.0
500.0
500.0
500.0
500.0
500.0
500.0
188.0
500.0
267.0
500.0
261.0
500.0
500.0
500.0
500.0
500.0
499.0
500.0
500.0
500.0
213.0
500.0
500.0
500.0
500.0
500.0
500.0
500.0
500.0
500.0
500.0
500.0
155.0
500.0
500.0
500.0
500.0
300.0
500.0
500.0
500.0
500.0
365.0
500.0
500.0
500.0
500.0
500.0
500.0
500.0
500.0
500.0
500.0
500.0
500.0
500.0
500.0
500.0
463.0
500.0
500.0
500.0
500.0
500.0
500.0
500.0
500.0
500.0
500.0
500.0
500.0
500.0
222.0
500.0
500.0
211.0
500.0
500.0
500.0
500.0
500.0
270.0
500.0
500.0
500.0
500.0
500.0
500.0
500.0
500.0
500.0
500.0
500.0
500.0
500.0
500.0
500.0
500.0
500.0
37.0
500.0
500.0
500.0
500.0
500.0
245.0
500.0
500.0
500.0
500.0
177.0
488.0
500.0
500.0
500.0
500.0
39.0
500.0
500.0
500.0
500.0
500.0
500.0
500.0
500.0
500.0
500.0
500.0
500.0
500.0
500.0
500.0
500.0
500.0
500.0
500.0
500.0
500.0
352.0
500.0
500.0
230.0
500.0
500.0
495.0
500.0
500.0
500.0
500.0
500.0
500.0
295.0
500.0
500.0
500.0
489.0
500.0
500.0
500.0
500.0
500.0
500.0
500.0
500.0
192.0
500.0
449.0
500.0
500.0
500.0
500.0
500.0
500.0
500.0
500.0
500.0
500.0
500.0
500.0
500.0
500.0
142.0
470.0
500.0
206.0
500.0
184.0
500.0
500.0
500.0
500.0
500.0
500.0
303.0
500.0
500.0
500.0
500.0
500.0
500.0
276.0
500.0
500.0
500.0
500.0
500.0
500.0
138.0
500.0
500.0
500.0
500.0
500.0
500.0
500.0
500.0
500.0
500.0
500.0
500.0
500.0
500.0
500.0
500.0
500.0
245.0
500.0
500.0
500.0
500.0
500.0
500.0
500.0
500.0
184.0
500.0
500.0
500.0
500.0
500.0
500.0
500.0
500.0
500.0
500.0
500.0
204.0
225.0
500.0
500.0
500.0
500.0
500.0
500.0
500.0
500.0
500.0
500.0
500.0
500.0
500.0
500.0
500.0
500.0
499.0
500.0
500.0
500.0
500.0
500.0
500.0
500.0
500.0
479.0
500.0
500.0
144.0
500.0
500.0
500.0
500.0
500.0
500.0
497.0
500.0
500.0
500.0
500.0
368.0
500.0
172.0
500.0
500.0
500.0
500.0
500.0
500.0
500.0
500.0
500.0
432.0
500.0
500.0
500.0
500.0
500.0
174.0
500.0
500.0
500.0
500.0
500.0
500.0
48.0
500.0
499.0
500.0
36.0
455.0
500.0
500.0
500.0
500.0
500.0
500.0
500.0
500.0
500.0
500.0
500.0
500.0
500.0
500.0
500.0
500.0
500.0
500.0
500.0
500.0
500.0
290.0
500.0
500.0
500.0
500.0
481.0
500.0
500.0
500.0
500.0
500.0
500.0
500.0
500.0
500.0
500.0
500.0
500.0
500.0
500.0
500.0
500.0
500.0
500.0
500.0
441.0
500.0
500.0
500.0
500.0
500.0
500.0
500.0
425.0
500.0
454.0
500.0
500.0
500.0
500.0
500.0
500.0
500.0
500.0
500.0
500.0
500.0
500.0
64.0
500.0
500.0
500.0
500.0
441.0
191.0
381.0
500.0
362.0
500.0
500.0
500.0
485.0
500.0
500.0
500.0
500.0
500.0
500.0
500.0
500.0
500.0
500.0
500.0
500.0
500.0
500.0
500.0
500.0
500.0
500.0
500.0
500.0
500.0
500.0
500.0
500.0
500.0
500.0
500.0
500.0
500.0
500.0
500.0
500.0
500.0
500.0
500.0
500.0
500.0
500.0
500.0
500.0
500.0
293.0
500.0
500.0
305.0
500.0
490.0
500.0
184.0
500.0
500.0
500.0
163.0
500.0
500.0
500.0
500.0
500.0
500.0
157.0
500.0
500.0
500.0
500.0
500.0
500.0
500.0
500.0
500.0
500.0
500.0
500.0
500.0
500.0
500.0
142.0
500.0
500.0
500.0
500.0
500.0
500.0
500.0
233.0
500.0
500.0
500.0
115.0
500.0
500.0
500.0
500.0
500.0
500.0
500.0
102.0
500.0
478.0
500.0
500.0
181.0
500.0
500.0
500.0
145.0
500.0
500.0
130.0
500.0
500.0
500.0
500.0
500.0
500.0
500.0
130.0
210.0
105.0
500.0
500.0
500.0
500.0
500.0
500.0
500.0
500.0
151.0
289.0
500.0
246.0
500.0
228.0
500.0
500.0
500.0
500.0
385.0
500.0
168.0
500.0
500.0
500.0
500.0
500.0
142.0
500.0
104.0
500.0
500.0
500.0
500.0
500.0
238.0
500.0
223.0
500.0
500.0
500.0
500.0
500.0
500.0
500.0
500.0
104.0
500.0
500.0
500.0
376.0
500.0
500.0
500.0
100.0
500.0
500.0
500.0
500.0
500.0
500.0
500.0
500.0
500.0
121.0
500.0
500.0
500.0
500.0
500.0
500.0
500.0
500.0
500.0
500.0
500.0
500.0
500.0
500.0
500.0
500.0
500.0
500.0
500.0
248.0
500.0
150.0
500.0
500.0
204.0
500.0
500.0
500.0
500.0
500.0
154.0
252.0
500.0
210.0
500.0
500.0
500.0
500.0
500.0
500.0
500.0
305.0
500.0
221.0
500.0
500.0
500.0
500.0
500.0
238.0
500.0
500.0
500.0
500.0
500.0
500.0
500.0
451.0
500.0
500.0
500.0
500.0
500.0
214.0
500.0
500.0
500.0
189.0
500.0
500.0
500.0
500.0
500.0
500.0
500.0
500.0
321.0
500.0
500.0
500.0
500.0
500.0
500.0
500.0
500.0
500.0
500.0
500.0
500.0
500.0
500.0
500.0
500.0
500.0
155.0
500.0
241.0
345.0
500.0
500.0
288.0
500.0
500.0
500.0
479.0
500.0
256.0
500.0
500.0
500.0
500.0
500.0
500.0
173.0
500.0
500.0
500.0
500.0
500.0
500.0
500.0
500.0
149.0
500.0
500.0
500.0
500.0
147.0
139.0
500.0
500.0
500.0
500.0
186.0
500.0
500.0
500.0
500.0
140.0
500.0
500.0
500.0
500.0
500.0
500.0
500.0
500.0
500.0
500.0
500.0
500.0
500.0
500.0
500.0
500.0
110.0
500.0
500.0
500.0
500.0
500.0
500.0
500.0
500.0
500.0
500.0
500.0
500.0
500.0
407.0
500.0
500.0
500.0
500.0
500.0
500.0
500.0
500.0
500.0
228.0
315.0
285.0
500.0
500.0
500.0
500.0
500.0
500.0
500.0
500.0
212.0
482.0
500.0
500.0
500.0
500.0
500.0
500.0
305.0
500.0
500.0
464.0
500.0
500.0
500.0
500.0
500.0
500.0
500.0
500.0
500.0
500.0
500.0
500.0
500.0
500.0
500.0
500.0
500.0
151.0
500.0
500.0
500.0
500.0
500.0
500.0
500.0
500.0
500.0
500.0
500.0
500.0
208.0
500.0
500.0
500.0
500.0
351.0
500.0
262.0
500.0
500.0
263.0
500.0
500.0
500.0
240.0
500.0
500.0
500.0
500.0
500.0
500.0
500.0
500.0
219.0
500.0
500.0
500.0
335.0
279.0
500.0
500.0
500.0
500.0
231.0
500.0
500.0
500.0
500.0
500.0
500.0
203.0
500.0
500.0
500.0
229.0
207.0
253.0
331.0
500.0
219.0
500.0
163.0
500.0
500.0
500.0
500.0
500.0
342.0
500.0
500.0
500.0
217.0
244.0
285.0
285.0
308.0
500.0
330.0
500.0
500.0
500.0
500.0
500.0
243.0
500.0
500.0
500.0
500.0
500.0
293.0
500.0
500.0
500.0
500.0
310.0
500.0
500.0
500.0
500.0
500.0
294.0
500.0
500.0
500.0
500.0
500.0
500.0
185.0
344.0
500.0
500.0
500.0
500.0
500.0
500.0
500.0
500.0
500.0
500.0
500.0
500.0
500.0
500.0
163.0
500.0
500.0
500.0
500.0
500.0
500.0
500.0
500.0
500.0
500.0
500.0
500.0
500.0
500.0
264.0
287.0
500.0
500.0
500.0
500.0
500.0
500.0
500.0
500.0
222.0
500.0
500.0
337.0
390.0
500.0
237.0
500.0
481.0
500.0
500.0
500.0
500.0
500.0
500.0
500.0
500.0
500.0
500.0
229.0
500.0
500.0
326.0
224.0
500.0
500.0
500.0
500.0
500.0
500.0
300.0
500.0
482.0
500.0
500.0
453.0
500.0
500.0
500.0
500.0
500.0
500.0
500.0
221.0
500.0
500.0
500.0
202.0
234.0
500.0
333.0
500.0
500.0
500.0
500.0
500.0
500.0
500.0
500.0
500.0
500.0
472.0
311.0
500.0
500.0
500.0
318.0
500.0
237.0
500.0
500.0
201.0
461.0
500.0
500.0
500.0
500.0
500.0
71.0
500.0
500.0
500.0
500.0
500.0
500.0
500.0
491.0
500.0
500.0
389.0
500.0
500.0
493.0
500.0
500.0
500.0
500.0
500.0
500.0
500.0
500.0
281.0
500.0
500.0
500.0
234.0
265.0
500.0
171.0
500.0
291.0
500.0
500.0
500.0
500.0
500.0
500.0
500.0
500.0
500.0
500.0
500.0
500.0
500.0
187.0
500.0
224.0
500.0
491.0
500.0
500.0
500.0
500.0
500.0
500.0
500.0
269.0
500.0
500.0
462.0
466.0
253.0
500.0
500.0
500.0
264.0
300.0
500.0
500.0
500.0
500.0
500.0
500.0
500.0
409.0
500.0
276.0
500.0
500.0
201.0
500.0
173.0
500.0
500.0
500.0
500.0
500.0
500.0
489.0
500.0
500.0
250.0
500.0
500.0
500.0
87.0
250.0
500.0
500.0
500.0
500.0
279.0
500.0
500.0
500.0
229.0
223.0
500.0
500.0
500.0
354.0
500.0
500.0
169.0
500.0
500.0
500.0
500.0
500.0
500.0
500.0
500.0
500.0
500.0
500.0
500.0
500.0
500.0
500.0
500.0
378.0
500.0
500.0
500.0
500.0
475.0
500.0
500.0
500.0
500.0
500.0
500.0
37.0
500.0
500.0
500.0
272.0
500.0
213.0
500.0
177.0
500.0
460.0
500.0
500.0
500.0
500.0
500.0
500.0
500.0
500.0
500.0
212.0
500.0
500.0
500.0
500.0
500.0
500.0
500.0
500.0
500.0
500.0
446.0
500.0
500.0
500.0
500.0
500.0
500.0
202.0
500.0
500.0
500.0
500.0
456.0
500.0
337.0
500.0
102.0
500.0
500.0
500.0
500.0
143.0
500.0
500.0
354.0
140.0
500.0
500.0
500.0
500.0
309.0
116.0
152.0
500.0
500.0
500.0
500.0
500.0
500.0
500.0
500.0
500.0
500.0
500.0
500.0
345.0
446.0
500.0
121.0
347.0
500.0
500.0
500.0
500.0
500.0
500.0
500.0
261.0
500.0
500.0
500.0
349.0
500.0
500.0
500.0
500.0
500.0
500.0
500.0
500.0
256.0
269.0
500.0
500.0
266.0
500.0
101.0
336.0
500.0
500.0
500.0
500.0
226.0
500.0
500.0
500.0
500.0
431.0
500.0
500.0
230.0
491.0
500.0
235.0
500.0
216.0
208.0
500.0
366.0
500.0
500.0
500.0
500.0
500.0
500.0
500.0
500.0
500.0
500.0
500.0
500.0
500.0
181.0
500.0
500.0
500.0
500.0
500.0
500.0
188.0
500.0
500.0
500.0
500.0
497.0
500.0
500.0
500.0
500.0
110.0
500.0
213.0
500.0
500.0
500.0
500.0
500.0
500.0
500.0
500.0
500.0
500.0
500.0
500.0
500.0
500.0
500.0
500.0
500.0
500.0
500.0
500.0
479.0
500.0
500.0
500.0
500.0
500.0
500.0
500.0
500.0
500.0
500.0
500.0
432.0
500.0
500.0
500.0
500.0
500.0
500.0
500.0
500.0
500.0
500.0
500.0
500.0
500.0
500.0
500.0
500.0
500.0
500.0
500.0
500.0
500.0
500.0
500.0
458.0
500.0
500.0
500.0
500.0
500.0
500.0
500.0
494.0
500.0
500.0
467.0
500.0
500.0
500.0
500.0
500.0
500.0
500.0
500.0
500.0
477.0
500.0
500.0
500.0
500.0
500.0
500.0
500.0
500.0
495.0
500.0
500.0
372.0
500.0
500.0
500.0
500.0
500.0
500.0
500.0
422.0
500.0
500.0
500.0
500.0
500.0
500.0
500.0
500.0
500.0
500.0
500.0
500.0
500.0
500.0
500.0
471.0
500.0
500.0
500.0
500.0
500.0
500.0
481.0
500.0
500.0
500.0
500.0
500.0
500.0
500.0
500.0
500.0
500.0
500.0
500.0
500.0
500.0
472.0
500.0
500.0
500.0
103.0
429.0
500.0
500.0
500.0
464.0
500.0
478.0
500.0
413.0
500.0
500.0
500.0
500.0
500.0
500.0
500.0
500.0
500.0
500.0
500.0
500.0
500.0
500.0
500.0
500.0
500.0
500.0
500.0
500.0
500.0
500.0
500.0
500.0
500.0
500.0
500.0
500.0
500.0
500.0
500.0
500.0
500.0
500.0
415.0
500.0
500.0
500.0
500.0
500.0
500.0
500.0
500.0
500.0
500.0
500.0
500.0
500.0
500.0
493.0
500.0
500.0
500.0
500.0
500.0
500.0
500.0
500.0
500.0
500.0
500.0
500.0
500.0
500.0
500.0
500.0
500.0
500.0
500.0
500.0
500.0
500.0
500.0
500.0
495.0
500.0
500.0
500.0
500.0
500.0
500.0
500.0
500.0
500.0
500.0
500.0
500.0
500.0
198.0
254.0
500.0
102.0
55.0
500.0
483.0
358.0
354.0
371.0
360.0
295.0
294.0
316.0
352.0
311.0
341.0
334.0
168.0
309.0
334.0
319.0
381.0
356.0
359.0
272.0
354.0
388.0
329.0
366.0
355.0
367.0
351.0
385.0
314.0
291.0
318.0
340.0
345.0
374.0
385.0
358.0
299.0
281.0
327.0
296.0
412.0
391.0
414.0
325.0
219.0
264.0
332.0
341.0
135.0
267.0
204.0
228.0
313.0
404.0
315.0
382.0
207.0
353.0
366.0
342.0
306.0
276.0
255.0
361.0
332.0
273.0
430.0
285.0
320.0
348.0
262.0
407.0
303.0
467.0
82.0
346.0
279.0
312.0
372.0
201.0
55.0
250.0
213.0
353.0
81.0
275.0
193.0
326.0
166.0
349.0
338.0
387.0
342.0
247.0
228.0
356.0
409.0
312.0
367.0
329.0
326.0
285.0
217.0
316.0
400.0
55.0
237.0
234.0
443.0
377.0
328.0
293.0
199.0
318.0
360.0
314.0
395.0
316.0
294.0
293.0
390.0
269.0
300.0
389.0
328.0
341.0
435.0
369.0
54.0
258.0
87.0
123.0
100.0
127.0
57.0
330.0
400.0
221.0
90.0
379.0
338.0
57.0
259.0
355.0
198.0
287.0
357.0
375.0
351.0
438.0
284.0
290.0
326.0
118.0
388.0
259.0
264.0
269.0
169.0
180.0
316.0
367.0
253.0
168.0
212.0
252.0
128.0
188.0
276.0
239.0
229.0
187.0
91.0
231.0
238.0
277.0
342.0
231.0
95.0
258.0
281.0
267.0
76.0
223.0
274.0
90.0
275.0
218.0
144.0
111.0
94.0
195.0
164.0
162.0
256.0
251.0
261.0
100.0
140.0
243.0
106.0
76.0
147.0
269.0
260.0
214.0
92.0
426.0
154.0
169.0
202.0
126.0
93.0
364.0
101.0
186.0
221.0
245.0
210.0
266.0
117.0
108.0
288.0
163.0
160.0
238.0
298.0
232.0
99.0
148.0
114.0
87.0
136.0
175.0
296.0
74.0
150.0
80.0
96.0
187.0
177.0
152.0
85.0
237.0
209.0
218.0
221.0
192.0
277.0
399.0
91.0
97.0
295.0
313.0
423.0
271.0
356.0
252.0
405.0
348.0
452.0
211.0
365.0
292.0
246.0
376.0
452.0
237.0
111.0
401.0
144.0
360.0
500.0
293.0
387.0
208.0
214.0
198.0
106.0
113.0
299.0
270.0
201.0
133.0
81.0
180.0
114.0
136.0
225.0
250.0
200.0
271.0
140.0
106.0
315.0
256.0
237.0
110.0
204.0
159.0
275.0
158.0
121.0
216.0
239.0
263.0
326.0
306.0
175.0
381.0
500.0
500.0
500.0
434.0
304.0
281.0
112.0
149.0
196.0
89.0
182.0
179.0
340.0
166.0
181.0
310.0
63.0
195.0
132.0
162.0
119.0
157.0
178.0
144.0
222.0
302.0
206.0
122.0
206.0
365.0
111.0
229.0
305.0
321.0
249.0
134.0
305.0
180.0
125.0
179.0
214.0
81.0
287.0
116.0
148.0
212.0
189.0
91.0
388.0
300.0
241.0
249.0
443.0
134.0
189.0
190.0
245.0
312.0
216.0
244.0
263.0
210.0
383.0
269.0
311.0
303.0
195.0
298.0
272.0
340.0
272.0
157.0
283.0
282.0
326.0
189.0
250.0
198.0
374.0
245.0
353.0
229.0
452.0
275.0
262.0
360.0
222.0
162.0
232.0
207.0
132.0
365.0
330.0
47.0
46.0
90.0
33.0
42.0
365.0
109.0
113.0
112.0
68.0
91.0
256.0
47.0
234.0
289.0
135.0
362.0
357.0
244.0
192.0
95.0
180.0
75.0
211.0
46.0
500.0
291.0
85.0
91.0
46.0
299.0
500.0
500.0
82.0
76.0
141.0
192.0
271.0
74.0
33.0
319.0
45.0
249.0
223.0
263.0
500.0
59.0
194.0
213.0
75.0
500.0
500.0
500.0
166.0
225.0
143.0
500.0
500.0
347.0
500.0
500.0
178.0
231.0
242.0
500.0
500.0
58.0
500.0
290.0
500.0
500.0
500.0
500.0
154.0
500.0
150.0
500.0
500.0
500.0
500.0
500.0
500.0
500.0
108.0
500.0
500.0
500.0
500.0
500.0
500.0
500.0
500.0
500.0
500.0
500.0
500.0
500.0
500.0
500.0
500.0
500.0
500.0
500.0
500.0
500.0
500.0
500.0
500.0
500.0
500.0
500.0
500.0
176.0
196.0
500.0
500.0
500.0
500.0
500.0
500.0
500.0
500.0
500.0
500.0
500.0
500.0
500.0
500.0
500.0
500.0
500.0
382.0
500.0
500.0
500.0
500.0
500.0
500.0
500.0
500.0
500.0
500.0
500.0
500.0
500.0
500.0
500.0
500.0
500.0
500.0
500.0
500.0
500.0
500.0
500.0
500.0
500.0
500.0
500.0
500.0
500.0
500.0
500.0
500.0
500.0
500.0
500.0
500.0
500.0
500.0
500.0
500.0
500.0
500.0
500.0
500.0
500.0
500.0
173.0
500.0
500.0
500.0
500.0
500.0
500.0
500.0
500.0
500.0
43.0
221.0
500.0
500.0
500.0
500.0
500.0
500.0
500.0
500.0
500.0
500.0
500.0
43.0
500.0
500.0
83.0
500.0
500.0
500.0
500.0
500.0
216.0
500.0
500.0
500.0
500.0
500.0
500.0
500.0
193.0
500.0
500.0
500.0
208.0
500.0
500.0
500.0
500.0
500.0
500.0
500.0
500.0
500.0
500.0
500.0
500.0
500.0
210.0
500.0
500.0
500.0
500.0
500.0
500.0
500.0
500.0
500.0
500.0
500.0
500.0
500.0
500.0
500.0
500.0
500.0
52.0
500.0
500.0
500.0
500.0
500.0
49.0
500.0
500.0
500.0
500.0
500.0
500.0
500.0
500.0
500.0
500.0
282.0
500.0
500.0
500.0
500.0
500.0
500.0
500.0
209.0
500.0
500.0
500.0
500.0
500.0
183.0
500.0
500.0
500.0
500.0
500.0
500.0
65.0
500.0
500.0
500.0
183.0
500.0
500.0
500.0
500.0
500.0
500.0
500.0
500.0
500.0
500.0
500.0
500.0
212.0
361.0
500.0
500.0
500.0
500.0
500.0
500.0
500.0
500.0
500.0
500.0
500.0
500.0
500.0
500.0
500.0
500.0
500.0
500.0
500.0
129.0
500.0
500.0
500.0
500.0
181.0
500.0
500.0
500.0
500.0
500.0
500.0
500.0
500.0
500.0
500.0
500.0
500.0
500.0
234.0
500.0
500.0
500.0
500.0
500.0
177.0
500.0
500.0
500.0
500.0
500.0
500.0
500.0
500.0
500.0
500.0
102.0
500.0
500.0
500.0
500.0
500.0
500.0
500.0
500.0
500.0
500.0
500.0
500.0
500.0
500.0
500.0
148.0
500.0
500.0
500.0
500.0
500.0
500.0
97.0
500.0
500.0
500.0
500.0
500.0
500.0
500.0
500.0
500.0
500.0
500.0
500.0
500.0
500.0
500.0
500.0
500.0
41.0
500.0
500.0
500.0
500.0
500.0
500.0
500.0
500.0
500.0
500.0
500.0
500.0
170.0
500.0
500.0
500.0
500.0
500.0
500.0
500.0
500.0
500.0
500.0
500.0
500.0
500.0
500.0
500.0
500.0
500.0
500.0
138.0
500.0
500.0
500.0
500.0
500.0
500.0
500.0
500.0
500.0
500.0
500.0
500.0
99.0
500.0
500.0
500.0
500.0
500.0
500.0
500.0
500.0
500.0
500.0
500.0
500.0
500.0
176.0
500.0
500.0
500.0
500.0
500.0
500.0
500.0
500.0
500.0
500.0
500.0
500.0
500.0
500.0
500.0
500.0
500.0
500.0
500.0
500.0
500.0
500.0
500.0
153.0
500.0
225.0
500.0
500.0
500.0
500.0
500.0
194.0
500.0
500.0
500.0
500.0
500.0
500.0
500.0
500.0
500.0
500.0
500.0
500.0
500.0
500.0
500.0
500.0
500.0
234.0
500.0
500.0
500.0
500.0
500.0
500.0
500.0
500.0
500.0
500.0
500.0
500.0
500.0
500.0
500.0
500.0
500.0
500.0
500.0
500.0
195.0
500.0
500.0
500.0
500.0
500.0
229.0
500.0
500.0
500.0
244.0
500.0
78.0
500.0
500.0
175.0
500.0
225.0
500.0
500.0
500.0
500.0
500.0
140.0
500.0
500.0
500.0
500.0
500.0
500.0
500.0
500.0
500.0
500.0
500.0
500.0
500.0
500.0
500.0
500.0
169.0
500.0
500.0
82.0
500.0
500.0
500.0
500.0
500.0
500.0
500.0
500.0
500.0
500.0
500.0
500.0
500.0
64.0
500.0
500.0
500.0
500.0
500.0
500.0
500.0
500.0
500.0
500.0
500.0
500.0
199.0
500.0
500.0
500.0
500.0
500.0
500.0
500.0
500.0
220.0
500.0
500.0
200.0
500.0
500.0
500.0
500.0
500.0
500.0
500.0
500.0
500.0
500.0
500.0
500.0
500.0
500.0
500.0
500.0
500.0
500.0
500.0
500.0
500.0
500.0
500.0
500.0
500.0
500.0
500.0
500.0
500.0
500.0
500.0
210.0
500.0
500.0
79.0
500.0
500.0
500.0
500.0
184.0
500.0
500.0
180.0
97.0
500.0
500.0
184.0
500.0
220.0
500.0
500.0
500.0
500.0
500.0
500.0
500.0
500.0
500.0
500.0
500.0
500.0
500.0
500.0
500.0
500.0
500.0
500.0
196.0
500.0
500.0
500.0
500.0
500.0
500.0
500.0
500.0
500.0
500.0
500.0
500.0
500.0
500.0
500.0
500.0
500.0
500.0
500.0
500.0
500.0
500.0
500.0
500.0
500.0
500.0
500.0
500.0
500.0
500.0
500.0
500.0
500.0
500.0
500.0
500.0
500.0
500.0
500.0
500.0
500.0
500.0
500.0
500.0
223.0
163.0
500.0
500.0
278.0
500.0
500.0
500.0
500.0
500.0
500.0
500.0
500.0
500.0
500.0
500.0
500.0
500.0
500.0
500.0
500.0
500.0
500.0
500.0
500.0
500.0
500.0
500.0
500.0
94.0
500.0
500.0
500.0
500.0
500.0
500.0
500.0
500.0
500.0
500.0
500.0
500.0
500.0
500.0
500.0
500.0
500.0
251.0
500.0
500.0
500.0
500.0
500.0
500.0
500.0
500.0
500.0
500.0
500.0
500.0
500.0
500.0
500.0
500.0
500.0
500.0
500.0
500.0
500.0
500.0
500.0
500.0
500.0
500.0
500.0
183.0
500.0
500.0
500.0
500.0
500.0
500.0
500.0
500.0
500.0
500.0
500.0
500.0
176.0
69.0
500.0
500.0
500.0
500.0
500.0
500.0
500.0
500.0
500.0
500.0
500.0
500.0
500.0
500.0
500.0
500.0
500.0
500.0
500.0
500.0
500.0
500.0
500.0
500.0
500.0
500.0
500.0
500.0
500.0
500.0
500.0
500.0
191.0
500.0
500.0
500.0
500.0
500.0
175.0
500.0
500.0
500.0
500.0
500.0
500.0
500.0
171.0
500.0
500.0
500.0
500.0
500.0
500.0
500.0
500.0
500.0
500.0
500.0
500.0
500.0
500.0
500.0
500.0
500.0
500.0
500.0
500.0
500.0
500.0
500.0
500.0
500.0
500.0
500.0
500.0
500.0
500.0
500.0
500.0
500.0
500.0
500.0
500.0
500.0
500.0
500.0
500.0
500.0
500.0
500.0
500.0
500.0
500.0
500.0
500.0
500.0
500.0
500.0
500.0
500.0
500.0
500.0
500.0
500.0
500.0
500.0
69.0
500.0
500.0
500.0
199.0
500.0
500.0
500.0
500.0
500.0
500.0
500.0
500.0
138.0
500.0
500.0
500.0
500.0
500.0
500.0
500.0
500.0
500.0
500.0
500.0
500.0
500.0
500.0
500.0
500.0
500.0
500.0
500.0
182.0
500.0
500.0
500.0
500.0
500.0
500.0
75.0
500.0
500.0
500.0
500.0
500.0
500.0
500.0
500.0
500.0
500.0
500.0
500.0
71.0
500.0
500.0
500.0
500.0
500.0
199.0
500.0
500.0
500.0
500.0
500.0
500.0
500.0
500.0
500.0
500.0
500.0
500.0
500.0
500.0
500.0
500.0
500.0
500.0
500.0
85.0
500.0
500.0
500.0
500.0
500.0
500.0
500.0
72.0
500.0
500.0
500.0
500.0
500.0
500.0
500.0
500.0
500.0
88.0
187.0
500.0
500.0
500.0
500.0
500.0
500.0
500.0
500.0
500.0
500.0
500.0
500.0
500.0
500.0
500.0
500.0
500.0
500.0
500.0
500.0
500.0
500.0
500.0
500.0
500.0
500.0
500.0
500.0
500.0
500.0
500.0
500.0
500.0
151.0
150.0
500.0
134.0
500.0
257.0
260.0
500.0
500.0
500.0
168.0
500.0
500.0
257.0
121.0
30.0
265.0
176.0
52.0
500.0
500.0
150.0
210.0
500.0
162.0
500.0
62.0
295.0
500.0
500.0
500.0
14.0
25.0
394.0
18.0
158.0
157.0
284.0
158.0
151.0
24.0
500.0
207.0
342.0
500.0
150.0
500.0
216.0
308.0
385.0
162.0
292.0
500.0
500.0
500.0
382.0
217.0
297.0
500.0
266.0
375.0
68.0
113.0
398.0
397.0
16.0
21.0
22.0
20.0
249.0
284.0
300.0
312.0
67.0
272.0
219.0
476.0
222.0
186.0
262.0
225.0
68.0
302.0
322.0
299.0
500.0
500.0
19.0
148.0
275.0
500.0
16.0
268.0
194.0
98.0
147.0
63.0
354.0
361.0
464.0
266.0
185.0
258.0
331.0
202.0
500.0
243.0
319.0
467.0
287.0
500.0
500.0
295.0
500.0
166.0
500.0
289.0
445.0
261.0
309.0
200.0
244.0
388.0
197.0
199.0
134.0
281.0
171.0
252.0
245.0
500.0
380.0
362.0
307.0
371.0
281.0
323.0
248.0
160.0
500.0
500.0
231.0
239.0
380.0
244.0
180.0
254.0
253.0
254.0
500.0
224.0
429.0
233.0
243.0
179.0
248.0
500.0
172.0
310.0
356.0
172.0
406.0
363.0
153.0
264.0
355.0
324.0
319.0
243.0
184.0
219.0
372.0
259.0
397.0
287.0
344.0
319.0
267.0
287.0
354.0
500.0
342.0
170.0
309.0
358.0
117.0
273.0
217.0
249.0
190.0
156.0
252.0
312.0
294.0
161.0
174.0
152.0
206.0
262.0
274.0
215.0
400.0
329.0
242.0
236.0
119.0
99.0
421.0
153.0
352.0
347.0
204.0
287.0
400.0
283.0
246.0
301.0
243.0
252.0
379.0
232.0
267.0
355.0
248.0
292.0
213.0
287.0
357.0
354.0
265.0
215.0
315.0
387.0
469.0
217.0
200.0
155.0
133.0
356.0
324.0
211.0
124.0
144.0
368.0
329.0
340.0
210.0
215.0
371.0
341.0
357.0
158.0
324.0
225.0
236.0
326.0
338.0
264.0
500.0
236.0
283.0
194.0
166.0
235.0
317.0
133.0
318.0
259.0
304.0
361.0
378.0
164.0
265.0
254.0
411.0
314.0
500.0
378.0
208.0
245.0
331.0
356.0
161.0
500.0
500.0
191.0
498.0
184.0
184.0
141.0
369.0
194.0
156.0
500.0
189.0
93.0
153.0
272.0
67.0
300.0
177.0
101.0
204.0
173.0
500.0
185.0
147.0
232.0
196.0
307.0
204.0
492.0
136.0
500.0
218.0
138.0
307.0
499.0
156.0
500.0
151.0
439.0
125.0
123.0
170.0
272.0
210.0
247.0
500.0
233.0
500.0
104.0
313.0
410.0
287.0
237.0
92.0
90.0
216.0
259.0
276.0
225.0
138.0
88.0
190.0
253.0
191.0
153.0
194.0
112.0
133.0
161.0
148.0
205.0
347.0
209.0
135.0
176.0
129.0
157.0
151.0
283.0
299.0
159.0
149.0
116.0
129.0
141.0
304.0
500.0
137.0
205.0
190.0
208.0
500.0
161.0
203.0
230.0
111.0
260.0
151.0
139.0
142.0
186.0
179.0
198.0
142.0
286.0
203.0
147.0
136.0
206.0
265.0
112.0
137.0
226.0
88.0
124.0
153.0
206.0
146.0
144.0
166.0
199.0
120.0
500.0
300.0
138.0
262.0
145.0
176.0
139.0
117.0
131.0
129.0
116.0
138.0
160.0
149.0
110.0
158.0
260.0
141.0
167.0
161.0
141.0
244.0
218.0
147.0
97.0
232.0
248.0
141.0
254.0
131.0
125.0
106.0
189.0
157.0
187.0
220.0
105.0
177.0
165.0
133.0
175.0
265.0
220.0
270.0
234.0
260.0
220.0
179.0
155.0
95.0
128.0
186.0
133.0
167.0
176.0
142.0
232.0
171.0
162.0
185.0
215.0
283.0
135.0
150.0
125.0
215.0
154.0
148.0
141.0
152.0
203.0
212.0
357.0
212.0
169.0
164.0
331.0
162.0
93.0
179.0
245.0
186.0
172.0
149.0
131.0
135.0
126.0
174.0
214.0
210.0
182.0
172.0
197.0
163.0
191.0
232.0
218.0
147.0
207.0
187.0
122.0
154.0
184.0
280.0
236.0
169.0
238.0
189.0
154.0
158.0
164.0
139.0
202.0
164.0
165.0
295.0
154.0
223.0
117.0
130.0
368.0
76.0
272.0
111.0
319.0
208.0
235.0
164.0
235.0
161.0
394.0
204.0
187.0
175.0
127.0
98.0
212.0
137.0
129.0
266.0
143.0
134.0
403.0
140.0
203.0
215.0
137.0
265.0
235.0
180.0
176.0
209.0
162.0
150.0
114.0
177.0
154.0
124.0
303.0
217.0
131.0
131.0
153.0
97.0
132.0
199.0
120.0
263.0
351.0
113.0
113.0
134.0
230.0
217.0
322.0
161.0
156.0
130.0
166.0
229.0
347.0
333.0
146.0
209.0
135.0
186.0
177.0
132.0
119.0
192.0
287.0
285.0
227.0
180.0
200.0
124.0
142.0
124.0
139.0
106.0
169.0
161.0
188.0
248.0
161.0
223.0
184.0
160.0
113.0
161.0
217.0
193.0
326.0
207.0
500.0
209.0
175.0
97.0
184.0
169.0
202.0
257.0
173.0
208.0
226.0
225.0
186.0
262.0
157.0
185.0
259.0
217.0
189.0
304.0
214.0
163.0
175.0
120.0
164.0
267.0
186.0
186.0
144.0
131.0
98.0
257.0
220.0
208.0
201.0
347.0
131.0
153.0
226.0
230.0
128.0
174.0
369.0
228.0
147.0
143.0
337.0
94.0
183.0
245.0
110.0
132.0
129.0
152.0
159.0
261.0
285.0
199.0
165.0
127.0
100.0
168.0
231.0
198.0
172.0
186.0
280.0
208.0
119.0
128.0
100.0
134.0
141.0
117.0
135.0
284.0
212.0
140.0
387.0
135.0
170.0
172.0
132.0
322.0
154.0
235.0
171.0
214.0
153.0
151.0
239.0
177.0
190.0
136.0
134.0
189.0
230.0
168.0
224.0
206.0
166.0
140.0
209.0
137.0
125.0
283.0
151.0
157.0
150.0
209.0
209.0
161.0
123.0
201.0
216.0
127.0
298.0
172.0
227.0
149.0
225.0
256.0
179.0
114.0
180.0
90.0
181.0
93.0
131.0
161.0
182.0
270.0
176.0
142.0
189.0
187.0
115.0
161.0
276.0
127.0
393.0
130.0
285.0
182.0
186.0
225.0
130.0
277.0
167.0
215.0
197.0
243.0
97.0
160.0
425.0
306.0
153.0
173.0
121.0
326.0
183.0
266.0
133.0
396.0
173.0
104.0
153.0
138.0
314.0
183.0
204.0
236.0
139.0
332.0
171.0
169.0
265.0
223.0
271.0
160.0
169.0
229.0
162.0
109.0
190.0
180.0
327.0
269.0
254.0
126.0
130.0
322.0
150.0
281.0
245.0
273.0
169.0
162.0
134.0
199.0
137.0
135.0
238.0
138.0
183.0
123.0
215.0
146.0
168.0
180.0
241.0
126.0
303.0
148.0
404.0
223.0
418.0
500.0
429.0
500.0
114.0
112.0
218.0
131.0
242.0
175.0
170.0
172.0
244.0
194.0
379.0
193.0
201.0
234.0
234.0
151.0
129.0
138.0
240.0
296.0
139.0
153.0
166.0
109.0
218.0
149.0
127.0
291.0
236.0
185.0
166.0
258.0
203.0
142.0
188.0
119.0
196.0
224.0
219.0
445.0
151.0
138.0
188.0
254.0
198.0
168.0
219.0
209.0
128.0
184.0
174.0
150.0
158.0
173.0
123.0
257.0
169.0
180.0
235.0
213.0
166.0
169.0
198.0
156.0
176.0
285.0
223.0
160.0
193.0
184.0
158.0
170.0
201.0
185.0
150.0
252.0
135.0
206.0
500.0
267.0
234.0
215.0
114.0
156.0
139.0
184.0
208.0
199.0
154.0
123.0
205.0
236.0
183.0
147.0
138.0
144.0
252.0
172.0
177.0
270.0
235.0
208.0
164.0
173.0
260.0
135.0
250.0
118.0
159.0
257.0
222.0
367.0
238.0
172.0
121.0
155.0
125.0
176.0
441.0
137.0
138.0
196.0
213.0
198.0
309.0
130.0
164.0
218.0
222.0
150.0
193.0
169.0
128.0
266.0
141.0
197.0
202.0
167.0
204.0
205.0
319.0
176.0
235.0
127.0
196.0
121.0
190.0
111.0
192.0
243.0
160.0
162.0
294.0
373.0
211.0
257.0
173.0
212.0
185.0
233.0
235.0
198.0
277.0
217.0
244.0
155.0
129.0
186.0
101.0
180.0
166.0
101.0
210.0
151.0
125.0
186.0
143.0
218.0
500.0
194.0
154.0
167.0
139.0
210.0
154.0
281.0
109.0
104.0
263.0
198.0
217.0
257.0
225.0
191.0
194.0
172.0
220.0
115.0
143.0
194.0
315.0
153.0
153.0
124.0
135.0
239.0
150.0
169.0
200.0
153.0
221.0
147.0
210.0
310.0
235.0
228.0
408.0
136.0
244.0
220.0
127.0
160.0
215.0
133.0
139.0
236.0
184.0
129.0
254.0
451.0
174.0
110.0
122.0
164.0
217.0
225.0
260.0
163.0
111.0
500.0
137.0
258.0
135.0
215.0
144.0
158.0
169.0
163.0
104.0
109.0
258.0
214.0
161.0
500.0
200.0
141.0
118.0
137.0
125.0
187.0
153.0
328.0
220.0
212.0
214.0
203.0
117.0
227.0
167.0
183.0
188.0
205.0
123.0
309.0
198.0
142.0
156.0
234.0
246.0
310.0
153.0
196.0
155.0
203.0
123.0
138.0
271.0
145.0
156.0
161.0
213.0
164.0
258.0
293.0
145.0
150.0
122.0
142.0
141.0
177.0
178.0
156.0
173.0
201.0
236.0
173.0
169.0
125.0
185.0
185.0
474.0
215.0
255.0
146.0
166.0
149.0
188.0
192.0
135.0
139.0
133.0
155.0
173.0
290.0
237.0
155.0
240.0
188.0
147.0
164.0
206.0
194.0
208.0
257.0
126.0
118.0
211.0
239.0
158.0
260.0
201.0
148.0
128.0
145.0
143.0
227.0
176.0
139.0
175.0
177.0
130.0
163.0
258.0
469.0
259.0
105.0
361.0
289.0
187.0
233.0
490.0
227.0
171.0
116.0
237.0
196.0
169.0
117.0
228.0
162.0
174.0
125.0
212.0
159.0
97.0
227.0
182.0
127.0
154.0
206.0
186.0
164.0
277.0
170.0
227.0
133.0
426.0
135.0
189.0
251.0
138.0
233.0
179.0
146.0
164.0
164.0
132.0
209.0
131.0
235.0
277.0
293.0
138.0
196.0
170.0
165.0
193.0
188.0
188.0
195.0
183.0
278.0
168.0
223.0
190.0
117.0
131.0
177.0
157.0
127.0
148.0
174.0
230.0
178.0
117.0
170.0
383.0
202.0
265.0
196.0
222.0
258.0
297.0
263.0
199.0
128.0
155.0
319.0
283.0
500.0
197.0
180.0
172.0
211.0
273.0
166.0
125.0
245.0
153.0
233.0
175.0
147.0
175.0
161.0
185.0
215.0
122.0
206.0
290.0
229.0
260.0
217.0
271.0
500.0
159.0
161.0
182.0
216.0
166.0
120.0
122.0
373.0
143.0
246.0
251.0
158.0
201.0
173.0
142.0
149.0
149.0
195.0
141.0
185.0
118.0
210.0
221.0
253.0
209.0
141.0
378.0
157.0
122.0
268.0
167.0
424.0
145.0
155.0
134.0
168.0
205.0
265.0
108.0
108.0
118.0
223.0
210.0
158.0
145.0
173.0
209.0
155.0
237.0
216.0
203.0
260.0
217.0
210.0
169.0
134.0
165.0
132.0
227.0
144.0
138.0
172.0
185.0
223.0
220.0
155.0
190.0
310.0
294.0
202.0
296.0
230.0
210.0
197.0
276.0
143.0
172.0
112.0
225.0
227.0
171.0
162.0
137.0
228.0
149.0
234.0
136.0
159.0
210.0
143.0
327.0
255.0
172.0
156.0
244.0