8.0
10.0
10.0
9.0
9.0
13.0
9.0
12.0
9.0
9.0
10.0
10.0
12.0
9.0
10.0
8.0
11.0
11.0
11.0
11.0
10.0
10.0
9.0
9.0
13.0
10.0
11.0
13.0
9.0
10.0
13.0
13.0
12.0
10.0
13.0
12.0
12.0
14.0
15.0
16.0
11.0
15.0
16.0
18.0
19.0
19.0
20.0
19.0
22.0
19.0
16.0
19.0
18.0
10.0
20.0
16.0
13.0
20.0
20.0
21.0
18.0
22.0
24.0
46.0
31.0
133.0
97.0
19.0
49.0
32.0
24.0
51.0
11.0
31.0
92.0
108.0
175.0
20.0
89.0
199.0
31.0
42.0
167.0
9.0
44.0
46.0
12.0
98.0
228.0
42.0
42.0
32.0
171.0
44.0
185.0
74.0
46.0
204.0
38.0
55.0
54.0
375.0
63.0
61.0
114.0
169.0
132.0
134.0
40.0
51.0
120.0
63.0
93.0
108.0
131.0
177.0
49.0
55.0
53.0
199.0
35.0
37.0
37.0
74.0
50.0
47.0
26.0
96.0
201.0
122.0
57.0
90.0
60.0
115.0
74.0
196.0
203.0
77.0
66.0
160.0
57.0
290.0
225.0
262.0
54.0
161.0
118.0
51.0
65.0
153.0
81.0
52.0
55.0
230.0
74.0
150.0
176.0
217.0
77.0
143.0
62.0
152.0
362.0
93.0
82.0
64.0
79.0
137.0
234.0
248.0
242.0
298.0
258.0
219.0
229.0
191.0
200.0
273.0
225.0
206.0
241.0
289.0
287.0
269.0
218.0
244.0
201.0
212.0
308.0
182.0
216.0
197.0
249.0
253.0
243.0
197.0
226.0
228.0
244.0
260.0
275.0
226.0
216.0
261.0
258.0
176.0
222.0
275.0
197.0
244.0
244.0
200.0
246.0
246.0
247.0
251.0
288.0
232.0
222.0
242.0
300.0
248.0
211.0
234.0
289.0
360.0
233.0
239.0
276.0
359.0
299.0
321.0
314.0
253.0
286.0
234.0
251.0
268.0
351.0
217.0
238.0
141.0
119.0
215.0
173.0
141.0
121.0
81.0
113.0
191.0
151.0
197.0
237.0
182.0
168.0
148.0
146.0
204.0
168.0
112.0
108.0
214.0
95.0
85.0
156.0
147.0
120.0
153.0
176.0
147.0
163.0
93.0
138.0
157.0
141.0
116.0
223.0
130.0
119.0
133.0
152.0
298.0
323.0
242.0
249.0
170.0
254.0
263.0
203.0
277.0
227.0
236.0
275.0
262.0
208.0
272.0
329.0
242.0
228.0
260.0
206.0
254.0
198.0
180.0
302.0
218.0
242.0
285.0
250.0
206.0
235.0
249.0
242.0
191.0
262.0
241.0
241.0
263.0
234.0
250.0
223.0
205.0
238.0
207.0
235.0
214.0
201.0
232.0
136.0
225.0
341.0
279.0
208.0
133.0
204.0
234.0
181.0
185.0
183.0
117.0
155.0
213.0
161.0
197.0
181.0
256.0
138.0
177.0
206.0
142.0
200.0
217.0
163.0
190.0
213.0
169.0
122.0
179.0
163.0
193.0
117.0
169.0
128.0
169.0
142.0
170.0
252.0
184.0
230.0
180.0
136.0
155.0
161.0
157.0
117.0
175.0
109.0
179.0
252.0
202.0
193.0
160.0
164.0
134.0
202.0
184.0
203.0
172.0
213.0
176.0
182.0
214.0
173.0
161.0
198.0
181.0
187.0
251.0
179.0
182.0
206.0
213.0
280.0
125.0
133.0
188.0
221.0
175.0
192.0
208.0
182.0
180.0
144.0
258.0
122.0
268.0
199.0
145.0
179.0
137.0
230.0
193.0
159.0
210.0
161.0
259.0
193.0
238.0
256.0
214.0
206.0
250.0
209.0
232.0
159.0
213.0
183.0
202.0
345.0
205.0
247.0
250.0
194.0
181.0
237.0
333.0
168.0
188.0
205.0
180.0
216.0
187.0
195.0
178.0
169.0
263.0
157.0
205.0
157.0
115.0
200.0
199.0
183.0
213.0
153.0
195.0
198.0
214.0
148.0
227.0
262.0
169.0
117.0
141.0
178.0
176.0
205.0
117.0
328.0
166.0
180.0
222.0
172.0
187.0
174.0
129.0
243.0
230.0
151.0
107.0
119.0
266.0
166.0
198.0
224.0
318.0
145.0
235.0
192.0
247.0
165.0
172.0
228.0
210.0
197.0
177.0
223.0
155.0
147.0
192.0
177.0
203.0
233.0
135.0
198.0
219.0
148.0
217.0
165.0
200.0
181.0
209.0
191.0
228.0
210.0
110.0
127.0
227.0
204.0
171.0
194.0
169.0
123.0
240.0
209.0
68.0
123.0
147.0
158.0
143.0
73.0
114.0
118.0
69.0
67.0
196.0
129.0
311.0
105.0
149.0
116.0
130.0
134.0
36.0
111.0
162.0
56.0
236.0
64.0
119.0
35.0
81.0
59.0
143.0
49.0
141.0
87.0
146.0
81.0
52.0
108.0
20.0
106.0
47.0
59.0
65.0
172.0
27.0
53.0
166.0
26.0
27.0
30.0
39.0
50.0
60.0
40.0
40.0
57.0
50.0
138.0
62.0
128.0
21.0
35.0
25.0
22.0
113.0
19.0
11.0
12.0
42.0
18.0
12.0
14.0
77.0
69.0
108.0
14.0
18.0
32.0
105.0
19.0
11.0
13.0
16.0
17.0
11.0
122.0
12.0
41.0
147.0
84.0
41.0
36.0
84.0
77.0
40.0
43.0
161.0
34.0
76.0
63.0
146.0
50.0
15.0
107.0
13.0
13.0
14.0
184.0
56.0
74.0
165.0
82.0
211.0
58.0
10.0
89.0
71.0
49.0
195.0
49.0
357.0
500.0
500.0
28.0
36.0
17.0
28.0
33.0
44.0
121.0
46.0
15.0
92.0
17.0
500.0
180.0
355.0
500.0
481.0
500.0
185.0
307.0
216.0
73.0
500.0
87.0
77.0
93.0
64.0
500.0
36.0
117.0
98.0
25.0
19.0
127.0
500.0
25.0
351.0
276.0
159.0
117.0
179.0
87.0
196.0
276.0
44.0
201.0
424.0
163.0
192.0
142.0
64.0
16.0
149.0
366.0
14.0
298.0
39.0
234.0
329.0
73.0
147.0
179.0
203.0
187.0
189.0
164.0
303.0
414.0
139.0
45.0
351.0
83.0
34.0
96.0
319.0
68.0
189.0
279.0
167.0
264.0
33.0
348.0
315.0
157.0
93.0
62.0
323.0
181.0
102.0
94.0
63.0
198.0
130.0
253.0
141.0
378.0
255.0
369.0
345.0
171.0
213.0
213.0
268.0
310.0
216.0
234.0
211.0
345.0
211.0
287.0
265.0
327.0
76.0
147.0
220.0
254.0
260.0
211.0
272.0
93.0
133.0
249.0
197.0
269.0
234.0
445.0
226.0
157.0
196.0
123.0
200.0
132.0
498.0
198.0
153.0
353.0
360.0
371.0
259.0
251.0
306.0
137.0
328.0
341.0
330.0
322.0
267.0
372.0
134.0
279.0
370.0
265.0
447.0
208.0
178.0
291.0
344.0
322.0
388.0
321.0
102.0
321.0
282.0
102.0
240.0
90.0
346.0
253.0
236.0
262.0
188.0
282.0
447.0
360.0
264.0
135.0
265.0
384.0
162.0
371.0
362.0
286.0
319.0
316.0
267.0
248.0
320.0
303.0
369.0
292.0
317.0
115.0
217.0
318.0
351.0
212.0
211.0
250.0
202.0
145.0
456.0
244.0
237.0
259.0
136.0
456.0
331.0
300.0
326.0
123.0
374.0
126.0
304.0
374.0
337.0
345.0
331.0
326.0
191.0
335.0
326.0
195.0
276.0
221.0
277.0
186.0
124.0
310.0
282.0
341.0
360.0
388.0
248.0
445.0
125.0
245.0
304.0
106.0
494.0
422.0
391.0
192.0
418.0
347.0
395.0
183.0
448.0
215.0
358.0
240.0
308.0
348.0
315.0
212.0
342.0
311.0
296.0
157.0
271.0
356.0
326.0
307.0
256.0
331.0
139.0
233.0
221.0
312.0
303.0
391.0
249.0
169.0
332.0
123.0
357.0
183.0
224.0
122.0
207.0
113.0
203.0
269.0
380.0
216.0
113.0
204.0
110.0
198.0
209.0
98.0
294.0
334.0
154.0
130.0
453.0
216.0
192.0
421.0
162.0
372.0
96.0
402.0
431.0
210.0
231.0
338.0
153.0
198.0
363.0
112.0
110.0
158.0
185.0
406.0
262.0
417.0
250.0
121.0
261.0
183.0
386.0
264.0
282.0
317.0
306.0
257.0
151.0
250.0
186.0
275.0
435.0
113.0
388.0
308.0
331.0
269.0
300.0
230.0
457.0
189.0
440.0
378.0
346.0
293.0
266.0
453.0
290.0
190.0
343.0
274.0
174.0
178.0
396.0
231.0
452.0
291.0
202.0
233.0
112.0
309.0
157.0
367.0
307.0
283.0
333.0
120.0
143.0
375.0
300.0
141.0
146.0
322.0
123.0
206.0
500.0
218.0
160.0
399.0
216.0
350.0
316.0
373.0
164.0
300.0
279.0
334.0
229.0
249.0
241.0
310.0
327.0
265.0
193.0
272.0
186.0
240.0
111.0
376.0
223.0
300.0
310.0
251.0
260.0
243.0
135.0
129.0
255.0
381.0
171.0
331.0
335.0
246.0
264.0
223.0
416.0
252.0
255.0
332.0
301.0
192.0
133.0
329.0
225.0
120.0
286.0
356.0
113.0
267.0
246.0
221.0
167.0
500.0
175.0
158.0
167.0
78.0
127.0
168.0
141.0
435.0
217.0
500.0
187.0
284.0
332.0
133.0
366.0
138.0
140.0
500.0
295.0
293.0
500.0
324.0
152.0
320.0
379.0
500.0
424.0
247.0
282.0
319.0
297.0
347.0
228.0
137.0
471.0
270.0
222.0
288.0
390.0
163.0
271.0
274.0
294.0
167.0
179.0
182.0
286.0
229.0
273.0
295.0
143.0
162.0
307.0
328.0
245.0
327.0
137.0
306.0
313.0
352.0
266.0
280.0
319.0
349.0
351.0
211.0
181.0
244.0
118.0
158.0
258.0
131.0
229.0
321.0
269.0
342.0
133.0
133.0
354.0
191.0
388.0
266.0
422.0
332.0
162.0
298.0
248.0
202.0
182.0
145.0
464.0
203.0
158.0
243.0
226.0
168.0
277.0
265.0
170.0
140.0
151.0
225.0
168.0
395.0
500.0
129.0
324.0
161.0
331.0
229.0
363.0
255.0
304.0
192.0
177.0
213.0
312.0
233.0
466.0
178.0
143.0
177.0
252.0
187.0
382.0
276.0
264.0
500.0
218.0
140.0
291.0
214.0
296.0
204.0
487.0
246.0
119.0
180.0
256.0
281.0
234.0
318.0
195.0
172.0
238.0
179.0
195.0
357.0
193.0
214.0
214.0
348.0
172.0
216.0
332.0
306.0
288.0
251.0
278.0
370.0
210.0
363.0
202.0
304.0
242.0
254.0
445.0
217.0
162.0
210.0
159.0
355.0
268.0
190.0
223.0
242.0
156.0
296.0
191.0
301.0
254.0
267.0
322.0
196.0
369.0
231.0
299.0
240.0
212.0
298.0
230.0
126.0
247.0
491.0
438.0
248.0
245.0
288.0
337.0
259.0
270.0
156.0
289.0
159.0
351.0
222.0
320.0
333.0
172.0
219.0
245.0
373.0
298.0
222.0
500.0
310.0
489.0
272.0
269.0
357.0
231.0
254.0
217.0
303.0
221.0
282.0
435.0
251.0
164.0
242.0
274.0
323.0
257.0
261.0
296.0
161.0
323.0
197.0
237.0
223.0
288.0
227.0
424.0
316.0
205.0
96.0
230.0
248.0
169.0
184.0
131.0
274.0
225.0
199.0
337.0
241.0
178.0
160.0
254.0
325.0
180.0
168.0
241.0
204.0
210.0
184.0
195.0
249.0
159.0
222.0
191.0
198.0
190.0
273.0
219.0
230.0
198.0
180.0
238.0
146.0
259.0
187.0
260.0
214.0
233.0
294.0
263.0
200.0
203.0
183.0
286.0
186.0
153.0
321.0
360.0
216.0
234.0
154.0
500.0
271.0
281.0
169.0
322.0
273.0
244.0
182.0
226.0
500.0
196.0
265.0
356.0
161.0
234.0
350.0
140.0
263.0
158.0
275.0
234.0
128.0
226.0
261.0
246.0
259.0
284.0
280.0
268.0
252.0
263.0
282.0
289.0
288.0
267.0
110.0
262.0
316.0
389.0
202.0
191.0
185.0
206.0
173.0
189.0
342.0
360.0
247.0
235.0
255.0
261.0
169.0
278.0
182.0
250.0
256.0
313.0
192.0
198.0
164.0
125.0
187.0
284.0
175.0
216.0
273.0
271.0
127.0
177.0
330.0
196.0
227.0
239.0
205.0
385.0
127.0
207.0
381.0
162.0
253.0
273.0
289.0
394.0
303.0
264.0
106.0
305.0
201.0
327.0
119.0
306.0
238.0
500.0
91.0
223.0
275.0
265.0
189.0
384.0
263.0
220.0
500.0
421.0
315.0
238.0
169.0
245.0
481.0
228.0
146.0
125.0
354.0
232.0
336.0
212.0
334.0
302.0
110.0
267.0
255.0
223.0
226.0
217.0
208.0
140.0
202.0
175.0
500.0
182.0
266.0
150.0
241.0
189.0
173.0
259.0
186.0
314.0
271.0
185.0
305.0
277.0
191.0
127.0
101.0
262.0
167.0
130.0
228.0
218.0
242.0
220.0
307.0
272.0
266.0
277.0
241.0
252.0
227.0
313.0
306.0
194.0
161.0
500.0
159.0
304.0
281.0
276.0
145.0
240.0
245.0
239.0
330.0
187.0
192.0
423.0
305.0
388.0
329.0
287.0
193.0
372.0
227.0
249.0
237.0
103.0
189.0
119.0
231.0
162.0
100.0
246.0
174.0
217.0
332.0
180.0
213.0
186.0
285.0
277.0
312.0
247.0
267.0
270.0
422.0
273.0
260.0
235.0
329.0
182.0
369.0
297.0
218.0
235.0
131.0
292.0
247.0
249.0
302.0
216.0
175.0
342.0
372.0
346.0
68.0
294.0
213.0
248.0
64.0
500.0
179.0
281.0
366.0
131.0
186.0
273.0
130.0
109.0
75.0
156.0
304.0
140.0
139.0
133.0
216.0
269.0
176.0
282.0
273.0
242.0
322.0
268.0
242.0
350.0
357.0
255.0
207.0
322.0
265.0
269.0
354.0
334.0
268.0
151.0
329.0
357.0
53.0
226.0
347.0
179.0
375.0
377.0
352.0
317.0
180.0
390.0
188.0
413.0
196.0
352.0
243.0
298.0
230.0
377.0
253.0
366.0
337.0
339.0
236.0
257.0
263.0
207.0
217.0
191.0
223.0
264.0
215.0
264.0
388.0
221.0
306.0
195.0
197.0
339.0
245.0
300.0
224.0
388.0
123.0
500.0
327.0
107.0
184.0
344.0
500.0
211.0
165.0
229.0
193.0
219.0
203.0
290.0
235.0
221.0
230.0
231.0
174.0
485.0
236.0
274.0
325.0
242.0
326.0
500.0
219.0
144.0
305.0
148.0
170.0
205.0
212.0
199.0
257.0
140.0
196.0
220.0
337.0
234.0
164.0
107.0
122.0
255.0
124.0
226.0
203.0
210.0
289.0
178.0
130.0
132.0
270.0
196.0
120.0
235.0
381.0
159.0
362.0
188.0
193.0
333.0
206.0
290.0
287.0
265.0
167.0
128.0
343.0
354.0
270.0
89.0
162.0
199.0
174.0
354.0
225.0
172.0
163.0
255.0
268.0
241.0
139.0
264.0
141.0
146.0
177.0
324.0
288.0
216.0
268.0
272.0
149.0
278.0
203.0
239.0
257.0
257.0
156.0
270.0
181.0
198.0
224.0
232.0
209.0
334.0
138.0
249.0
198.0
207.0
199.0
117.0
120.0
166.0
61.0
109.0
69.0
124.0
305.0
182.0
171.0
99.0
110.0
229.0
207.0
200.0
208.0
338.0
89.0
359.0
329.0
197.0
150.0
232.0
338.0
311.0
304.0
291.0
210.0
157.0
254.0
219.0
197.0
201.0
142.0
215.0
332.0
184.0
302.0
281.0
67.0
96.0
154.0
116.0
149.0
179.0
272.0
188.0
285.0
175.0
182.0
195.0
200.0
243.0
155.0
261.0
159.0
211.0
179.0
192.0
208.0
197.0
163.0
345.0
260.0
231.0
230.0
290.0
187.0
247.0
241.0
130.0
274.0
124.0
95.0
174.0
226.0
187.0
313.0
112.0
269.0
410.0
200.0
114.0
240.0
145.0
152.0
133.0
153.0
272.0
148.0
266.0
231.0
311.0
321.0
187.0
281.0
140.0
159.0
124.0
272.0
257.0
168.0
165.0
226.0
177.0
146.0
155.0
236.0
264.0
181.0
120.0
189.0
285.0
225.0
330.0
294.0
215.0
367.0
275.0
345.0
348.0
102.0
258.0
164.0
163.0
127.0
271.0
147.0
236.0
172.0
239.0
142.0
353.0
155.0
132.0
192.0
113.0
247.0
142.0
132.0
103.0
142.0
256.0
260.0
104.0
180.0
231.0
221.0
223.0
132.0
184.0
125.0
197.0
206.0
209.0
251.0
223.0
118.0
269.0
142.0
169.0
240.0
140.0
278.0
187.0
242.0
92.0
178.0
79.0
151.0
230.0
500.0
111.0
160.0
86.0
211.0
145.0
239.0
94.0
146.0
199.0
149.0
169.0
203.0
301.0
213.0
279.0
204.0
191.0
216.0
196.0
264.0
165.0
136.0
296.0
219.0
132.0
318.0
94.0
269.0
173.0
225.0
158.0
192.0
220.0
213.0
181.0
500.0
174.0
142.0
140.0
236.0
260.0
197.0
170.0
290.0
162.0
158.0
197.0
204.0
200.0
146.0
190.0
225.0
207.0
142.0
269.0
156.0
240.0
165.0
405.0
258.0
179.0
165.0
261.0
345.0
240.0
263.0
240.0
383.0
109.0
346.0
150.0
219.0
245.0
190.0
176.0
236.0
160.0
242.0
128.0
145.0
157.0
190.0
204.0
246.0
250.0
191.0
142.0
124.0
154.0
206.0
354.0
172.0
355.0
222.0
206.0
242.0
232.0
176.0
206.0
285.0
176.0
114.0
262.0
195.0
206.0
221.0
298.0
136.0
321.0
260.0
106.0
187.0
227.0
194.0
236.0
144.0
256.0
367.0
170.0
224.0
91.0
137.0
139.0
347.0
154.0
347.0
214.0
132.0
214.0
210.0
198.0
166.0
312.0
209.0
330.0
112.0
233.0
190.0
305.0
273.0
139.0
365.0
283.0
260.0
238.0
288.0
107.0
240.0
147.0
222.0
147.0
345.0
221.0
175.0
196.0
142.0
153.0
116.0
168.0
162.0
148.0
186.0
141.0
163.0
137.0
265.0
401.0
209.0
233.0
100.0
126.0
153.0
138.0
245.0
153.0
142.0
213.0
145.0
193.0
138.0
285.0
238.0
195.0
192.0
239.0
123.0
106.0
195.0
203.0
96.0
144.0
179.0
340.0
190.0
184.0
317.0
173.0
209.0
201.0
225.0
150.0
271.0
256.0
183.0
151.0
148.0
170.0
216.0
170.0
313.0
116.0
343.0
100.0
138.0
138.0
229.0
199.0
173.0
174.0
149.0
158.0
140.0
143.0
142.0
82.0
288.0
254.0
179.0
188.0
181.0
223.0
101.0
113.0
103.0
101.0
143.0
167.0
107.0
217.0
232.0
104.0
240.0
142.0
160.0
223.0
278.0
194.0
120.0
311.0
202.0
205.0
158.0
172.0
286.0
269.0
138.0
353.0
226.0
500.0
296.0
105.0
198.0
168.0
223.0
246.0
274.0
246.0
374.0
151.0
211.0
108.0
198.0
130.0
263.0
500.0
248.0
196.0
114.0
136.0
246.0
222.0
255.0
117.0
274.0
84.0
284.0
116.0
137.0
132.0
500.0
198.0
180.0
293.0
146.0
289.0
177.0
297.0
109.0
203.0
85.0
325.0
213.0
245.0
224.0
175.0
118.0
133.0
180.0
138.0
108.0
184.0
170.0
170.0
208.0
178.0
235.0
161.0
239.0
159.0
126.0
146.0
118.0
189.0
157.0
241.0
115.0
125.0
171.0
332.0
140.0
251.0
86.0
195.0
271.0
114.0
196.0
296.0
209.0
112.0
235.0
196.0
88.0
198.0
233.0
168.0
163.0
182.0
120.0
144.0
232.0
107.0
154.0
148.0
208.0
194.0
106.0
184.0
177.0
262.0
309.0
115.0
279.0
128.0
106.0
205.0
142.0
93.0
165.0
225.0
141.0
399.0
108.0
221.0
160.0
192.0
277.0
211.0
95.0
191.0
89.0
153.0
205.0
166.0
500.0
176.0
298.0
180.0
99.0
260.0
237.0
242.0
208.0
176.0
216.0
230.0
261.0
157.0
148.0
218.0
255.0
269.0
157.0
222.0
224.0
378.0
115.0
254.0
286.0
204.0
278.0
257.0
359.0
263.0
330.0
161.0
240.0
215.0
235.0
368.0
209.0
158.0
338.0
191.0
291.0
196.0
253.0
150.0
217.0
138.0
135.0
155.0
248.0
324.0
153.0
185.0
222.0
255.0
352.0
263.0
144.0
116.0
209.0
214.0
265.0
259.0
289.0
500.0
184.0
170.0
273.0
294.0
275.0
269.0
268.0
151.0
227.0
257.0
228.0
251.0
170.0
237.0
151.0
216.0
161.0
308.0
278.0
212.0
174.0
161.0
210.0
393.0
219.0
424.0
245.0
220.0
257.0
255.0
282.0
217.0
230.0
324.0
223.0
191.0
112.0
335.0
241.0
157.0
406.0
165.0
500.0
260.0
232.0
256.0
298.0
272.0
116.0
225.0
192.0
211.0
154.0
212.0
238.0
265.0
160.0
214.0
160.0
204.0
211.0
199.0
158.0
289.0
129.0
215.0
143.0
351.0
246.0
163.0
338.0
280.0
250.0
260.0
124.0
283.0
204.0
209.0
157.0
283.0
272.0
136.0
300.0
137.0
241.0
292.0
250.0
232.0
181.0
197.0
200.0
158.0
224.0
194.0
117.0
169.0
372.0
140.0
173.0
192.0
268.0
139.0
280.0
258.0
140.0
196.0
169.0
230.0
146.0
248.0
272.0
214.0
305.0
146.0
337.0
194.0
232.0
302.0
275.0
232.0
274.0
257.0
247.0
131.0
91.0
117.0
234.0
85.0
500.0
120.0
313.0
302.0
292.0
322.0
101.0
113.0
293.0
229.0
118.0
159.0
248.0
234.0
400.0
230.0
249.0
181.0
193.0
133.0
182.0
109.0
157.0
323.0
266.0
282.0
163.0
178.0
285.0
299.0
154.0
378.0
130.0
105.0
252.0
171.0
222.0
412.0
84.0
174.0
97.0
84.0
280.0
355.0
96.0
250.0
129.0
117.0
278.0
325.0
226.0
317.0
500.0
352.0
274.0
292.0
88.0
94.0
331.0
222.0
205.0
305.0
208.0
178.0
250.0
282.0
280.0
245.0
271.0
111.0
282.0
290.0
276.0
152.0
276.0
185.0
196.0
285.0
212.0
269.0
378.0
328.0
159.0
194.0
226.0
188.0
176.0
220.0
184.0
243.0
203.0
230.0
240.0
365.0
178.0
298.0
185.0
161.0
282.0
262.0
239.0
187.0
226.0
266.0
200.0
216.0
237.0
281.0
195.0
212.0
258.0
249.0
135.0
323.0
210.0
249.0
267.0
151.0
230.0
134.0
232.0
178.0
308.0
118.0
344.0
313.0
226.0
167.0
283.0
349.0
260.0
186.0
461.0
188.0
182.0
178.0
175.0
293.0
137.0
164.0
132.0
179.0
174.0
161.0
336.0
117.0
255.0
195.0
331.0
238.0
292.0
224.0
125.0
148.0
212.0
205.0
265.0
500.0
251.0
156.0
238.0
221.0
205.0
238.0
160.0
296.0
143.0
244.0
287.0
247.0
250.0
198.0
194.0
168.0
142.0
262.0
197.0
199.0
150.0
179.0
211.0
158.0
158.0
193.0
278.0
230.0
254.0
279.0
209.0
204.0
235.0
277.0
276.0
132.0
262.0
360.0
322.0
183.0
386.0
311.0
228.0
193.0
338.0
297.0
217.0
274.0
297.0
500.0
201.0
133.0
149.0
155.0
244.0
407.0
170.0
246.0
245.0
168.0
282.0
298.0
157.0
187.0
500.0
261.0
144.0
176.0
116.0
277.0
230.0
322.0
188.0
276.0
118.0
252.0
200.0
138.0
147.0
277.0
220.0
267.0
195.0
329.0
187.0
273.0
259.0
246.0
500.0
262.0
142.0
187.0
166.0
139.0
204.0
217.0
177.0
196.0
185.0
191.0
153.0
327.0
272.0
254.0
171.0
229.0
162.0
331.0
179.0
278.0
168.0
374.0
500.0
137.0
294.0
160.0
226.0
300.0
261.0
217.0
230.0
193.0
283.0
238.0
283.0
259.0
315.0
203.0
222.0
353.0
215.0
263.0
163.0
140.0
284.0
239.0
312.0
250.0
276.0
152.0
167.0
223.0
148.0
193.0
255.0
185.0
367.0
187.0
214.0
229.0
248.0
179.0
193.0
345.0
185.0
260.0
295.0
500.0
220.0
173.0
142.0
142.0
186.0
134.0
281.0
312.0
209.0
200.0
281.0
213.0
116.0
273.0
250.0
231.0
244.0
120.0
131.0
339.0
233.0
130.0
146.0
354.0
256.0
320.0
201.0
134.0
102.0
133.0
146.0
108.0
190.0
182.0
175.0
125.0
101.0
249.0
201.0
206.0
247.0
217.0
201.0
122.0
214.0
249.0
83.0
211.0
168.0
218.0
102.0
357.0
190.0
301.0
202.0
311.0
118.0
143.0
191.0
286.0
184.0
259.0
199.0
276.0
201.0
500.0
205.0
226.0
500.0
174.0
162.0
291.0
343.0
172.0
195.0
128.0
218.0
149.0
151.0
199.0
216.0
201.0
107.0
150.0
172.0
392.0
182.0
152.0
167.0
157.0
111.0
202.0
316.0
301.0
110.0
106.0
234.0
222.0
137.0
354.0
204.0
185.0
229.0
106.0
188.0
216.0
155.0
500.0
362.0
315.0
248.0
139.0
214.0
330.0
251.0
309.0
156.0
120.0
216.0
185.0
240.0
215.0
125.0
229.0
201.0
274.0
190.0
257.0
112.0
274.0
134.0
203.0
500.0
124.0
137.0
142.0
214.0
179.0
193.0
280.0
220.0
242.0
237.0
178.0
229.0
126.0
251.0
170.0
249.0
114.0
253.0
369.0
144.0
225.0
248.0
253.0
275.0
265.0
165.0
145.0
202.0
240.0
304.0
272.0
206.0
238.0
101.0
172.0
101.0
169.0
210.0
266.0
202.0
307.0
240.0
156.0
200.0
193.0
264.0
245.0
167.0
269.0
171.0
140.0
239.0
182.0
168.0
264.0
152.0
257.0
179.0
238.0
135.0
282.0
138.0
124.0
142.0
218.0
200.0
221.0
169.0
218.0
219.0
164.0
277.0
139.0
143.0
209.0
281.0
278.0
163.0
133.0
138.0
119.0
241.0
141.0
205.0
220.0
239.0
212.0
211.0
204.0
339.0
273.0
161.0
294.0
153.0
247.0
102.0
201.0
243.0
146.0
244.0
239.0
246.0
193.0
235.0
134.0
296.0
271.0
352.0
181.0
265.0
284.0
215.0
159.0
216.0
140.0
326.0
279.0
221.0
168.0
285.0
173.0
385.0
228.0
180.0
251.0
371.0
194.0
241.0
173.0
338.0
138.0
166.0
264.0
186.0
319.0
113.0
339.0
500.0
268.0
351.0
141.0
250.0
257.0
213.0
146.0
223.0
158.0
406.0
392.0
174.0
205.0
223.0
200.0
269.0
500.0
238.0
234.0
225.0
281.0
193.0
171.0
234.0
156.0
129.0
141.0
179.0
325.0
280.0
214.0
266.0
167.0
219.0
241.0
193.0
190.0
190.0
260.0
278.0
135.0
155.0
238.0
142.0
161.0
331.0
179.0
145.0
183.0
302.0
165.0
206.0
321.0
186.0
396.0
125.0
234.0
144.0
158.0
173.0
157.0
314.0
334.0
145.0
144.0
236.0
223.0
214.0
286.0
155.0
274.0
173.0
146.0
185.0
245.0
184.0
123.0
387.0
142.0
192.0
174.0
178.0
380.0
134.0
204.0
199.0
327.0
271.0
241.0
158.0
341.0
215.0
375.0
170.0
179.0
346.0
205.0
269.0
304.0
235.0
106.0
267.0
237.0
203.0
164.0
160.0
362.0
187.0
151.0
267.0
251.0
235.0
233.0
133.0
137.0
260.0
182.0
166.0
245.0
500.0
230.0
248.0
189.0
339.0
251.0
185.0
169.0
246.0
301.0
146.0
286.0
251.0
252.0
248.0
130.0
178.0
181.0
188.0
197.0
268.0
220.0
223.0
132.0
331.0
229.0
225.0
187.0
168.0
182.0
189.0
172.0
218.0
212.0
228.0
350.0
231.0
500.0
166.0
267.0
95.0
259.0
240.0
352.0
185.0
321.0
241.0
236.0
179.0
287.0
255.0
219.0
257.0
261.0
137.0
187.0
256.0
167.0
275.0
265.0
235.0
284.0
230.0
197.0
223.0
332.0
181.0
149.0
177.0
249.0
165.0
291.0
386.0
145.0
163.0
302.0
125.0
219.0
259.0
140.0
193.0
201.0
222.0
221.0
151.0
205.0
294.0
148.0
158.0
177.0
147.0
130.0
245.0
130.0
315.0
500.0
171.0
311.0
146.0
208.0
296.0
146.0
188.0
178.0
254.0
274.0
219.0
183.0
135.0
316.0
140.0
319.0
323.0
321.0
220.0
385.0
238.0
185.0
223.0
211.0
192.0
148.0
248.0
185.0
178.0
206.0
302.0
143.0
307.0
204.0
249.0
172.0
214.0
160.0
250.0
133.0
186.0
275.0
225.0
153.0
175.0
147.0
263.0
129.0
251.0
208.0
139.0
275.0
332.0
176.0
149.0
300.0
254.0
244.0
204.0
238.0
143.0
190.0
165.0
297.0
297.0
144.0
228.0
259.0
165.0
296.0
284.0
240.0
184.0
151.0
155.0
269.0
286.0
158.0
182.0
290.0
150.0
242.0
298.0
150.0
500.0
137.0
192.0
292.0
204.0
300.0
213.0
168.0
253.0
176.0
142.0
465.0
132.0
139.0
166.0
208.0
130.0
170.0
270.0
234.0
220.0
256.0
500.0
211.0
238.0
320.0
284.0
329.0
179.0
236.0
228.0
251.0
227.0
248.0
145.0
265.0
227.0
216.0
228.0
156.0
161.0
138.0
179.0
160.0
294.0
158.0
243.0
176.0
169.0
363.0
154.0
115.0
120.0
143.0
208.0
145.0
183.0
148.0
208.0
307.0
337.0
199.0
219.0
135.0
194.0
277.0
195.0
279.0
291.0
23.0
420.0
372.0
143.0
253.0
22.0
209.0
236.0
248.0
21.0
207.0
269.0
164.0
151.0
175.0
244.0
256.0
146.0
500.0
197.0
294.0
202.0
222.0
131.0
161.0
192.0
200.0
169.0
202.0
321.0
226.0
227.0
227.0
163.0
244.0
230.0
332.0
201.0
234.0
142.0
200.0
210.0
168.0
234.0
160.0
187.0
286.0
181.0
316.0
149.0
224.0
142.0
211.0
161.0
255.0
209.0
163.0
139.0
241.0
286.0
253.0
323.0
125.0
344.0
160.0
279.0
124.0
273.0
272.0
275.0
369.0
226.0
275.0
279.0
170.0
136.0
271.0
282.0
449.0
143.0
223.0
282.0
344.0
213.0
227.0
236.0
246.0
191.0
264.0
235.0
265.0
164.0
179.0
287.0
184.0
158.0
247.0
241.0
273.0
172.0
269.0
358.0
147.0
256.0
258.0
138.0
145.0
289.0
252.0
288.0
381.0
166.0
267.0
377.0
211.0
150.0
267.0
248.0
500.0
404.0
162.0
438.0
160.0
248.0
151.0
193.0
199.0
242.0
177.0
251.0
268.0
139.0
208.0
347.0
155.0
141.0
244.0
183.0
159.0
158.0
175.0
174.0
237.0
195.0
238.0
289.0
158.0
209.0
176.0
183.0
144.0
292.0
182.0
225.0
323.0
261.0
224.0
132.0
238.0
423.0
145.0
127.0
308.0
245.0
227.0
271.0
129.0
194.0
146.0
146.0
168.0
232.0
263.0
342.0
287.0
187.0
187.0
170.0
160.0
239.0
201.0
260.0
241.0
185.0
164.0
252.0
273.0
310.0
206.0
143.0
131.0
268.0
406.0
266.0
241.0
370.0
251.0
279.0
346.0
382.0
203.0
171.0
257.0
132.0
212.0
232.0
206.0
374.0
167.0
207.0
412.0
304.0
178.0
133.0
226.0
259.0
152.0
198.0
149.0
304.0
158.0
295.0
205.0
500.0
446.0
217.0
269.0
371.0
179.0
307.0
179.0
229.0
253.0
416.0
206.0
223.0
235.0
269.0
151.0
127.0
314.0
303.0
162.0
198.0
220.0
339.0
224.0
325.0
268.0
194.0
136.0
200.0
290.0
223.0
348.0
277.0
307.0
194.0
185.0
313.0
228.0
232.0
163.0
332.0
276.0
161.0
288.0
261.0
172.0
173.0
241.0
150.0
236.0
209.0
260.0
264.0
281.0
220.0
147.0
234.0
192.0
322.0
340.0
192.0
122.0
197.0
213.0
178.0
223.0
166.0
279.0
236.0
188.0
345.0
164.0
209.0
156.0
263.0
290.0
190.0
196.0
317.0
216.0
218.0
229.0
270.0
200.0
131.0
171.0
222.0
293.0
255.0
250.0
229.0
144.0
242.0
153.0
148.0
175.0
189.0
178.0
138.0
143.0
300.0
283.0
119.0
391.0
266.0
155.0
250.0
173.0
290.0
187.0
300.0
193.0
223.0
270.0
168.0
301.0
155.0
260.0
217.0
260.0
271.0
129.0
304.0
256.0
262.0
162.0
251.0
170.0
241.0
151.0
225.0
215.0
219.0
173.0
222.0
273.0
160.0
387.0
311.0
165.0
169.0
312.0
170.0
181.0
154.0
282.0
134.0
187.0
190.0
256.0
315.0
163.0
268.0
171.0
157.0
245.0
278.0
159.0
182.0
236.0
196.0
165.0
190.0
257.0
262.0
230.0
143.0
188.0
320.0
156.0
158.0
242.0
140.0
187.0
118.0
207.0
150.0
174.0
150.0
291.0
179.0
217.0
185.0
108.0
206.0
299.0
218.0
296.0
148.0
266.0
289.0
261.0
140.0
185.0
244.0
153.0
256.0
340.0
347.0
229.0
410.0
337.0
150.0
252.0
204.0
168.0
192.0
261.0
157.0
196.0
192.0
229.0
325.0
240.0
316.0
211.0
356.0
179.0
273.0
173.0
192.0
154.0
288.0
152.0
260.0
261.0
316.0
219.0
189.0
256.0
264.0
141.0
261.0
163.0
249.0
163.0
196.0
183.0
270.0
207.0
292.0
156.0
182.0
240.0
98.0
154.0
187.0
140.0
316.0
177.0
270.0
187.0
187.0
144.0
325.0
188.0
200.0
319.0
275.0
327.0
269.0
325.0
177.0
207.0
258.0
175.0
256.0
147.0
162.0
216.0
191.0
131.0
274.0
241.0
194.0
327.0
332.0
161.0
230.0
249.0
268.0
178.0
318.0
296.0
193.0
170.0
249.0
144.0
194.0
161.0
233.0
298.0
500.0
250.0
169.0
255.0
237.0
211.0
217.0
326.0
250.0
199.0
227.0
205.0
333.0
264.0
213.0
251.0
215.0
319.0
284.0
333.0
232.0
203.0
202.0
158.0
209.0
320.0
227.0
154.0
210.0
150.0
338.0
162.0
202.0
245.0
178.0
202.0
133.0
277.0
242.0
138.0
257.0
139.0
362.0
247.0
261.0
298.0
183.0
145.0
143.0
295.0
142.0
160.0
223.0
229.0
274.0
189.0
324.0
284.0
259.0
210.0
500.0
424.0
274.0
185.0
282.0
254.0
166.0
122.0
187.0
210.0
252.0
212.0
304.0
194.0
232.0
250.0
153.0
215.0
203.0
86.0
169.0
198.0
161.0
250.0
230.0
139.0
258.0
184.0
86.0
256.0
152.0
362.0
208.0
326.0
194.0
257.0
254.0
227.0
185.0
248.0
304.0
272.0
82.0
144.0
108.0
88.0
500.0
243.0
208.0
146.0
108.0
138.0
164.0
164.0
221.0
190.0
128.0
184.0
278.0
183.0
226.0
273.0
198.0
297.0
362.0
132.0
198.0
243.0
210.0
323.0
325.0
132.0
346.0
271.0
215.0
282.0
233.0
255.0
174.0
168.0
284.0
271.0
228.0
271.0
171.0
144.0
172.0
248.0
186.0
192.0
255.0
130.0
200.0
208.0
392.0
263.0
173.0
235.0
310.0
253.0
288.0
344.0
126.0
286.0
261.0
192.0
296.0
271.0
242.0
116.0
132.0
349.0
213.0
318.0
220.0
136.0
269.0
185.0
340.0
190.0
268.0
351.0
235.0
306.0
140.0
221.0
236.0
196.0
94.0
294.0
177.0
230.0
154.0
127.0
94.0
273.0
303.0
201.0
228.0
205.0
238.0
500.0
252.0
239.0
298.0
168.0
227.0
278.0
294.0
200.0
147.0
304.0
245.0
148.0
263.0
216.0
165.0
251.0
317.0
255.0
219.0
274.0
208.0
500.0
372.0
385.0
223.0
237.0
204.0
215.0
257.0
192.0
228.0
130.0
259.0
266.0
347.0
149.0
251.0
218.0
188.0
255.0
161.0
236.0
250.0
206.0
282.0
332.0
265.0
242.0
184.0
234.0
229.0
188.0
339.0
300.0
266.0
261.0
234.0
271.0
232.0
246.0
243.0
232.0
437.0
213.0
242.0
211.0
328.0
257.0
185.0
202.0
500.0
295.0
181.0
136.0
212.0
290.0
298.0
125.0
225.0
113.0
320.0
258.0
214.0
347.0
309.0
253.0
321.0
288.0
296.0
230.0
186.0
309.0
342.0
107.0
248.0
275.0
218.0
309.0
210.0
190.0
263.0
201.0
188.0
232.0
409.0
284.0
377.0
174.0
263.0
241.0
135.0
204.0
256.0
182.0
254.0
248.0
127.0
213.0
268.0
213.0
204.0
257.0
255.0
340.0
128.0
210.0
251.0
328.0
221.0
324.0
280.0
167.0
223.0
302.0
253.0
429.0
156.0
159.0
145.0
200.0
149.0
234.0
232.0
243.0
160.0
153.0
326.0
216.0
104.0
173.0
129.0
159.0
205.0
185.0
194.0
266.0
185.0
129.0
146.0
202.0
142.0
255.0
249.0
265.0
276.0
258.0
152.0
294.0
331.0
216.0
160.0
303.0
296.0
122.0
156.0
445.0
334.0
266.0
356.0
219.0
219.0
175.0
145.0
173.0
352.0
132.0
182.0
143.0
238.0
164.0
244.0
126.0
189.0
152.0
244.0
154.0
236.0
325.0
178.0
142.0
260.0
222.0
157.0
132.0
85.0
129.0
297.0
171.0
188.0
72.0
233.0
123.0
195.0
267.0
77.0
148.0
151.0
173.0
91.0
378.0
135.0
133.0
151.0
179.0
73.0
131.0
223.0
117.0
500.0
97.0
292.0
226.0
40.0
133.0
174.0
154.0
170.0
162.0
145.0
115.0
100.0
119.0
89.0
201.0
137.0
144.0
175.0
132.0
143.0
140.0
146.0
119.0
153.0
86.0
152.0
96.0
89.0
172.0
104.0
135.0
284.0
132.0
325.0
240.0
126.0
159.0
118.0
294.0
185.0
91.0
246.0
110.0
352.0
159.0
166.0
157.0
139.0
208.0
149.0
252.0
128.0
123.0
98.0
130.0
165.0
130.0
107.0
89.0
153.0
110.0
85.0
149.0
139.0
210.0
100.0
268.0
219.0
196.0
95.0
372.0
79.0
123.0
178.0
158.0
113.0
157.0
273.0
140.0
125.0
91.0
101.0
116.0
231.0
177.0
120.0
175.0
202.0
345.0
305.0
316.0
108.0
84.0
118.0
90.0
302.0
305.0
176.0
104.0
117.0
185.0
88.0
150.0
193.0
126.0
84.0
91.0
94.0
122.0
201.0
213.0
200.0
91.0
136.0
137.0
129.0
93.0
130.0
153.0
154.0
107.0
113.0
184.0
165.0
94.0
143.0
109.0
251.0
252.0
229.0
107.0
123.0
103.0
211.0
81.0
197.0
150.0
190.0
101.0
283.0
171.0
81.0
269.0
500.0
107.0
338.0
104.0
248.0
202.0
238.0
181.0
245.0
128.0
133.0
190.0
178.0
228.0
97.0
239.0
185.0
152.0
101.0
97.0
194.0
207.0
88.0
226.0
201.0
90.0
229.0
96.0
313.0
190.0
96.0
119.0
166.0
219.0
91.0
228.0
99.0
129.0
196.0
100.0
129.0
265.0
189.0
219.0
168.0
75.0
174.0
126.0
133.0
250.0
286.0
137.0
84.0
151.0
204.0
104.0
150.0
228.0
125.0
154.0
107.0
89.0
128.0
125.0
117.0
101.0
309.0
120.0
107.0
159.0
92.0
140.0
126.0
113.0
108.0
256.0
112.0
240.0
234.0
140.0
108.0
88.0
89.0
129.0
165.0
90.0
71.0
274.0
71.0
154.0
86.0
108.0
90.0
282.0
373.0
123.0
103.0
105.0
219.0
102.0
94.0
272.0
110.0
229.0
174.0
96.0
139.0
116.0
141.0
122.0
157.0
386.0
184.0
181.0
242.0
101.0
241.0
122.0
312.0
167.0
127.0
296.0
124.0
132.0
140.0
182.0
118.0
317.0
77.0
159.0
138.0
193.0
125.0
93.0
135.0
170.0
114.0
162.0
153.0
168.0
106.0
143.0
151.0
118.0
188.0
134.0
141.0
128.0
102.0
110.0
258.0
114.0
251.0
92.0
122.0
175.0
112.0
182.0
127.0
291.0
297.0
146.0
93.0
178.0
110.0
102.0
136.0
178.0
154.0
181.0
330.0
143.0
123.0
95.0
261.0
129.0
166.0
145.0
164.0
371.0
137.0
112.0
182.0
126.0
114.0
500.0
167.0
116.0
235.0
145.0
187.0
87.0
500.0
112.0
165.0
118.0
112.0
149.0
242.0
115.0
95.0
111.0
110.0
248.0
143.0
109.0
105.0
103.0
104.0
128.0
169.0
264.0
158.0
159.0
140.0
145.0
68.0
133.0
124.0
140.0
94.0
226.0
127.0
364.0
260.0
182.0
231.0
114.0
198.0
141.0
270.0
211.0
102.0
91.0
231.0
197.0
106.0
442.0
106.0
109.0
101.0
153.0
99.0
106.0
178.0
265.0
266.0
164.0
260.0
214.0
155.0
271.0
127.0
124.0
243.0
183.0
110.0
133.0
145.0
195.0
161.0
111.0
107.0
106.0
160.0
500.0
128.0
234.0
133.0
106.0
169.0
126.0
161.0
217.0
85.0
195.0
113.0
138.0
134.0
289.0
177.0
113.0
264.0
216.0
117.0
149.0
166.0
108.0
199.0
103.0
130.0
140.0
124.0
218.0
261.0
105.0
128.0
152.0
243.0
231.0
167.0
131.0
103.0
143.0
143.0
138.0
219.0
100.0
191.0
144.0
119.0
118.0
291.0
212.0
159.0
173.0
137.0
197.0
272.0
152.0
102.0
259.0
162.0
136.0
157.0
122.0
93.0
500.0
238.0
152.0
156.0
327.0
174.0
500.0
117.0
96.0
275.0
264.0
212.0
140.0
170.0
122.0
154.0
160.0
136.0
90.0
226.0
144.0
228.0
134.0
216.0
258.0
96.0
187.0
185.0
213.0
92.0
132.0
149.0
500.0
253.0
334.0
238.0
83.0
133.0
177.0
129.0
125.0
166.0
147.0
500.0
141.0
295.0
86.0
126.0
95.0
292.0
258.0
86.0
124.0
166.0
183.0
134.0
119.0
156.0
221.0
230.0
227.0
108.0
119.0
114.0
116.0
87.0
109.0
145.0
500.0
226.0
268.0
93.0
102.0
108.0
233.0
198.0
117.0
344.0
117.0
190.0
151.0
141.0
238.0
151.0
224.0
154.0
251.0
108.0
154.0
160.0
127.0
227.0
139.0
141.0
201.0
299.0
157.0
96.0
320.0
263.0
95.0
268.0
205.0
96.0
116.0
118.0
109.0
327.0
111.0
176.0
224.0
192.0
148.0
118.0
128.0
199.0
270.0
148.0
209.0
118.0
146.0
284.0
168.0
104.0
224.0
161.0
121.0
92.0
151.0
156.0
105.0
165.0
201.0
149.0
101.0
230.0
278.0
215.0
197.0
223.0
120.0
167.0
96.0
114.0
104.0
108.0
248.0
93.0
102.0
135.0
132.0
192.0
211.0
291.0
160.0
114.0
128.0
215.0
135.0
216.0
177.0
122.0
106.0
135.0
123.0
129.0
233.0
102.0
106.0
162.0
342.0
132.0
234.0
187.0
340.0
193.0
97.0
162.0
171.0
147.0
133.0
127.0
172.0
105.0
121.0
147.0
144.0
260.0
107.0
98.0
136.0
184.0
184.0
234.0
120.0
122.0
156.0
215.0
107.0
109.0
250.0
112.0
240.0
159.0
193.0
147.0
273.0
111.0
218.0
132.0
209.0
178.0
126.0
122.0
85.0
188.0
147.0
132.0
191.0
133.0
231.0
178.0
135.0
176.0
500.0
129.0
104.0
116.0
99.0
247.0
365.0
229.0
185.0
162.0
303.0
344.0
145.0
163.0
196.0
500.0
500.0
148.0
186.0
87.0
146.0
213.0
279.0
149.0
122.0
232.0
157.0
132.0
233.0
264.0
120.0
240.0
119.0
135.0
95.0
213.0
86.0
376.0
152.0
158.0
110.0
112.0
153.0
143.0
177.0
136.0
212.0
117.0
106.0
119.0
215.0
117.0
123.0
219.0
137.0
110.0
392.0
246.0
144.0
211.0
259.0
105.0
235.0
106.0
120.0
128.0
276.0
403.0
110.0
107.0
165.0
120.0
155.0
86.0
128.0
108.0
93.0
103.0
236.0
258.0
127.0
195.0
207.0
230.0
149.0
500.0
260.0
122.0
138.0
205.0
226.0
161.0
292.0
154.0
202.0
108.0
114.0
241.0
152.0
204.0
144.0
198.0
132.0
225.0
146.0
216.0
306.0
155.0
191.0
172.0
97.0
152.0
112.0
118.0
115.0
115.0
148.0
151.0
93.0
267.0
224.0
104.0
122.0
119.0
145.0
170.0
360.0
121.0
119.0
165.0
103.0
112.0
177.0
120.0
244.0
150.0
114.0
117.0
103.0
176.0
111.0
95.0
121.0
127.0
240.0
132.0
190.0
118.0
168.0
238.0
89.0
116.0
116.0
154.0
101.0
108.0
131.0
167.0
172.0
170.0
307.0
292.0
186.0
164.0
330.0
131.0
124.0
117.0
276.0
112.0
157.0
143.0
113.0
302.0
264.0
95.0
192.0
110.0
109.0
188.0
202.0
95.0
180.0
310.0
163.0
123.0
338.0
274.0
125.0
121.0
140.0
117.0
166.0
97.0
204.0
130.0
185.0
135.0
159.0
210.0
116.0
246.0
135.0
208.0
139.0
199.0
189.0
123.0
123.0
106.0
168.0
116.0
267.0
167.0
334.0
116.0
233.0
176.0
253.0
100.0
200.0
153.0
146.0
135.0
111.0
133.0
130.0
165.0
242.0
121.0
214.0
105.0
253.0
150.0
119.0
155.0
262.0
380.0
261.0
124.0
115.0
132.0
172.0
113.0
209.0
120.0
263.0
156.0
108.0
156.0
116.0
280.0
113.0
120.0
125.0
96.0
116.0
139.0
155.0
119.0
240.0
106.0
500.0
103.0
117.0
195.0
145.0
186.0
118.0
150.0
113.0
121.0
292.0
104.0
147.0
107.0
324.0
232.0
105.0
129.0
121.0
115.0
131.0
154.0
119.0
183.0
163.0
177.0
133.0
116.0
102.0
215.0
276.0
107.0
117.0
147.0
130.0
105.0
154.0
111.0
322.0
262.0
262.0
141.0
105.0
172.0
237.0
171.0
137.0
180.0
120.0
109.0
119.0
112.0
310.0
146.0
116.0
500.0
162.0
268.0
162.0
312.0
160.0
138.0
268.0
107.0
120.0
275.0
96.0
111.0
124.0
199.0
202.0
261.0
143.0
122.0
151.0
166.0
167.0
264.0
125.0
161.0
206.0
177.0
96.0
121.0
174.0
334.0
112.0
216.0
181.0
141.0
253.0
131.0
258.0
113.0
127.0
112.0
124.0
104.0
123.0
166.0
123.0
162.0
98.0
164.0
133.0
120.0
148.0
137.0
242.0
168.0
226.0
221.0
95.0
184.0
106.0
232.0
111.0
136.0
153.0
145.0
118.0
132.0
138.0
133.0
163.0
178.0
143.0
232.0
144.0
118.0
114.0
238.0
162.0
309.0
116.0
261.0
149.0
125.0
115.0
160.0
206.0
115.0
94.0
114.0
126.0
190.0
162.0
102.0
138.0
118.0
193.0
117.0
233.0
280.0
172.0
108.0
276.0
117.0
274.0
129.0
189.0
120.0
224.0
112.0
154.0
115.0
144.0
101.0
138.0
153.0
155.0
155.0
118.0
109.0
116.0
149.0
114.0
128.0
116.0
155.0
156.0
132.0
176.0
130.0
130.0
311.0
124.0
125.0
155.0
162.0
216.0
272.0
120.0
171.0
112.0
175.0
133.0
127.0
163.0
500.0
133.0
158.0
202.0
126.0
114.0
377.0
151.0
348.0
197.0
242.0
178.0
147.0
129.0
216.0
113.0
135.0
138.0
179.0
119.0
134.0
237.0
304.0
138.0
230.0
115.0
257.0
109.0
117.0
161.0
153.0
187.0
327.0
153.0
102.0
175.0
243.0
117.0
226.0
160.0
99.0
181.0
216.0
106.0
97.0
500.0
116.0
151.0
248.0
155.0
113.0
207.0
152.0
113.0
111.0
160.0
151.0
115.0
229.0
128.0
240.0
159.0
147.0
183.0
235.0
308.0
233.0
376.0
138.0
109.0
138.0
197.0
106.0
148.0
164.0
124.0
214.0
152.0
135.0
260.0
130.0
166.0
116.0
191.0
145.0
138.0
142.0
137.0
110.0
158.0
182.0
196.0
126.0
164.0
237.0
199.0
140.0
123.0
107.0
172.0
102.0
134.0
114.0
206.0
219.0
126.0
165.0
178.0
133.0
160.0
103.0
142.0
111.0
158.0
183.0
117.0
185.0
153.0
191.0
122.0
157.0
134.0
116.0
107.0
204.0
154.0
197.0
119.0
210.0
141.0
131.0
127.0
286.0
148.0
117.0
160.0
151.0
340.0
156.0
139.0
121.0
115.0
293.0
130.0
144.0
120.0
129.0
107.0
234.0
325.0
144.0
128.0
213.0
102.0
110.0
115.0
99.0
198.0
127.0
168.0
146.0
144.0
98.0
107.0
500.0
161.0
143.0
115.0
115.0
227.0
153.0
353.0
167.0
114.0
128.0
121.0
158.0
244.0
382.0
115.0
275.0
150.0
248.0
109.0
135.0
131.0
211.0
167.0
175.0
215.0
151.0
125.0
500.0
165.0
113.0
265.0
335.0
102.0
111.0
184.0
165.0
119.0
121.0
115.0
367.0
163.0
211.0
273.0
135.0
133.0
174.0
246.0
125.0
138.0
146.0
150.0
160.0
159.0
139.0
219.0
105.0
120.0
126.0
124.0
115.0
354.0
152.0
103.0
135.0
228.0
192.0
272.0
165.0
130.0
255.0
205.0
124.0
119.0
119.0
363.0
140.0
153.0
133.0
98.0
128.0
118.0
219.0
129.0
127.0
119.0
111.0
155.0
107.0
156.0
129.0
146.0
117.0
228.0
229.0
117.0
131.0
109.0
188.0
164.0
224.0
162.0
116.0
302.0
145.0
98.0
259.0
136.0
223.0
127.0
126.0
122.0
352.0
144.0
146.0
125.0
198.0
152.0
260.0
143.0
194.0
147.0
141.0
262.0
169.0
131.0
142.0
107.0
281.0
214.0
217.0
167.0
347.0
295.0
134.0
143.0
130.0
110.0
124.0
215.0
158.0
201.0
101.0
231.0
122.0
126.0
110.0
129.0
103.0
171.0
199.0
249.0
133.0
115.0
185.0
500.0
320.0
142.0
154.0
132.0
112.0
157.0
117.0
204.0
249.0
199.0
137.0
127.0
240.0
117.0
164.0
188.0
118.0
109.0
186.0
121.0
108.0
138.0
160.0
119.0
178.0
175.0
115.0
182.0
120.0
123.0
121.0
133.0
258.0
184.0
136.0
315.0
103.0
146.0
138.0
115.0
101.0
174.0
236.0
385.0
116.0
440.0
108.0
121.0
117.0
109.0
117.0
165.0
163.0
500.0
193.0
191.0
378.0
110.0
102.0
331.0
226.0
253.0
204.0
142.0
106.0
113.0
226.0
123.0
195.0
113.0
119.0
205.0
237.0
224.0
120.0
150.0
128.0
108.0
221.0
205.0
238.0
182.0
104.0
202.0
229.0
145.0
127.0
145.0
267.0
116.0
158.0
140.0
124.0
117.0
139.0
117.0
127.0
247.0
131.0
249.0
113.0
348.0
112.0
131.0
114.0
145.0
154.0
285.0
102.0
122.0
190.0
202.0
141.0
123.0
121.0
104.0
159.0
324.0
129.0
162.0
181.0
121.0
123.0
142.0
252.0
145.0
168.0
113.0
134.0
103.0
114.0
110.0
183.0
122.0
164.0
133.0
119.0
128.0
139.0
171.0
107.0
124.0
106.0
134.0
117.0
169.0
160.0
308.0
131.0
167.0
162.0
105.0
116.0
118.0
155.0
321.0
131.0
116.0
186.0
210.0
111.0
195.0
214.0
121.0
159.0
176.0
118.0
149.0
115.0
154.0
133.0
110.0
275.0
239.0
182.0
112.0
157.0
120.0
148.0
162.0
181.0
193.0
242.0
121.0
180.0
115.0
149.0
122.0
300.0
112.0
136.0
241.0
187.0
128.0
159.0
192.0
152.0
119.0
134.0
240.0
121.0
80.0
121.0
170.0
125.0
110.0
133.0
134.0
122.0
151.0
138.0
123.0
194.0
147.0
315.0
190.0
77.0
196.0
107.0
118.0
183.0
93.0
113.0
197.0
259.0
209.0
196.0
261.0
131.0
130.0
311.0
174.0
173.0
244.0
160.0
150.0
220.0
500.0
260.0
266.0
109.0
72.0
116.0
216.0
130.0
223.0
185.0
85.0
186.0
144.0
143.0
348.0
87.0
134.0
98.0
136.0
125.0
116.0
228.0
300.0
94.0
300.0
115.0
381.0
133.0
234.0
236.0
193.0
117.0
304.0
170.0
174.0
325.0
83.0
134.0
215.0
164.0
286.0
83.0
147.0
240.0
209.0
141.0
260.0
236.0
234.0
137.0
119.0
133.0
121.0
155.0
500.0
118.0
137.0
237.0
195.0
120.0
138.0
242.0
117.0
500.0
101.0
183.0
210.0
307.0
227.0
189.0
141.0
162.0
121.0
203.0
121.0
273.0
224.0
128.0
282.0
263.0
203.0
188.0
108.0
388.0
105.0
141.0
112.0
251.0
300.0
220.0
113.0
168.0
184.0
164.0
102.0
119.0
202.0
203.0
207.0
114.0
191.0
108.0
226.0
274.0
96.0
152.0
181.0
172.0
175.0
190.0
227.0
196.0
124.0
114.0
165.0
237.0
276.0
213.0
241.0
143.0
103.0
161.0
254.0
136.0
198.0
247.0
126.0
98.0
112.0
178.0
149.0
149.0
139.0
294.0
157.0
148.0
88.0
115.0
197.0
500.0
207.0
138.0
107.0
266.0
142.0
214.0
111.0
227.0
131.0
123.0
136.0
123.0
111.0
211.0
153.0
500.0
105.0
141.0
270.0
128.0
299.0
194.0
131.0
172.0
342.0
353.0
206.0
166.0
97.0
233.0
102.0
157.0
174.0
242.0
123.0
269.0
162.0
163.0
292.0
130.0
298.0
181.0
123.0
116.0
193.0
283.0
87.0
181.0
118.0
283.0
197.0
106.0
257.0
121.0
130.0
149.0
160.0
132.0
78.0
129.0
127.0
96.0
167.0
198.0
222.0
273.0
142.0
414.0
143.0
176.0
110.0
209.0
153.0
110.0
203.0
96.0
293.0
106.0
164.0
290.0
151.0
147.0
161.0
172.0
188.0
140.0
166.0
164.0
161.0
340.0
198.0
266.0
176.0
205.0
108.0
313.0
374.0
120.0
261.0
138.0
242.0
136.0
193.0
158.0
166.0
340.0
200.0
189.0
155.0
214.0
153.0
202.0
143.0
255.0
142.0
311.0
150.0
120.0
182.0
40.0
111.0
137.0
178.0
144.0
68.0
180.0
139.0
126.0
105.0
334.0
154.0
270.0
344.0
243.0
172.0
169.0
123.0
196.0
157.0
107.0
168.0
141.0
160.0
136.0
217.0
193.0
141.0
121.0
181.0
217.0
134.0
180.0
136.0
176.0
136.0
120.0
225.0
112.0
214.0
206.0
122.0
296.0
105.0
149.0
115.0
116.0
149.0
126.0
217.0
500.0
153.0
429.0
163.0
145.0
293.0
132.0
161.0
186.0
116.0
255.0
126.0
282.0
263.0
129.0
189.0
156.0
127.0
216.0
280.0
237.0
124.0
152.0
142.0
245.0
179.0
200.0
228.0
150.0
173.0
103.0
148.0
153.0
136.0
394.0
105.0
122.0
146.0
257.0
118.0
313.0
298.0
182.0
229.0
125.0
140.0
165.0
110.0
232.0
109.0
252.0
126.0
120.0
192.0
123.0
111.0
225.0
112.0
123.0
142.0
174.0
172.0
249.0
228.0
371.0
129.0
251.0
172.0
123.0
254.0
136.0
309.0
280.0
352.0
113.0
151.0
119.0
168.0
188.0
166.0
127.0
121.0
143.0
251.0
172.0
106.0
136.0
229.0
287.0
174.0
138.0
243.0
281.0
290.0
238.0
194.0
139.0
212.0
252.0
293.0
255.0
120.0
158.0
109.0
135.0
81.0
124.0
371.0
260.0
373.0
125.0
137.0
333.0
232.0
132.0
137.0
359.0
135.0
225.0
185.0
124.0
115.0
178.0
252.0
214.0
199.0
338.0
207.0
343.0
332.0
165.0
118.0
150.0
141.0
119.0
187.0
158.0
342.0
212.0
141.0
292.0
140.0
166.0
103.0
133.0
167.0
131.0
204.0
153.0
170.0
154.0
167.0
169.0
118.0
185.0
137.0
153.0
112.0
238.0
296.0
128.0
223.0
45.0
175.0
137.0
118.0
247.0
119.0
121.0
125.0
131.0
167.0
174.0
204.0
367.0
113.0
174.0
184.0
143.0
108.0
136.0
149.0
264.0
262.0
226.0
154.0
307.0
317.0
332.0
178.0
75.0
196.0
119.0
115.0
124.0
93.0
203.0
147.0
114.0
347.0
103.0
124.0
395.0
317.0
122.0
271.0
126.0
123.0
273.0
133.0
500.0
138.0
188.0
114.0
151.0
170.0
500.0
61.0
166.0
143.0
450.0
282.0
109.0
197.0
186.0
147.0
253.0
109.0
210.0
138.0
126.0
144.0
164.0
143.0
174.0
103.0
232.0
93.0
99.0
128.0
139.0
105.0
140.0
131.0
120.0
229.0
160.0
109.0
116.0
179.0
253.0
319.0
126.0
144.0
98.0
208.0
190.0
97.0
91.0
302.0
102.0
121.0
160.0
119.0
114.0
117.0
249.0
126.0
117.0
256.0
276.0
109.0
219.0
163.0
109.0
500.0
124.0
127.0
110.0
173.0
100.0
258.0
132.0
171.0
109.0
136.0
109.0
216.0
500.0
169.0
105.0
305.0
260.0
234.0
95.0
146.0
206.0
100.0
137.0
137.0
99.0
190.0
159.0
111.0
166.0
139.0
349.0
171.0
132.0
228.0
92.0
128.0
96.0
77.0
84.0
81.0
183.0
154.0
153.0
76.0
56.0
230.0
97.0
93.0
305.0
261.0
188.0
146.0
124.0
98.0
189.0
172.0
223.0
127.0
182.0
126.0
76.0
111.0
153.0
210.0
153.0
88.0
153.0
121.0
132.0
142.0
130.0
500.0
203.0
373.0
105.0
126.0
109.0
112.0
131.0
125.0
204.0
298.0
123.0
108.0
141.0
262.0
224.0
114.0
121.0
81.0
103.0
105.0
124.0
89.0
181.0
175.0
123.0
166.0
126.0
369.0
333.0
271.0
206.0
82.0
269.0
212.0
168.0
314.0
238.0
128.0
138.0
124.0
213.0
174.0
239.0
175.0
101.0
117.0
104.0
288.0
111.0
162.0
192.0
203.0
375.0
212.0
237.0
220.0
160.0
150.0
233.0
129.0
135.0
263.0
236.0
228.0
136.0
155.0
145.0
308.0
131.0
101.0
331.0
124.0
136.0
88.0
134.0
139.0
124.0
101.0
136.0
133.0
172.0
300.0
500.0
110.0
157.0
97.0
122.0
286.0
130.0
136.0
149.0
111.0
178.0
106.0
131.0
182.0
140.0
136.0
190.0
270.0
500.0
147.0
100.0
104.0
99.0
111.0
159.0
159.0
163.0
116.0
190.0
101.0
224.0
349.0
177.0
131.0
198.0
176.0
50.0
122.0
113.0
164.0
245.0
282.0
260.0
115.0
348.0
148.0
253.0
134.0
291.0
112.0
155.0
36.0
130.0
171.0
127.0
91.0
138.0
108.0
123.0
108.0
38.0
193.0
113.0
240.0
255.0
131.0
195.0
217.0
56.0
103.0
107.0
134.0
121.0
144.0
99.0
249.0
115.0
500.0
125.0
339.0
116.0
259.0
139.0
315.0
248.0
140.0
156.0
219.0
173.0
110.0
124.0
326.0
178.0
177.0
121.0
133.0
107.0
134.0
112.0
113.0
161.0
129.0
191.0
158.0
114.0
105.0
108.0
106.0
259.0
122.0
357.0
243.0
302.0
181.0
156.0
199.0
500.0
132.0
135.0
315.0
129.0
133.0
116.0
139.0
160.0
128.0
146.0
500.0
116.0
262.0
341.0
267.0
170.0
205.0
139.0
101.0
301.0
112.0
310.0
125.0
253.0
116.0
167.0
195.0
184.0
120.0
101.0
221.0
172.0
356.0
344.0
256.0
167.0
129.0
114.0
118.0
98.0
142.0
153.0
116.0
235.0
338.0
138.0
144.0
121.0
371.0
134.0
172.0
107.0
271.0
116.0
216.0
117.0
104.0
110.0
150.0
195.0
122.0
120.0
148.0
126.0
125.0
123.0
162.0
156.0
246.0
140.0
144.0
121.0
111.0
106.0
154.0
111.0
127.0
184.0
331.0
121.0
170.0
151.0
184.0
115.0
133.0
113.0
176.0
172.0
140.0
99.0
99.0
143.0
212.0
204.0
130.0
134.0
123.0
297.0
131.0
208.0
114.0
102.0
208.0
98.0
137.0
333.0
131.0
171.0
96.0
123.0
205.0
258.0
126.0
167.0
124.0
243.0
449.0
40.0
261.0
101.0
119.0
130.0
186.0
114.0
106.0
281.0
130.0
160.0
163.0
113.0
112.0
146.0
142.0
186.0
302.0
150.0
235.0
222.0
295.0
136.0
124.0
162.0
164.0
241.0
109.0
122.0
94.0
107.0
500.0
121.0
182.0
112.0
368.0
108.0
103.0
170.0
127.0
405.0
165.0
180.0
184.0
126.0
32.0
78.0
113.0
265.0
149.0
218.0
112.0
128.0
80.0
147.0
130.0
188.0
129.0
313.0
221.0
257.0
116.0
129.0
117.0
114.0
394.0
228.0
120.0
312.0
305.0
119.0
110.0
208.0
212.0
148.0
112.0
500.0
118.0
130.0
109.0
119.0
158.0
116.0
97.0
100.0
154.0
131.0
168.0
411.0
138.0
236.0
243.0
100.0
95.0
187.0
132.0
110.0
131.0
178.0
219.0
211.0
207.0
324.0
139.0
225.0
233.0
105.0
133.0
116.0
135.0
119.0
161.0
439.0
227.0
101.0
148.0
125.0
110.0
178.0
129.0
184.0
186.0
116.0
203.0
120.0
144.0
161.0
179.0
139.0
127.0
110.0
102.0
137.0
144.0
135.0
182.0
188.0
246.0
159.0
167.0
227.0
145.0
96.0
179.0
199.0
199.0
130.0
119.0
136.0
349.0
324.0
132.0
186.0
106.0
266.0
176.0
282.0
202.0
146.0
167.0
127.0
103.0
203.0
174.0
344.0
180.0
237.0
310.0
142.0
270.0
191.0
106.0
135.0
131.0
111.0
91.0
238.0
121.0
119.0
185.0
195.0
151.0
137.0
107.0
114.0
124.0
250.0
166.0
287.0
218.0
143.0
162.0
242.0
101.0
146.0
125.0
307.0
117.0
113.0
113.0
126.0
120.0
139.0
196.0
250.0
190.0
108.0
173.0
222.0
151.0
111.0
120.0
198.0
125.0
99.0
227.0
116.0
82.0
135.0
126.0
159.0
103.0
140.0
156.0
160.0
135.0
112.0
119.0
270.0
141.0
148.0
148.0
148.0
221.0
93.0
100.0
204.0
104.0
197.0
353.0
152.0
92.0
180.0
315.0
87.0
184.0
174.0
128.0
211.0
129.0
92.0
224.0
152.0
87.0
223.0
238.0
91.0
94.0
109.0
163.0
299.0
238.0
357.0
90.0
123.0
184.0
134.0
140.0
205.0
185.0
122.0
105.0
203.0
146.0
108.0
162.0
126.0
149.0
144.0
219.0
102.0
176.0
128.0
134.0
105.0
359.0
107.0
119.0
125.0
96.0
111.0
94.0
142.0
120.0
243.0
140.0
98.0
166.0
125.0
170.0
250.0
395.0
184.0
317.0
237.0
105.0
199.0
315.0
116.0
133.0
110.0
148.0
105.0
118.0
144.0
149.0
105.0
112.0
114.0
284.0
203.0
136.0
106.0
125.0
150.0
144.0
234.0
141.0
191.0
200.0
150.0
104.0
500.0
195.0
296.0
142.0
89.0
147.0
109.0
165.0
113.0
142.0
215.0
162.0
138.0
382.0
243.0
151.0
293.0
112.0
154.0
180.0
232.0
208.0
122.0
125.0
88.0
118.0
177.0
365.0
160.0
99.0
131.0
340.0
194.0
107.0
239.0
118.0
179.0
139.0
99.0
115.0
312.0
167.0
161.0
224.0
141.0
124.0
98.0
95.0
183.0
138.0
83.0
163.0
99.0
142.0
115.0
107.0
133.0
299.0
242.0
147.0
93.0
125.0
238.0
156.0
100.0
222.0
252.0
136.0
120.0
136.0
119.0
161.0
106.0
104.0
132.0
104.0
165.0
204.0
331.0
132.0
85.0
140.0
172.0
123.0
157.0
125.0
167.0
159.0
178.0
158.0
184.0
90.0
109.0
121.0
139.0
90.0
230.0
110.0
171.0
196.0
88.0
128.0
134.0
151.0
125.0
124.0
124.0
173.0
261.0
92.0
233.0
144.0
98.0
219.0
221.0
305.0
239.0
500.0
195.0
144.0
124.0
129.0
163.0
123.0
124.0
90.0
114.0
206.0
92.0
282.0
213.0
190.0
143.0
103.0
204.0
291.0
138.0
92.0
86.0
185.0
226.0
138.0
263.0
120.0
121.0
196.0
90.0
165.0
287.0
100.0
102.0
171.0
122.0
114.0
221.0
213.0
96.0
186.0
142.0
144.0
200.0
103.0
149.0
210.0
148.0
134.0
259.0
101.0
206.0
99.0
110.0
128.0
305.0
92.0
106.0
236.0
299.0
308.0
234.0
286.0
145.0
107.0
102.0
112.0
305.0
190.0
102.0
120.0
105.0
269.0
207.0
326.0
99.0
87.0
133.0
134.0
142.0
228.0
249.0
254.0
169.0
116.0
145.0
117.0
120.0
158.0
500.0
194.0
142.0
193.0
169.0
158.0
152.0
155.0
153.0
187.0
144.0
146.0
98.0
210.0
111.0
275.0
233.0
140.0
134.0
140.0
154.0
139.0
134.0
119.0
122.0
175.0
106.0
182.0
156.0
126.0
125.0
122.0
180.0
143.0
318.0
105.0
201.0
158.0
359.0
142.0
371.0
142.0
98.0
120.0
96.0
100.0
130.0
101.0
134.0
374.0
139.0
303.0
150.0
90.0
271.0
96.0
196.0
122.0
102.0
136.0
188.0
255.0
126.0
269.0
172.0
106.0
184.0
131.0
192.0
209.0
153.0
111.0
207.0
100.0
184.0
145.0
116.0
122.0
160.0
184.0
500.0
133.0
110.0
111.0
140.0
388.0
174.0
116.0
375.0
275.0
170.0
173.0
104.0
119.0
336.0
135.0
318.0
354.0
119.0
197.0
337.0
107.0
130.0
86.0
155.0
128.0
244.0
176.0
152.0
113.0
153.0
245.0
175.0
145.0
500.0
227.0
150.0
171.0
98.0
156.0
331.0
112.0
209.0
148.0
249.0
133.0
183.0
264.0
379.0
272.0
234.0
128.0
97.0
116.0
109.0
160.0
104.0
127.0
216.0
290.0
281.0
123.0
213.0
397.0
211.0
128.0
246.0
120.0
109.0
149.0
148.0
117.0
186.0
118.0
137.0
134.0
100.0
174.0
99.0
262.0
101.0
220.0
260.0
117.0
114.0
294.0
138.0
151.0
139.0
108.0
137.0
138.0
210.0
127.0
168.0
113.0
124.0
257.0
140.0
114.0
205.0
88.0
150.0
114.0
111.0
112.0
38.0
170.0
160.0
124.0
252.0
145.0
338.0
500.0
188.0
197.0
231.0
125.0
282.0
109.0
158.0
203.0
107.0
105.0
143.0
236.0
262.0
111.0
98.0
109.0
227.0
194.0
152.0
157.0
121.0
108.0
109.0
36.0
124.0
105.0
467.0
231.0
164.0
317.0
122.0
255.0
127.0
107.0
175.0
154.0
246.0
260.0
318.0
149.0
409.0
201.0
177.0
464.0
202.0
197.0
197.0
205.0
116.0
137.0
210.0
116.0
196.0
224.0
110.0
305.0
126.0
137.0
136.0
128.0
106.0
106.0
114.0
148.0
157.0
110.0
210.0
125.0
144.0
189.0
203.0
149.0
161.0
223.0
133.0
118.0
222.0
102.0
166.0
115.0
132.0
136.0
154.0
156.0
164.0
201.0
163.0
272.0
100.0
145.0
160.0
102.0
126.0
107.0
131.0
125.0
203.0
185.0
237.0
169.0
176.0
114.0
158.0
155.0
137.0
144.0
173.0
291.0
226.0
122.0
136.0
103.0
110.0
145.0
184.0
162.0
102.0
325.0
355.0
114.0
500.0
135.0
237.0
242.0
290.0
138.0
274.0
214.0
130.0
365.0
199.0
136.0
162.0
330.0
95.0
139.0
170.0
108.0
183.0
158.0
323.0
95.0
135.0
169.0
100.0
176.0
106.0
139.0
117.0
143.0
310.0
126.0
264.0
136.0
105.0
100.0
146.0
196.0
335.0
101.0
216.0
165.0
293.0
151.0
117.0
183.0
184.0
235.0
122.0
119.0
143.0
159.0
116.0
310.0
288.0
155.0
111.0
146.0
163.0
301.0
153.0
196.0
115.0
147.0
112.0
183.0
101.0
232.0
283.0
132.0
123.0
130.0
203.0
98.0
164.0
137.0
226.0
124.0
117.0
155.0
101.0
221.0
159.0
165.0
124.0
216.0
164.0
158.0
225.0
200.0
127.0
280.0
146.0
106.0
156.0
185.0
142.0
151.0
219.0
173.0
166.0
173.0
112.0
127.0
152.0
115.0
115.0
153.0
121.0
313.0
238.0
159.0
313.0
104.0
129.0
158.0
173.0
284.0
210.0
141.0
136.0
143.0
500.0
102.0
388.0
175.0
184.0
209.0
120.0
200.0
281.0
241.0
277.0
113.0
156.0
124.0
206.0
97.0
254.0
315.0
117.0
196.0
110.0
347.0
138.0
116.0
110.0
280.0
500.0
142.0
155.0
166.0
177.0
104.0
124.0
109.0
183.0
110.0
126.0
262.0
175.0
158.0
173.0
115.0
129.0
244.0
133.0
141.0
345.0
122.0
166.0
148.0
139.0
97.0
237.0
142.0
246.0
142.0
225.0
104.0
241.0
101.0
106.0
275.0
138.0
131.0
138.0
114.0
208.0
147.0
247.0
201.0
400.0
202.0
118.0
153.0
293.0
117.0
500.0
130.0
330.0
105.0
182.0
278.0
105.0
92.0
196.0
104.0
255.0
174.0
95.0
375.0
177.0
102.0
70.0
103.0
153.0
70.0
157.0
252.0
292.0
102.0
151.0
230.0
253.0
228.0
134.0
326.0
77.0
500.0
84.0
336.0
140.0
165.0
239.0
93.0
178.0
206.0
122.0
131.0
161.0
256.0
109.0
115.0
73.0
223.0
119.0
79.0
78.0
156.0
139.0
210.0
292.0
110.0
98.0
201.0
77.0
101.0
99.0
121.0
358.0
103.0
154.0
143.0
214.0
106.0
119.0
107.0
136.0
168.0
127.0
151.0
110.0
135.0
182.0
160.0
184.0
116.0
98.0
266.0
123.0
200.0
369.0
127.0
102.0
118.0
194.0
192.0
123.0
158.0
122.0
97.0
152.0
266.0
301.0
265.0
244.0
101.0
500.0
136.0
142.0
140.0
176.0
108.0
173.0
110.0
269.0
135.0
177.0
152.0
112.0
131.0
169.0
178.0
414.0
203.0
132.0
215.0
106.0
215.0
175.0
256.0
115.0
188.0
197.0
138.0
149.0
130.0
162.0
284.0
128.0
272.0
137.0
148.0
109.0
121.0
165.0
351.0
145.0
137.0
136.0
96.0
224.0
181.0
248.0
123.0
125.0
128.0
167.0
134.0
97.0
495.0
163.0
171.0
161.0
111.0
234.0
109.0
197.0
90.0
124.0
122.0
168.0
166.0
132.0
116.0
99.0
133.0
105.0
145.0
216.0
270.0
112.0
166.0
150.0
161.0
104.0
174.0
65.0
97.0
122.0
135.0
352.0
104.0
228.0
228.0
134.0
218.0
224.0
149.0
156.0
254.0
146.0
141.0
143.0
101.0
244.0
203.0
358.0
168.0
122.0
137.0
121.0
266.0
131.0
118.0
321.0
102.0
96.0
134.0
150.0
135.0
101.0
140.0
86.0
116.0
122.0
215.0
192.0
281.0
167.0
407.0
273.0
113.0
128.0
129.0
260.0
137.0
170.0
160.0
281.0
87.0
85.0
85.0
144.0
134.0
207.0
92.0
117.0
161.0
240.0
144.0
196.0
190.0
206.0
159.0
285.0
99.0
155.0
177.0
121.0
111.0
172.0
136.0
110.0
365.0
111.0
152.0
373.0
147.0
214.0
112.0
148.0
134.0
146.0
179.0
219.0
145.0
192.0
96.0
172.0
239.0
109.0
195.0
138.0
105.0
208.0
110.0
248.0
112.0
118.0
108.0
155.0
107.0
136.0
287.0
109.0
115.0
175.0
139.0
130.0
106.0
296.0
153.0
106.0
269.0
400.0
119.0
144.0
236.0
163.0
105.0
74.0
142.0
95.0
113.0
108.0
135.0
112.0
122.0
126.0
104.0
219.0
146.0
123.0
223.0
169.0
159.0
136.0
500.0
261.0
139.0
69.0
142.0
153.0
260.0
172.0
211.0
105.0
173.0
140.0
395.0
125.0
207.0
240.0
113.0
146.0
220.0
186.0
217.0
185.0
153.0
113.0
256.0
180.0
119.0
129.0
169.0
123.0
218.0
107.0
208.0
132.0
123.0
126.0
151.0
308.0
270.0
122.0
152.0
225.0
244.0
159.0
117.0
265.0
256.0
203.0
108.0
144.0
116.0
262.0
304.0
112.0
352.0
209.0
130.0
82.0
165.0
100.0
178.0
130.0
99.0
210.0
178.0
178.0
108.0
162.0
163.0
130.0
132.0
125.0
245.0
236.0
185.0
175.0
136.0
232.0
169.0
175.0
157.0
198.0
225.0
500.0
79.0
217.0
168.0
111.0
162.0
154.0
151.0
203.0
172.0
184.0
406.0
224.0
352.0
166.0
146.0
416.0
155.0
108.0
180.0
150.0
102.0
108.0
139.0
125.0
238.0
122.0
161.0
185.0
123.0
210.0
138.0
277.0
171.0
163.0
157.0
172.0
150.0
135.0
181.0
341.0
128.0
101.0
132.0
130.0
135.0
102.0
164.0
233.0
164.0
205.0
188.0
159.0
129.0
113.0
188.0
151.0
331.0
133.0
224.0
130.0
143.0
81.0
238.0
160.0
298.0
127.0
135.0
247.0
187.0
120.0
189.0
77.0
109.0
218.0
78.0
184.0
94.0
122.0
146.0
159.0
223.0
155.0
162.0
154.0
107.0
239.0
83.0
115.0
216.0
110.0
307.0
233.0
219.0
238.0
249.0
136.0
260.0
126.0
196.0
269.0
133.0
143.0
197.0
354.0
321.0
118.0
182.0
251.0
135.0
179.0
403.0
500.0
234.0
253.0
99.0
209.0
500.0
159.0
405.0
254.0
124.0
500.0
413.0
500.0
500.0
500.0
500.0
100.0
346.0
140.0
390.0
87.0
195.0
500.0
500.0
207.0
298.0
173.0
301.0
500.0
361.0
144.0
500.0
176.0
500.0
500.0
312.0
279.0
43.0
209.0
73.0
40.0
319.0
268.0
162.0
321.0
116.0
157.0
500.0
109.0
34.0
150.0
58.0
166.0
13.0
134.0
272.0
500.0
500.0
176.0
201.0
348.0
341.0
300.0
242.0
183.0
500.0
359.0
394.0
128.0
323.0
263.0
500.0
130.0
500.0
195.0
95.0
338.0
247.0
292.0
259.0
222.0
153.0
225.0
292.0
500.0
27.0
135.0
194.0
234.0
500.0
307.0
225.0
423.0
330.0
34.0
250.0
216.0
500.0
342.0
230.0
116.0
65.0
210.0
214.0
125.0
247.0
500.0
98.0
500.0
327.0
155.0
201.0
234.0
106.0
136.0
500.0
232.0
160.0
29.0
391.0
500.0
92.0
190.0
260.0
500.0
500.0
500.0
245.0
500.0
165.0
333.0
321.0
500.0
164.0
227.0
216.0
109.0
500.0
500.0
157.0
189.0
186.0
141.0
155.0
117.0
205.0
500.0
144.0
249.0
500.0
155.0
220.0
156.0
381.0
291.0
287.0
166.0
314.0
251.0
160.0
126.0
300.0
500.0
500.0
197.0
500.0
500.0
274.0
500.0
122.0
253.0
146.0
311.0
207.0
500.0
63.0
500.0
500.0
336.0
151.0
284.0
267.0
412.0
246.0
500.0
170.0
262.0
343.0
328.0
202.0
144.0
500.0
385.0
346.0
336.0
192.0
248.0
407.0
500.0
500.0
339.0
300.0
268.0
500.0
500.0
310.0
116.0
500.0
177.0
151.0
500.0
216.0
500.0
500.0
500.0
236.0
172.0
333.0
136.0
244.0
272.0
244.0
500.0
139.0
237.0
500.0
362.0
364.0
225.0
301.0
158.0
192.0
500.0
500.0
500.0
270.0
167.0
145.0
500.0
500.0
500.0
240.0
500.0
300.0
211.0
500.0
336.0
121.0
150.0
183.0
238.0
500.0
500.0
182.0
500.0
500.0
204.0
258.0
191.0
369.0
500.0
256.0
337.0
500.0
253.0
500.0
500.0
500.0
154.0
242.0
500.0
318.0
181.0
256.0
331.0
373.0
333.0
134.0
152.0
500.0
258.0
327.0
294.0
500.0
134.0
354.0
500.0
500.0
313.0
500.0
308.0
500.0
500.0
500.0
320.0
500.0
283.0
399.0
220.0
500.0
339.0
500.0
130.0
500.0
500.0
220.0
150.0
500.0
171.0
500.0
238.0
500.0
500.0
500.0
155.0
386.0
276.0
202.0
163.0
500.0
147.0
121.0
169.0
500.0
139.0
120.0
500.0
193.0
500.0
158.0
177.0
149.0
205.0
217.0
385.0
233.0
141.0
500.0
500.0
190.0
120.0
334.0
260.0
392.0
500.0
248.0
248.0
500.0
128.0
161.0
500.0
193.0
337.0
500.0
145.0
376.0
239.0
500.0
268.0
250.0
197.0
139.0
313.0
385.0
500.0
500.0
291.0
140.0
500.0
500.0
187.0
500.0
235.0
500.0
343.0
279.0
315.0
500.0
367.0
500.0
500.0
101.0
245.0
288.0
244.0
232.0
167.0
500.0
299.0
156.0
126.0
500.0
409.0
263.0
500.0
144.0
284.0
209.0
163.0
264.0
245.0
500.0
191.0
223.0
207.0
230.0
259.0
500.0
126.0
299.0
243.0
158.0
146.0
222.0
169.0
500.0
158.0
160.0
162.0
500.0
214.0
319.0
164.0
274.0
253.0
168.0
186.0
500.0
179.0
500.0
350.0
500.0
242.0
500.0
500.0
228.0
278.0
470.0
130.0
202.0
500.0
500.0
473.0
369.0
240.0
283.0
320.0
327.0
500.0
235.0
281.0
240.0
180.0
252.0
202.0
138.0
277.0
249.0
370.0
443.0
250.0
216.0
500.0
137.0
500.0
500.0
427.0
183.0
500.0
242.0
500.0
272.0
332.0
484.0
500.0
239.0
354.0
204.0
500.0
143.0
221.0
237.0
134.0
257.0
344.0
224.0
500.0
280.0
353.0
187.0
275.0
500.0
208.0
125.0
350.0
500.0
448.0
260.0
38.0
368.0
500.0
500.0
240.0
500.0
500.0
151.0
156.0
157.0
258.0
372.0
158.0
188.0
271.0
194.0
276.0
500.0
500.0
152.0
285.0
253.0
178.0
385.0
328.0
299.0
216.0
331.0
151.0
332.0
138.0
280.0
124.0
500.0
261.0
126.0
500.0
244.0
201.0
450.0
500.0
269.0
150.0
246.0
500.0
268.0
152.0
233.0
342.0
500.0
500.0
216.0
340.0
152.0
236.0
500.0
380.0
341.0
243.0
252.0
261.0
152.0
500.0
261.0
322.0
500.0
340.0
500.0
500.0
500.0
253.0
285.0
354.0
368.0
500.0
315.0
446.0
399.0
219.0
500.0
270.0
168.0
500.0
440.0
500.0
144.0
257.0
186.0
172.0
246.0
273.0
262.0
257.0
253.0
207.0
252.0
500.0
339.0
274.0
500.0
132.0
500.0
232.0
275.0
247.0
500.0
293.0
260.0
259.0
500.0
330.0
195.0
500.0
233.0
157.0
189.0
500.0
260.0
461.0
469.0
186.0
150.0
255.0
200.0
135.0
235.0
129.0
500.0
200.0
328.0
500.0
147.0
205.0
500.0
240.0
398.0
30.0
210.0
500.0
119.0
123.0
142.0
326.0
500.0
500.0
190.0
334.0
380.0
286.0
243.0
236.0
265.0
138.0
251.0
112.0
241.0
438.0
500.0
500.0
227.0
348.0
500.0
500.0
329.0
500.0
500.0
500.0
489.0
500.0
271.0
500.0
319.0
130.0
500.0
248.0
247.0
234.0
500.0
175.0
269.0
246.0
500.0
500.0
170.0
341.0
178.0
272.0
500.0
287.0
500.0
174.0
362.0
369.0
145.0
136.0
199.0
500.0
344.0
500.0
286.0
141.0
500.0
208.0
346.0
151.0
226.0
500.0
399.0
235.0
500.0
205.0
248.0
241.0
423.0
154.0
189.0
84.0
500.0
231.0
137.0
198.0
358.0
118.0
120.0
276.0
234.0
158.0
209.0
173.0
229.0
220.0
269.0
500.0
480.0
125.0
500.0
500.0
500.0
194.0
119.0
327.0
500.0
500.0
500.0
500.0
156.0
285.0
223.0
430.0
134.0
271.0
468.0
387.0
318.0
243.0
131.0
500.0
500.0
118.0
163.0
120.0
344.0
148.0
143.0
275.0
241.0
500.0
319.0
242.0
221.0
500.0
256.0
201.0
345.0
291.0
500.0
272.0
211.0
192.0
194.0
234.0
208.0
119.0
500.0
176.0
244.0
121.0
208.0
360.0
405.0
500.0
250.0
335.0
201.0
500.0
325.0
336.0
163.0
114.0
239.0
182.0
500.0
474.0
500.0
149.0
258.0
306.0
195.0
500.0
137.0
500.0
391.0
157.0
204.0
264.0
307.0
158.0
226.0
263.0
322.0
245.0
204.0
36.0
500.0
331.0
500.0
239.0
134.0
217.0
500.0
500.0
206.0
308.0
356.0
500.0
209.0
500.0
124.0
500.0
500.0
500.0
176.0
500.0
416.0
269.0
136.0
123.0
122.0
232.0
174.0
302.0
166.0
157.0
319.0
483.0
500.0
152.0
362.0
224.0
33.0
75.0
236.0
206.0
500.0
500.0
342.0
500.0
222.0
500.0
313.0
328.0
138.0
178.0
500.0
225.0
234.0
218.0
162.0
500.0
167.0
155.0
273.0
149.0
500.0
251.0
443.0
500.0
137.0
242.0
297.0
120.0
173.0
182.0
173.0
456.0
290.0
263.0
191.0
272.0
500.0
500.0
196.0
143.0
289.0
204.0
179.0
179.0
175.0
500.0
189.0
246.0
302.0
395.0
500.0
149.0
127.0
500.0
154.0
243.0
195.0
312.0
142.0
95.0
359.0
500.0
204.0
329.0
240.0
165.0
500.0
500.0
215.0
500.0
154.0
500.0
174.0
154.0
500.0
92.0
223.0
326.0
410.0
500.0
212.0
296.0
256.0
500.0
170.0
500.0
378.0
126.0
314.0
204.0
269.0
242.0
500.0
223.0
357.0
500.0
156.0
500.0
299.0
166.0
359.0
292.0
403.0
500.0
168.0
232.0
500.0
199.0
460.0
246.0
277.0
500.0
290.0
155.0
176.0
500.0
500.0
144.0
500.0
127.0
145.0
500.0
421.0
156.0
312.0
304.0
126.0
500.0
301.0
234.0
241.0
192.0
259.0
314.0
118.0
150.0
242.0
228.0
113.0
280.0
300.0
500.0
316.0
175.0
171.0
180.0
255.0
500.0
243.0
196.0
198.0
500.0
437.0
121.0
500.0
208.0
500.0
500.0
387.0
148.0
500.0
198.0
135.0
257.0
283.0
267.0
393.0
125.0
244.0
337.0
289.0
155.0
273.0
155.0
249.0
148.0
133.0
154.0
227.0
368.0
168.0
500.0
276.0
168.0
162.0
225.0
348.0
500.0
224.0
500.0
500.0
500.0
188.0
204.0
179.0
160.0
215.0
186.0
500.0
220.0
500.0
500.0
169.0
146.0
500.0
274.0
236.0
500.0
500.0
352.0
500.0
247.0
165.0
187.0
245.0
275.0
154.0
500.0
143.0
176.0
319.0
167.0
500.0
132.0
112.0
500.0
226.0
225.0
500.0
180.0
248.0
500.0
196.0
126.0
276.0
158.0
149.0
500.0
134.0
416.0
231.0
500.0
353.0
452.0
175.0
344.0
175.0
132.0
276.0
328.0
242.0
259.0
268.0
500.0
337.0
134.0
193.0
231.0
236.0
500.0
318.0
500.0
158.0
500.0
500.0
500.0
230.0
500.0
402.0
500.0
277.0
157.0
473.0
372.0
121.0
125.0
218.0
187.0
239.0
248.0
132.0
146.0
333.0
273.0
168.0
371.0
500.0
366.0
500.0
117.0
500.0
184.0
500.0
356.0
219.0
222.0
155.0
290.0
223.0
411.0
242.0
343.0
500.0
500.0
313.0
216.0
375.0
297.0
320.0
228.0
500.0
108.0
234.0
233.0
500.0
500.0
500.0
500.0
128.0
277.0
144.0
229.0
451.0
361.0
173.0
500.0
242.0
200.0
310.0
116.0
347.0
274.0
500.0
247.0
500.0
199.0
500.0
500.0
461.0
247.0
239.0
500.0
204.0
233.0
160.0
244.0
500.0
204.0
241.0
358.0
158.0
170.0
151.0
500.0
500.0
261.0
500.0
328.0
500.0
188.0
222.0
467.0
264.0
150.0
230.0
231.0
153.0
250.0
233.0
379.0
256.0
500.0
500.0
136.0
183.0
163.0
240.0
216.0
406.0
500.0
216.0
225.0
258.0
165.0
217.0
500.0
336.0
500.0
496.0
500.0
500.0
495.0
500.0
219.0
189.0
281.0
317.0
500.0
326.0
500.0
500.0
158.0
263.0
313.0
209.0
240.0
153.0
206.0
234.0
234.0
500.0
500.0
263.0
500.0
232.0
500.0
221.0
243.0
258.0
304.0
287.0
500.0
380.0
288.0
287.0
207.0
227.0
500.0
137.0
500.0
169.0
280.0
500.0
319.0
373.0
130.0
244.0