20.0
9.0
10.0
14.0
13.0
9.0
11.0
12.0
10.0
10.0
9.0
10.0
13.0
9.0
9.0
10.0
11.0
10.0
10.0
10.0
13.0
13.0
9.0
9.0
13.0
12.0
14.0
11.0
11.0
12.0
11.0
9.0
11.0
14.0
11.0
20.0
14.0
19.0
15.0
11.0
15.0
22.0
14.0
25.0
23.0
20.0
23.0
11.0
9.0
14.0
22.0
24.0
30.0
19.0
26.0
15.0
9.0
20.0
15.0
23.0
13.0
13.0
9.0
11.0
8.0
22.0
26.0
14.0
14.0
44.0
63.0
13.0
17.0
25.0
15.0
36.0
14.0
42.0
74.0
54.0
40.0
40.0
25.0
67.0
45.0
41.0
10.0
21.0
46.0
94.0
44.0
73.0
56.0
10.0
47.0
72.0
96.0
64.0
91.0
10.0
49.0
45.0
71.0
42.0
26.0
45.0
75.0
93.0
73.0
80.0
81.0
148.0
74.0
154.0
111.0
121.0
59.0
136.0
83.0
373.0
231.0
139.0
148.0
171.0
248.0
72.0
178.0
191.0
163.0
81.0
102.0
162.0
129.0
196.0
88.0
135.0
127.0
92.0
209.0
102.0
133.0
189.0
187.0
92.0
232.0
303.0
138.0
99.0
274.0
145.0
126.0
189.0
201.0
178.0
136.0
114.0
305.0
195.0
259.0
114.0
187.0
131.0
227.0
174.0
270.0
139.0
248.0
155.0
168.0
151.0
250.0
259.0
347.0
84.0
230.0
212.0
264.0
261.0
225.0
329.0
225.0
325.0
249.0
230.0
197.0
268.0
208.0
195.0
217.0
222.0
294.0
223.0
393.0
290.0
364.0
200.0
220.0
346.0
313.0
311.0
267.0
408.0
424.0
197.0
206.0
73.0
241.0
248.0
282.0
324.0
397.0
256.0
233.0
280.0
289.0
292.0
213.0
278.0
338.0
416.0
310.0
320.0
245.0
245.0
278.0
319.0
380.0
364.0
331.0
286.0
349.0
360.0
416.0
369.0
314.0
295.0
339.0
275.0
364.0
272.0
344.0
363.0
381.0
329.0
340.0
487.0
377.0
401.0
336.0
323.0
488.0
365.0
347.0
438.0
410.0
377.0
500.0
432.0
371.0
347.0
403.0
341.0
339.0
374.0
407.0
435.0
387.0
367.0
371.0
325.0
350.0
353.0
293.0
377.0
311.0
307.0
378.0
350.0
459.0
361.0
389.0
352.0
331.0
387.0
454.0
382.0
270.0
473.0
315.0
327.0
310.0
330.0
500.0
329.0
405.0
323.0
500.0
402.0
468.0
345.0
381.0
500.0
339.0
289.0
293.0
378.0
452.0
337.0
398.0
399.0
348.0
419.0
295.0
497.0
351.0
400.0
402.0
401.0
500.0
335.0
500.0
500.0
372.0
334.0
430.0
451.0
407.0
361.0
305.0
357.0
365.0
453.0
500.0
319.0
291.0
367.0
382.0
454.0
254.0
313.0
402.0
347.0
395.0
370.0
398.0
365.0
417.0
347.0
384.0
473.0
312.0
356.0
473.0
500.0
358.0
500.0
287.0
349.0
315.0
331.0
500.0
360.0
345.0
333.0
286.0
366.0
416.0
411.0
406.0
484.0
383.0
429.0
492.0
500.0
391.0
500.0
459.0
355.0
441.0
447.0
394.0
441.0
423.0
288.0
377.0
500.0
209.0
432.0
403.0
352.0
332.0
425.0
500.0
370.0
500.0
384.0
464.0
260.0
376.0
198.0
450.0
134.0
317.0
500.0
122.0
327.0
390.0
117.0
171.0
282.0
200.0
352.0
500.0
194.0
131.0
197.0
176.0
500.0
188.0
157.0
241.0
500.0
208.0
270.0
132.0
500.0
320.0
306.0
130.0
500.0
143.0
121.0
159.0
500.0
124.0
167.0
500.0
293.0
167.0
179.0
140.0
435.0
133.0
266.0
211.0
500.0
242.0
151.0
500.0
249.0
297.0
192.0
266.0
242.0
202.0
409.0
219.0
391.0
500.0
197.0
157.0
500.0
273.0
231.0
404.0
500.0
466.0
220.0
271.0
300.0
363.0
476.0
500.0
254.0
326.0
228.0
208.0
281.0
251.0
251.0
342.0
437.0
269.0
307.0
436.0
215.0
465.0
109.0
121.0
352.0
314.0
147.0
500.0
193.0
345.0
225.0
414.0
260.0
341.0
411.0
300.0
127.0
242.0
254.0
500.0
446.0
292.0
291.0
210.0
334.0
299.0
463.0
362.0
500.0
313.0
397.0
406.0
192.0
442.0
288.0
344.0
500.0
401.0
403.0
53.0
462.0
500.0
484.0
500.0
500.0
500.0
500.0
500.0
206.0
500.0
500.0
105.0
294.0
450.0
500.0
491.0
500.0
500.0
437.0
492.0
215.0
500.0
452.0
444.0
500.0
70.0
156.0
336.0
110.0
61.0
186.0
377.0
180.0
74.0
44.0
77.0
37.0
500.0
500.0
35.0
500.0
74.0
355.0
500.0
46.0
175.0
218.0
500.0
52.0
500.0
139.0
347.0
500.0
54.0
57.0
47.0
500.0
222.0
500.0
302.0
174.0
500.0
500.0
233.0
51.0
500.0
500.0
500.0
337.0
151.0
51.0
112.0
500.0
500.0
500.0
500.0
49.0
500.0
97.0
500.0
500.0
500.0
500.0
47.0
500.0
53.0
500.0
76.0
500.0
481.0
164.0
51.0
95.0
500.0
355.0
500.0
47.0
500.0
50.0
237.0
142.0
500.0
500.0
57.0
53.0
500.0
500.0
47.0
345.0
71.0
500.0
43.0
97.0
500.0
500.0
252.0
57.0
55.0
230.0
500.0
500.0
431.0
500.0
500.0
279.0
500.0
500.0
500.0
500.0
190.0
500.0
63.0
500.0
65.0
500.0
500.0
500.0
438.0
500.0
500.0
238.0
500.0
500.0
190.0
500.0
446.0
500.0
432.0
235.0
390.0
500.0
500.0
500.0
500.0
500.0
500.0
500.0
500.0
500.0
500.0
500.0
500.0
500.0
500.0
500.0
500.0
500.0
500.0
500.0
500.0
60.0
500.0
500.0
500.0
500.0
500.0
500.0
500.0
500.0
500.0
500.0
235.0
500.0
500.0
500.0
500.0
92.0
500.0
500.0
500.0
500.0
500.0
332.0
500.0
500.0
500.0
438.0
500.0
500.0
500.0
500.0
500.0
500.0
315.0
500.0
500.0
500.0
500.0
309.0
500.0
500.0
438.0
392.0
500.0
318.0
445.0
500.0
500.0
500.0
495.0
500.0
500.0
500.0
500.0
468.0
404.0
500.0
359.0
500.0
260.0
369.0
500.0
469.0
317.0
500.0
500.0
500.0
500.0
311.0
500.0
500.0
500.0
500.0
500.0
500.0
387.0
209.0
500.0
316.0
500.0
314.0
500.0
450.0
500.0
398.0
500.0
407.0
500.0
500.0
204.0
482.0
500.0
356.0
210.0
217.0
500.0
500.0
500.0
421.0
500.0
461.0
500.0
336.0
500.0
224.0
420.0
500.0
500.0
500.0
500.0
500.0
500.0
500.0
308.0
500.0
191.0
500.0
500.0
500.0
220.0
435.0
500.0
500.0
446.0
374.0
500.0
318.0
425.0
500.0
500.0
500.0
500.0
257.0
195.0
317.0
250.0
264.0
337.0
500.0
500.0
238.0
380.0
500.0
500.0
500.0
500.0
306.0
430.0
500.0
392.0
476.0
500.0
310.0
500.0
500.0
500.0
500.0
500.0
500.0
314.0
500.0
500.0
306.0
500.0
500.0
199.0
500.0
347.0
216.0
500.0
213.0
335.0
307.0
478.0
441.0
382.0
500.0
319.0
500.0
500.0
500.0
382.0
500.0
435.0
500.0
500.0
500.0
500.0
500.0
413.0
462.0
344.0
500.0
500.0
500.0
500.0
455.0
500.0
500.0
500.0
316.0
338.0
432.0
418.0
434.0
446.0
341.0
386.0
387.0
274.0
361.0
417.0
364.0
316.0
420.0
386.0
500.0
351.0
371.0
440.0
500.0
500.0
500.0
401.0
391.0
312.0
322.0
391.0
500.0
481.0
387.0
483.0
407.0
500.0
405.0
392.0
457.0
348.0
416.0
460.0
426.0
392.0
355.0
365.0
377.0
287.0
425.0
288.0
381.0
396.0
380.0
371.0
298.0
341.0
249.0
289.0
65.0
224.0
270.0
252.0
265.0
301.0
298.0
289.0
265.0
272.0
105.0
298.0
259.0
371.0
290.0
250.0
242.0
248.0
242.0
222.0
247.0
275.0
237.0
283.0
258.0
313.0
297.0
271.0
265.0
273.0
280.0
244.0
308.0
314.0
265.0
290.0
271.0
288.0
342.0
265.0
279.0
77.0
313.0
295.0
264.0
71.0
91.0
93.0
157.0
145.0
68.0
83.0
75.0
91.0
113.0
95.0
171.0
343.0
95.0
123.0
99.0
83.0
79.0
93.0
129.0
100.0
101.0
82.0
75.0
82.0
77.0
72.0
135.0
338.0
87.0
112.0
152.0
75.0
108.0
121.0
160.0
88.0
94.0
89.0
127.0
100.0
170.0
84.0
79.0
126.0
139.0
76.0
78.0
97.0
139.0
118.0
87.0
191.0
131.0
194.0
95.0
148.0
249.0
153.0
160.0
147.0
82.0
143.0
98.0
112.0
159.0
168.0
340.0
130.0
103.0
261.0
106.0
160.0
198.0
109.0
147.0
168.0
135.0
185.0
132.0
241.0
133.0
218.0
166.0
275.0
348.0
137.0
131.0
150.0
264.0
162.0
278.0
308.0
237.0
218.0
166.0
151.0
80.0
188.0
229.0
249.0
196.0
215.0
253.0
315.0
301.0
175.0
239.0
140.0
162.0
214.0
208.0
171.0
194.0
143.0
318.0
178.0
178.0
181.0
320.0
242.0
213.0
166.0
201.0
252.0
82.0
255.0
223.0
188.0
89.0
376.0
188.0
157.0
234.0
133.0
289.0
145.0
256.0
214.0
149.0
121.0
82.0
278.0
166.0
227.0
156.0
243.0
194.0
109.0
133.0
176.0
249.0
179.0
141.0
158.0
152.0
136.0
173.0
248.0
175.0
112.0
120.0
129.0
97.0
118.0
174.0
173.0
87.0
155.0
275.0
168.0
104.0
201.0
81.0
158.0
131.0
101.0
223.0
190.0
198.0
211.0
145.0
133.0
180.0
195.0
171.0
207.0
202.0
149.0
133.0
138.0
173.0
153.0
175.0
129.0
153.0
173.0
206.0
210.0
119.0
198.0
144.0
128.0
236.0
133.0
176.0
175.0
113.0
208.0
151.0
119.0
99.0
179.0
271.0
157.0
142.0
172.0
171.0
101.0
95.0
95.0
125.0
159.0
123.0
101.0
107.0
103.0
103.0
128.0
286.0
105.0
201.0
97.0
186.0
188.0
205.0
177.0
166.0
109.0
95.0
115.0
168.0
102.0
117.0
122.0
112.0
179.0
105.0
170.0
109.0
169.0
133.0
134.0
102.0
102.0
207.0
100.0
97.0
109.0
109.0
112.0
106.0
100.0
119.0
150.0
172.0
112.0
176.0
300.0
215.0
108.0
105.0
112.0
100.0
153.0
156.0
133.0
123.0
132.0
214.0
99.0
147.0
230.0
117.0
212.0
197.0
163.0
108.0
168.0
124.0
137.0
172.0
144.0
145.0
217.0
107.0
242.0
188.0
101.0
159.0
217.0
113.0
115.0
211.0
155.0
114.0
124.0
145.0
157.0
192.0
144.0
157.0
152.0
202.0
240.0
122.0
166.0
179.0
146.0
124.0
142.0
171.0
145.0
173.0
214.0
136.0
212.0
112.0
136.0
150.0
128.0
151.0
311.0
207.0
128.0
210.0
148.0
153.0
141.0
123.0
185.0
211.0
145.0
171.0
177.0
128.0
132.0
135.0
194.0
152.0
140.0
129.0
124.0
165.0
125.0
131.0
159.0
225.0
143.0
194.0
192.0
170.0
147.0
189.0
128.0
243.0
187.0
152.0
189.0
132.0
212.0
224.0
193.0
208.0
147.0
125.0
161.0
139.0
131.0
161.0
131.0
139.0
200.0
145.0
201.0
173.0
203.0
120.0
166.0
183.0
176.0
120.0
110.0
127.0
181.0
123.0
185.0
215.0
122.0
149.0
148.0
130.0
199.0
139.0
123.0
131.0
122.0
130.0
153.0
144.0
217.0
152.0
145.0
163.0
127.0
124.0
157.0
162.0
146.0
156.0
143.0
154.0
189.0
175.0
172.0
197.0
156.0
177.0
218.0
269.0
195.0
113.0
114.0
128.0
219.0
146.0
119.0
176.0
145.0
136.0
169.0
107.0
187.0
133.0
204.0
110.0
153.0
172.0
113.0
160.0
101.0
242.0
105.0
103.0
206.0
132.0
125.0
175.0
137.0
147.0
198.0
120.0
104.0
139.0
116.0
159.0
207.0
128.0
91.0
101.0
148.0
101.0
111.0
125.0
183.0
142.0
94.0
126.0
166.0
155.0
175.0
125.0
131.0
122.0
178.0
86.0
136.0
176.0
235.0
97.0
71.0
222.0
86.0
126.0
145.0
116.0
209.0
149.0
159.0
203.0
78.0
75.0
76.0
201.0
137.0
89.0
143.0
166.0
60.0
68.0
132.0
87.0
119.0
57.0
162.0
73.0
145.0
134.0
130.0
111.0
168.0
124.0
178.0
112.0
51.0
136.0
107.0
90.0
69.0
55.0
103.0
45.0
54.0
47.0
56.0
74.0
51.0
120.0
57.0
88.0
29.0
83.0
40.0
103.0
78.0
42.0
98.0
31.0
82.0
64.0
65.0
84.0
131.0
66.0
38.0
101.0
98.0
72.0
69.0
55.0
37.0
26.0
42.0
74.0
65.0
67.0
109.0
65.0
45.0
35.0
28.0
39.0
29.0
60.0
50.0
78.0
22.0
103.0
104.0
29.0
152.0
40.0
85.0
23.0
108.0
113.0
18.0
129.0
15.0
20.0
22.0
21.0
18.0
20.0
18.0
16.0
18.0
18.0
38.0
102.0
23.0
10.0
14.0
64.0
69.0
49.0
38.0
111.0
27.0
127.0
121.0
123.0
16.0
53.0
93.0
79.0
14.0
24.0
114.0
126.0
150.0
11.0
123.0
26.0
157.0
14.0
12.0
180.0
166.0
10.0
141.0
125.0
134.0
10.0
210.0
115.0
87.0
144.0
123.0
10.0
164.0
10.0
158.0
200.0
44.0
145.0
128.0
39.0
139.0
131.0
133.0
146.0
38.0
187.0
181.0
10.0
40.0
235.0
151.0
105.0
182.0
66.0
205.0
49.0
45.0
269.0
273.0
272.0
313.0
274.0
76.0
221.0
236.0
150.0
132.0
115.0
144.0
198.0
39.0
160.0
170.0
104.0
127.0
71.0
85.0
71.0
134.0
42.0
46.0
124.0
77.0
83.0
235.0
98.0
62.0
89.0
251.0
68.0
99.0
443.0
50.0
140.0
413.0
75.0
98.0
494.0
125.0
107.0
134.0
500.0
15.0
81.0
105.0
500.0
110.0
61.0
11.0
47.0
27.0
94.0
138.0
57.0
129.0
40.0
269.0
70.0
43.0
136.0
164.0
103.0
500.0
75.0
500.0
500.0
101.0
500.0
500.0
116.0
180.0
96.0
77.0
157.0
468.0
500.0
500.0
386.0
439.0
131.0
382.0
288.0
433.0
500.0
456.0
321.0
468.0
360.0
128.0
85.0
442.0
303.0
193.0
119.0
500.0
207.0
138.0
395.0
74.0
189.0
97.0
206.0
500.0
422.0
500.0
500.0
500.0
309.0
500.0
500.0
500.0
445.0
500.0
328.0
500.0
500.0
500.0
199.0
432.0
332.0
356.0
490.0
500.0
500.0
378.0
449.0
500.0
409.0
163.0
89.0
223.0
430.0
475.0
472.0
496.0
343.0
358.0
144.0
118.0
477.0
391.0
500.0
241.0
68.0
477.0
461.0
500.0
465.0
318.0
500.0
500.0
408.0
500.0
388.0
500.0
43.0
38.0
181.0
76.0
45.0
48.0
87.0
80.0
300.0
155.0
117.0
44.0
111.0
274.0
40.0
318.0
278.0
336.0
251.0
281.0
368.0
432.0
441.0
36.0
85.0
79.0
217.0
311.0
133.0
317.0
260.0
227.0
186.0
266.0
348.0
294.0
253.0
301.0
134.0
80.0
332.0
293.0
353.0
320.0
414.0
129.0
305.0
121.0
411.0
390.0
381.0
500.0
391.0
265.0
500.0
377.0
362.0
203.0
311.0
452.0
312.0
453.0
417.0
399.0
275.0
156.0
326.0
343.0
369.0
171.0
281.0
382.0
170.0
152.0
343.0
353.0
270.0
416.0
333.0
151.0
353.0
363.0
43.0
371.0
356.0
296.0
344.0
366.0
292.0
147.0
295.0
311.0
278.0
444.0
386.0
297.0
500.0
123.0
97.0
33.0
311.0
180.0
125.0
368.0
153.0
229.0
75.0
66.0
43.0
58.0
142.0
145.0
172.0
122.0
391.0
99.0
44.0
55.0
154.0
127.0
138.0
104.0
59.0
309.0
198.0
36.0
10.0
126.0
108.0
54.0
328.0
113.0
125.0
233.0
112.0
321.0
43.0
120.0
500.0
315.0
190.0
102.0
178.0
99.0
174.0
77.0
96.0
146.0
135.0
423.0
96.0
131.0
119.0
57.0
122.0
107.0
59.0
121.0
124.0
107.0
265.0
66.0
55.0
48.0
60.0
418.0
343.0
121.0
81.0
253.0
110.0
187.0
26.0
156.0
147.0
231.0
171.0
117.0
70.0
203.0
24.0
221.0
100.0
57.0
332.0
62.0
47.0
423.0
40.0
329.0
500.0
201.0
298.0
210.0
495.0
215.0
89.0
430.0
138.0
126.0
500.0
500.0
267.0
464.0
248.0
312.0
266.0
400.0
414.0
41.0
380.0
133.0
271.0
132.0
73.0
138.0
500.0
183.0
443.0
500.0
59.0
355.0
500.0
377.0
97.0
275.0
308.0
258.0
102.0
163.0
32.0
233.0
209.0
69.0
210.0
116.0
163.0
82.0
247.0
98.0
244.0
44.0
156.0
57.0
137.0
173.0
37.0
51.0
76.0
154.0
194.0
117.0
78.0
184.0
214.0
121.0
62.0
107.0
497.0
282.0
75.0
186.0
325.0
63.0
500.0
447.0
215.0
149.0
292.0
100.0
117.0
150.0
215.0
217.0
186.0
56.0
221.0
12.0
352.0
500.0
234.0
173.0
340.0
455.0
167.0
442.0
156.0
102.0
147.0
56.0
136.0
162.0
204.0
151.0
86.0
199.0
154.0
188.0
500.0
500.0
158.0
200.0
500.0
286.0
500.0
500.0
500.0
160.0
273.0
222.0
500.0
260.0
500.0
125.0
159.0
500.0
126.0
500.0
500.0
206.0
188.0
66.0
493.0
500.0
150.0
500.0
500.0
471.0
500.0
130.0
498.0
183.0
500.0
238.0
211.0
494.0
500.0
120.0
139.0
362.0
192.0
500.0
500.0
500.0
500.0
500.0
463.0
500.0
500.0
500.0
500.0
500.0
500.0
500.0
500.0
500.0
500.0
500.0
500.0
469.0
484.0
172.0
500.0
500.0
174.0
500.0
500.0
500.0
500.0
500.0
500.0
498.0
500.0
500.0
500.0
500.0
500.0
500.0
500.0
500.0
500.0
500.0
500.0
172.0
500.0
485.0
500.0
436.0
441.0
140.0
500.0
500.0
488.0
500.0
245.0
500.0
500.0
500.0
500.0
500.0
470.0
500.0
500.0
500.0
461.0
500.0
500.0
500.0
500.0
500.0
500.0
125.0
500.0
500.0
464.0
500.0
500.0
500.0
500.0
500.0
500.0
223.0
500.0
214.0
500.0
500.0
500.0
254.0
324.0
500.0
500.0
500.0
500.0
500.0
500.0
500.0
500.0
500.0
500.0
500.0
500.0
500.0
500.0
500.0
500.0
500.0
500.0
500.0
500.0
180.0
500.0
500.0
500.0
452.0
500.0
500.0
500.0
500.0
500.0
500.0
500.0
500.0
500.0
500.0
500.0
500.0
500.0
500.0
500.0
500.0
500.0
500.0
500.0
500.0
500.0
500.0
500.0
500.0
500.0
500.0
500.0
191.0
500.0
500.0
500.0
500.0
297.0
228.0
168.0
500.0
500.0
500.0
500.0
500.0
387.0
500.0
500.0
500.0
201.0
500.0
500.0
500.0
500.0
500.0
500.0
500.0
500.0
500.0
500.0
500.0
500.0
500.0
500.0
500.0
500.0
500.0
500.0
500.0
500.0
500.0
500.0
500.0
500.0
500.0
500.0
500.0
500.0
500.0
500.0
500.0
500.0
500.0
500.0
500.0
500.0
500.0
500.0
500.0
500.0
500.0
500.0
500.0
500.0
500.0
500.0
500.0
500.0
500.0
500.0
500.0
500.0
500.0
500.0
428.0
500.0
500.0
500.0
500.0
500.0
113.0
500.0
500.0
500.0
500.0
500.0
242.0
500.0
500.0
500.0
500.0
500.0
500.0
500.0
189.0
500.0
500.0
500.0
500.0
500.0
500.0
500.0
500.0
500.0
500.0
500.0
500.0
500.0
500.0
500.0
500.0
500.0
334.0
500.0
500.0
180.0
500.0
500.0
500.0
500.0
500.0
500.0
500.0
500.0
500.0
500.0
500.0
303.0
132.0
500.0
500.0
500.0
500.0
500.0
500.0
500.0
500.0
500.0
500.0
227.0
500.0
500.0
500.0
500.0
500.0
500.0
500.0
500.0
500.0
500.0
500.0
500.0
500.0
500.0
500.0
500.0
500.0
500.0
500.0
500.0
500.0
500.0
500.0
500.0
500.0
500.0
500.0
500.0
500.0
406.0
500.0
500.0
500.0
500.0
500.0
500.0
500.0
500.0
500.0
500.0
500.0
500.0
133.0
500.0
500.0
500.0
500.0
500.0
500.0
500.0
500.0
500.0
500.0
500.0
500.0
500.0
500.0
500.0
500.0
500.0
500.0
500.0
500.0
500.0
500.0
500.0
500.0
500.0
500.0
500.0
500.0
500.0
500.0
405.0
500.0
500.0
500.0
423.0
500.0
500.0
500.0
500.0
500.0
500.0
500.0
500.0
500.0
500.0
500.0
500.0
177.0
423.0
500.0
500.0
500.0
500.0
500.0
500.0
500.0
500.0
500.0
500.0
500.0
500.0
500.0
500.0
500.0
347.0
500.0
500.0
500.0
500.0
500.0
500.0
500.0
500.0
500.0
500.0
500.0
500.0
500.0
500.0
500.0
500.0
500.0
500.0
500.0
500.0
500.0
500.0
137.0
500.0
500.0
500.0
500.0
500.0
500.0
500.0
500.0
500.0
500.0
500.0
500.0
500.0
500.0
500.0
500.0
500.0
500.0
500.0
500.0
143.0
500.0
500.0
500.0
500.0
500.0
500.0
500.0
500.0
500.0
500.0
500.0
500.0
500.0
500.0
500.0
500.0
500.0
500.0
500.0
500.0
500.0
500.0
500.0
500.0
500.0
500.0
500.0
153.0
500.0
500.0
500.0
500.0
500.0
143.0
500.0
500.0
500.0
500.0
500.0
500.0
500.0
500.0
500.0
500.0
500.0
500.0
212.0
500.0
500.0
500.0
500.0
500.0
500.0
500.0
500.0
500.0
500.0
500.0
270.0
500.0
500.0
500.0
500.0
500.0
500.0
500.0
500.0
500.0
500.0
500.0
500.0
500.0
500.0
500.0
500.0
500.0
500.0
500.0
500.0
500.0
500.0
500.0
500.0
500.0
500.0
500.0
500.0
500.0
500.0
500.0
500.0
500.0
500.0
500.0
500.0
500.0
159.0
500.0
165.0
500.0
228.0
500.0
500.0
500.0
500.0
500.0
500.0
500.0
500.0
500.0
500.0
500.0
500.0
500.0
500.0
500.0
500.0
152.0
500.0
500.0
500.0
500.0
500.0
500.0
500.0
500.0
500.0
500.0
500.0
500.0
500.0
500.0
500.0
500.0
500.0
500.0
500.0
500.0
500.0
500.0
500.0
500.0
500.0
500.0
500.0
500.0
500.0
500.0
500.0
164.0
500.0
500.0
500.0
500.0
500.0
500.0
500.0
500.0
500.0
500.0
500.0
500.0
467.0
500.0
500.0
175.0
500.0
500.0
500.0
500.0
500.0
500.0
500.0
500.0
500.0
500.0
500.0
500.0
500.0
171.0
500.0
500.0
500.0
500.0
500.0
500.0
500.0
241.0
500.0
500.0
500.0
500.0
500.0
500.0
500.0
500.0
500.0
500.0
500.0
500.0
500.0
500.0
500.0
500.0
500.0
500.0
500.0
500.0
500.0
500.0
500.0
500.0
500.0
500.0
500.0
500.0
500.0
500.0
403.0
500.0
500.0
500.0
500.0
500.0
500.0
500.0
500.0
175.0
500.0
500.0
500.0
500.0
500.0
500.0
500.0
500.0
500.0
500.0
500.0
500.0
500.0
500.0
500.0
500.0
500.0
500.0
500.0
500.0
189.0
500.0
500.0
500.0
500.0
500.0
500.0
500.0
500.0
500.0
500.0
500.0
500.0
500.0
500.0
445.0
500.0
500.0
500.0
500.0
500.0
500.0
500.0
500.0
500.0
500.0
500.0
500.0
500.0
500.0
500.0
500.0
500.0
500.0
500.0
500.0
500.0
500.0
500.0
500.0
500.0
500.0
209.0
500.0
500.0
367.0
500.0
500.0
384.0
186.0
500.0
500.0
500.0
500.0
500.0
500.0
500.0
500.0
500.0
500.0
500.0
500.0
500.0
500.0
500.0
500.0
500.0
500.0
500.0
500.0
500.0
500.0
500.0
500.0
500.0
500.0
500.0
221.0
500.0
500.0
500.0
500.0
500.0
500.0
500.0
500.0
500.0
500.0
500.0
500.0
500.0
500.0
500.0
500.0
500.0
500.0
500.0
430.0
500.0
500.0
500.0
373.0
500.0
500.0
500.0
500.0
500.0
500.0
500.0
162.0
500.0
500.0
500.0
305.0
255.0
500.0
500.0
500.0
500.0
500.0
500.0
500.0
500.0
500.0
500.0
500.0
500.0
500.0
500.0
500.0
500.0
500.0
500.0
500.0
500.0
500.0
500.0
500.0
215.0
395.0
500.0
500.0
500.0
500.0
500.0
500.0
500.0
500.0
500.0
500.0
500.0
500.0
500.0
500.0
500.0
500.0
500.0
500.0
241.0
500.0
500.0
500.0
500.0
500.0
500.0
500.0
500.0
500.0
500.0
500.0
500.0
500.0
500.0
500.0
500.0
500.0
363.0
500.0
500.0
500.0
500.0
500.0
500.0
500.0
500.0
271.0
500.0
500.0
500.0
500.0
289.0
500.0
500.0
500.0
355.0
500.0
500.0
500.0
500.0
500.0
500.0
283.0
500.0
500.0
500.0
500.0
465.0
500.0
500.0
500.0
382.0
500.0
500.0
500.0
500.0
500.0
500.0
500.0
500.0
500.0
500.0
500.0
500.0
500.0
500.0
500.0
500.0
500.0
500.0
500.0
500.0
500.0
500.0
500.0
500.0
500.0
500.0
500.0
500.0
500.0
500.0
500.0
500.0
500.0
500.0
500.0
500.0
264.0
500.0
500.0
500.0
500.0
500.0
500.0
500.0
500.0
500.0
167.0
500.0
500.0
500.0
500.0
500.0
500.0
500.0
500.0
500.0
500.0
500.0
500.0
500.0
500.0
500.0
500.0
500.0
500.0
500.0
470.0
500.0
500.0
500.0
500.0
500.0
500.0
500.0
500.0
500.0
500.0
500.0
500.0
500.0
500.0
500.0
500.0
500.0
500.0
500.0
500.0
500.0
500.0
500.0
500.0
500.0
500.0
500.0
500.0
500.0
500.0
500.0
500.0
500.0
500.0
500.0
500.0
500.0
500.0
500.0
500.0
500.0
500.0
500.0
500.0
500.0
500.0
500.0
500.0
227.0
500.0
500.0
500.0
500.0
500.0
500.0
500.0
500.0
184.0
439.0
216.0
500.0
500.0
500.0
500.0
500.0
500.0
500.0
421.0
500.0
500.0
500.0
500.0
500.0
500.0
500.0
500.0
500.0
500.0
500.0
500.0
500.0
500.0
500.0
500.0
500.0
500.0
500.0
500.0
280.0
500.0
500.0
500.0
500.0
500.0
500.0
500.0
500.0
493.0
500.0
500.0
500.0
500.0
500.0
500.0
500.0
500.0
500.0
500.0
500.0
500.0
500.0
500.0
500.0
500.0
500.0
500.0
500.0
500.0
500.0
500.0
500.0
500.0
500.0
500.0
326.0
500.0
500.0
500.0
500.0
500.0
500.0
500.0
500.0
500.0
500.0
500.0
500.0
500.0
500.0
500.0
500.0
500.0
500.0
500.0
500.0
500.0
500.0
500.0
500.0
500.0
500.0
500.0
500.0
500.0
500.0
500.0
500.0
500.0
500.0
500.0
500.0
500.0
500.0
500.0
500.0
500.0
500.0
500.0
500.0
500.0
500.0
500.0
227.0
500.0
500.0
500.0
500.0
500.0
500.0
500.0
500.0
128.0
500.0
500.0
500.0
500.0
500.0
500.0
500.0
500.0
500.0
500.0
500.0
500.0
500.0
500.0
161.0
500.0
500.0
500.0
500.0
500.0
500.0
500.0
500.0
500.0
136.0
500.0
500.0
500.0
500.0
500.0
500.0
500.0
500.0
500.0
369.0
500.0
500.0
500.0
500.0
500.0
362.0
500.0
500.0
500.0
186.0
500.0
500.0
500.0
500.0
500.0
500.0
500.0
500.0
500.0
500.0
500.0
500.0
500.0
233.0
500.0
500.0
500.0
500.0
500.0
500.0
500.0
500.0
500.0
500.0
500.0
500.0
500.0
500.0
500.0
500.0
500.0
500.0
500.0
500.0
500.0
500.0
500.0
500.0
500.0
500.0
500.0
500.0
500.0
500.0
500.0
500.0
500.0
500.0
135.0
500.0
150.0
500.0
454.0
500.0
500.0
196.0
158.0
500.0
500.0
500.0
500.0
500.0
500.0
500.0
500.0
500.0
220.0
500.0
500.0
500.0
500.0
500.0
500.0
500.0
500.0
500.0
500.0
500.0
500.0
436.0
500.0
500.0
500.0
500.0
500.0
500.0
500.0
500.0
500.0
500.0
500.0
500.0
500.0
500.0
500.0
500.0
500.0
500.0
500.0
258.0
500.0
500.0
500.0
500.0
500.0
500.0
500.0
500.0
500.0
500.0
500.0
500.0
500.0
500.0
500.0
500.0
500.0
500.0
500.0
500.0
500.0
500.0
500.0
500.0
500.0
500.0
500.0
500.0
500.0
500.0
500.0
500.0
500.0
500.0
500.0
500.0
500.0
221.0
417.0
500.0
500.0
500.0
500.0
500.0
500.0
500.0
500.0
500.0
500.0
500.0
500.0
500.0
500.0
500.0
500.0
458.0
500.0
500.0
500.0
500.0
500.0
500.0
500.0
500.0
500.0
500.0
500.0
500.0
500.0
500.0
242.0
500.0
500.0
500.0
500.0
500.0
500.0
500.0
500.0
253.0
500.0
500.0
500.0
500.0
500.0
153.0
500.0
500.0
500.0
500.0
500.0
500.0
500.0
500.0
500.0
500.0
500.0
500.0
191.0
500.0
500.0
500.0
500.0
500.0
500.0
500.0
500.0
500.0
500.0
500.0
500.0
200.0
500.0
500.0
500.0
420.0
500.0
360.0
500.0
500.0
500.0
500.0
500.0
500.0
500.0
500.0
500.0
500.0
500.0
500.0
500.0
500.0
500.0
500.0
500.0
500.0
500.0
500.0
500.0
500.0
500.0
500.0
500.0
500.0
500.0
406.0
500.0
500.0
500.0
500.0
500.0
500.0
500.0
500.0
500.0
500.0
500.0
500.0
500.0
500.0
468.0
500.0
500.0
500.0
500.0
500.0
500.0
500.0
500.0
500.0
500.0
500.0
500.0
500.0
500.0
500.0
500.0
500.0
500.0
500.0
500.0
384.0
500.0
500.0
500.0
500.0
500.0
500.0
500.0
500.0
500.0
500.0
500.0
500.0
500.0
500.0
500.0
500.0
500.0
500.0
500.0
500.0
500.0
500.0
288.0
500.0
500.0
500.0
500.0
500.0
500.0
500.0
500.0
500.0
500.0
500.0
500.0
500.0
500.0
500.0
500.0
500.0
500.0
500.0
500.0
500.0
500.0
500.0
500.0
500.0
500.0
500.0
500.0
500.0
500.0
500.0
500.0
500.0
154.0
500.0
500.0
500.0
500.0
500.0
500.0
500.0
500.0
500.0
500.0
500.0
500.0
500.0
500.0
500.0
500.0
500.0
500.0
500.0
500.0
500.0
254.0
500.0
500.0
500.0
500.0
500.0
500.0
500.0
500.0
500.0
500.0
500.0
500.0
500.0
500.0
500.0
500.0
500.0
500.0
500.0
500.0
500.0
500.0
500.0
500.0
500.0
500.0
154.0
500.0
500.0
500.0
500.0
500.0
500.0
500.0
500.0
500.0
500.0
500.0
500.0
500.0
500.0
500.0
500.0
500.0
500.0
500.0
500.0
500.0
500.0
500.0
500.0
500.0
500.0
500.0
500.0
500.0
500.0
500.0
500.0
500.0
500.0
500.0
500.0
500.0
500.0
500.0
500.0
500.0
500.0
500.0
500.0
500.0
500.0
500.0
500.0
500.0
500.0
500.0
500.0
500.0
500.0
500.0
500.0
500.0
500.0
500.0
500.0
500.0
500.0
500.0
500.0
500.0
500.0
500.0
500.0
500.0
500.0
500.0
215.0
500.0
500.0
500.0
500.0
500.0
500.0
500.0
500.0
500.0
500.0
158.0
500.0
500.0
500.0
500.0
500.0
500.0
459.0
500.0
500.0
500.0
168.0
500.0
500.0
500.0
500.0
500.0
500.0
500.0
500.0
500.0
500.0
500.0
500.0
500.0
500.0
500.0
500.0
500.0
500.0
500.0
500.0
500.0
500.0
500.0
500.0
500.0
500.0
500.0
500.0
500.0
500.0
500.0
500.0
500.0
500.0
500.0
500.0
500.0
500.0
464.0
500.0
500.0
500.0
500.0
500.0
422.0
500.0
500.0
176.0
500.0
500.0
500.0
500.0
500.0
500.0
500.0
266.0
500.0
500.0
500.0
500.0
141.0
500.0
500.0
500.0
500.0
500.0
500.0
500.0
500.0
500.0
500.0
500.0
500.0
500.0
500.0
500.0
500.0
500.0
500.0
500.0
500.0
500.0
500.0
500.0
500.0
500.0
500.0
500.0
500.0
500.0
500.0
500.0
500.0
500.0
500.0
500.0
500.0
500.0
500.0
500.0
500.0
457.0
500.0
500.0
500.0
500.0
500.0
500.0
500.0
500.0
500.0
500.0
500.0
500.0
500.0
500.0
500.0
500.0
500.0
500.0
500.0
500.0
500.0
500.0
500.0
500.0
500.0
500.0
500.0
500.0
500.0
500.0
500.0
500.0
222.0
500.0
500.0
500.0
500.0
500.0
500.0
500.0
500.0
500.0
447.0
500.0
500.0
500.0
500.0
291.0
268.0
500.0
500.0
500.0
500.0
500.0
500.0
500.0
500.0
500.0
500.0
500.0
500.0
500.0
500.0
500.0
500.0
500.0
500.0
500.0
500.0
500.0
500.0
500.0
500.0
500.0
500.0
500.0
500.0
500.0
500.0
500.0
500.0
500.0
500.0
500.0
500.0
500.0
500.0
500.0
500.0
500.0
500.0
500.0
500.0
500.0
500.0
500.0
500.0
500.0
500.0
500.0
500.0
500.0
390.0
500.0
500.0
500.0
500.0
500.0
500.0
248.0
500.0
500.0
500.0
500.0
303.0
500.0
500.0
500.0
500.0
213.0
500.0
500.0
500.0
500.0
500.0
500.0
500.0
500.0
500.0
500.0
500.0
500.0
500.0
500.0
500.0
500.0
500.0
500.0
500.0
500.0
500.0
500.0
500.0
500.0
500.0
500.0
500.0
500.0
500.0
500.0
500.0
500.0
500.0
500.0
500.0
500.0
500.0
500.0
500.0
500.0
500.0
500.0
500.0
500.0
500.0
500.0
500.0
500.0
500.0
500.0
500.0
500.0
500.0
500.0
500.0
500.0
500.0
500.0
500.0
500.0
500.0
500.0
500.0
500.0
500.0
500.0
500.0
500.0
500.0
500.0
500.0
500.0
500.0
500.0
500.0
500.0
500.0
500.0
500.0
500.0
500.0
500.0
500.0
500.0
500.0
500.0
500.0
500.0
500.0
500.0
500.0
500.0
500.0
500.0
500.0
500.0
500.0
500.0
500.0
500.0
500.0
500.0
500.0
500.0
500.0
500.0
252.0
500.0
500.0
500.0
500.0
500.0
500.0
500.0
500.0
500.0
500.0
500.0
500.0
500.0
500.0
500.0
500.0
500.0
500.0
500.0
500.0
500.0
500.0
500.0
500.0
500.0
500.0
500.0
500.0
500.0
500.0
500.0
500.0
500.0
500.0
500.0
500.0
500.0
500.0
500.0
500.0
500.0
500.0
500.0
500.0
500.0
500.0
500.0
500.0
500.0
500.0
500.0
500.0
500.0
500.0
500.0
500.0
500.0
500.0
500.0
500.0
500.0
500.0
500.0
500.0
500.0
500.0
500.0
500.0
500.0
500.0
500.0
500.0
500.0
500.0
500.0
500.0
500.0
500.0
500.0
500.0
500.0
500.0
500.0
500.0
500.0
500.0
500.0
500.0
500.0
500.0
500.0
500.0
500.0
500.0
500.0
500.0
500.0
500.0
500.0
500.0
500.0
500.0
500.0
500.0
500.0
500.0
500.0
500.0
500.0
500.0
500.0
500.0
500.0
500.0
500.0
500.0
500.0
500.0
500.0
500.0
500.0
500.0
500.0
500.0
500.0
500.0
500.0
500.0
500.0
500.0
500.0
500.0
500.0
500.0
500.0
500.0
500.0
500.0
500.0
500.0
500.0
500.0
500.0
500.0
500.0
500.0
500.0
500.0
500.0
500.0
500.0
500.0
500.0
500.0
500.0
500.0
500.0
500.0
500.0
500.0
500.0
500.0
500.0
500.0
500.0
500.0
500.0
500.0
500.0
500.0
500.0
500.0
500.0
500.0
500.0
500.0
500.0
500.0
500.0
500.0
500.0
500.0
500.0
500.0
500.0
500.0
500.0
500.0
500.0
500.0
500.0
500.0
500.0
500.0
500.0
500.0
500.0
500.0
500.0
500.0
500.0
500.0
500.0
500.0
500.0
500.0
500.0
500.0
500.0
500.0
500.0
500.0
258.0
500.0
500.0
500.0
500.0
500.0
500.0
500.0
500.0
500.0
500.0
500.0
500.0
500.0
500.0
500.0
500.0
500.0
500.0
500.0
500.0
500.0
500.0
500.0
500.0
500.0
500.0
500.0
500.0
500.0
500.0
500.0
500.0
500.0
500.0
500.0
500.0
500.0
500.0
500.0
500.0
500.0
500.0
500.0
500.0
500.0
500.0
500.0
500.0
500.0
500.0
500.0
500.0
500.0
500.0
500.0
500.0
500.0
500.0
500.0
500.0
500.0
500.0
500.0
500.0
500.0
500.0
500.0
500.0
500.0
500.0
500.0
500.0
500.0
500.0
500.0
500.0
500.0
500.0
500.0
500.0
500.0
500.0
500.0
500.0
500.0
500.0
500.0
500.0
500.0
500.0
500.0
500.0
500.0
500.0
500.0
500.0
500.0
500.0
500.0
500.0
397.0
500.0
500.0
500.0
500.0
500.0
500.0
500.0
500.0
500.0
500.0
500.0
500.0
500.0
500.0
500.0
500.0
500.0
500.0
500.0
500.0
500.0
500.0
500.0
500.0
500.0
500.0
500.0
500.0
500.0
500.0
500.0
500.0
500.0
500.0
500.0
500.0
500.0
500.0
500.0
500.0
500.0
500.0
500.0
500.0
500.0
500.0
500.0
500.0
500.0
500.0
500.0
500.0
500.0
500.0
500.0
500.0
500.0
500.0
500.0
500.0
500.0
500.0
500.0
500.0
500.0
500.0
500.0
500.0
500.0
500.0
500.0
500.0
500.0
500.0
500.0
500.0
500.0
500.0
500.0
500.0
500.0
500.0
500.0
500.0
500.0
500.0
500.0
500.0
500.0
500.0
500.0
500.0
500.0
500.0
500.0
500.0
500.0
500.0
500.0
500.0
500.0
500.0
500.0
500.0
500.0
500.0
500.0
500.0
500.0
500.0
500.0
500.0
500.0
500.0
500.0
500.0
500.0
500.0
500.0
500.0
500.0
500.0
500.0
500.0
500.0
500.0
500.0
500.0
500.0
500.0
500.0
500.0
500.0
500.0
500.0
500.0
500.0
500.0
500.0
500.0
500.0
500.0
500.0
500.0
500.0
500.0
500.0
500.0
500.0
500.0
500.0
500.0
500.0
500.0
500.0
500.0
500.0
500.0
500.0
500.0
500.0
500.0
500.0
500.0
500.0
500.0
500.0
500.0
500.0
500.0
500.0
500.0
500.0
500.0
500.0
500.0
500.0
500.0
500.0
500.0
500.0
500.0
500.0
500.0
500.0
500.0
500.0
500.0
500.0
500.0
500.0
500.0
500.0
500.0
500.0
500.0
500.0
500.0
500.0
500.0
500.0
500.0
500.0
500.0
500.0
500.0
500.0
500.0
500.0
500.0
500.0
500.0
500.0
500.0
500.0
372.0
500.0
500.0
500.0
500.0
500.0
500.0
500.0
500.0
500.0
500.0
500.0
500.0
500.0
500.0
500.0
500.0
500.0
500.0
500.0
500.0
500.0
500.0
500.0
500.0
500.0
500.0
500.0
500.0
500.0
500.0
500.0
500.0
500.0
500.0
500.0
500.0
500.0
500.0
500.0
500.0
500.0
500.0
500.0
500.0
500.0
500.0
500.0
500.0
500.0
500.0
500.0
500.0
500.0
500.0
500.0
500.0
500.0
500.0
500.0
500.0
500.0
500.0
500.0
500.0
500.0
500.0
500.0
500.0
500.0
500.0
500.0
500.0
500.0
500.0
500.0
500.0
500.0
500.0
500.0
500.0
500.0
500.0
500.0
500.0
500.0
500.0
500.0
500.0
500.0
500.0
500.0
500.0
500.0
500.0
500.0
500.0
500.0
500.0
500.0
500.0
500.0
500.0
500.0
500.0
500.0
500.0
500.0
500.0
500.0
500.0
500.0
500.0
500.0
500.0
500.0
500.0
500.0
500.0
500.0
500.0
500.0
500.0
500.0
314.0
500.0
500.0
500.0
500.0
500.0
500.0
500.0
500.0
500.0
500.0
500.0
500.0
500.0
500.0
500.0
500.0
500.0
500.0
500.0
500.0
500.0
500.0
500.0
500.0
500.0
500.0
500.0
500.0
500.0
500.0
500.0
500.0
500.0
290.0
500.0
500.0
500.0
500.0
500.0
500.0
500.0
500.0
500.0
500.0
500.0
500.0
500.0
500.0
500.0
500.0
500.0
500.0
500.0
500.0
500.0
500.0
500.0
500.0
500.0
500.0
500.0
500.0
500.0
500.0
500.0
500.0
500.0
500.0
500.0
500.0
500.0
500.0
500.0
500.0
500.0
500.0
500.0
500.0
500.0
500.0
500.0
500.0
500.0
500.0
500.0
500.0
500.0
500.0
500.0
500.0
500.0
500.0
500.0
500.0
500.0
500.0
500.0
500.0
500.0
500.0
500.0
500.0
500.0
500.0
500.0
500.0
500.0
500.0
500.0
500.0
500.0
500.0
500.0
500.0
500.0
500.0
500.0
500.0
500.0
500.0
500.0
500.0
500.0
500.0
500.0
500.0
500.0
500.0
500.0
500.0
500.0
500.0
500.0
500.0
500.0
500.0
500.0
500.0
500.0
500.0
500.0
500.0
500.0
500.0
331.0
339.0
116.0
500.0
500.0
500.0
500.0
500.0
155.0
500.0
500.0
500.0
500.0
500.0
500.0
275.0
500.0
500.0
500.0
198.0
394.0
318.0
500.0
500.0
500.0
500.0
496.0
500.0
500.0
246.0
417.0
500.0
412.0
500.0
500.0
500.0
241.0
500.0
445.0
500.0
500.0
471.0
426.0
360.0
500.0
482.0
427.0
500.0
500.0
500.0
500.0
500.0
500.0
500.0
500.0
423.0
500.0
500.0
500.0
500.0
500.0
500.0
392.0
384.0
484.0
500.0
500.0
466.0
409.0
500.0
449.0
216.0
500.0
500.0
479.0
500.0
467.0
500.0
500.0
500.0
500.0
500.0
206.0
500.0
500.0
394.0
500.0
500.0
500.0
238.0
500.0
500.0
500.0
462.0
164.0
409.0
500.0
458.0
500.0
500.0
500.0
216.0
500.0
500.0
500.0
500.0
500.0
500.0
483.0
500.0
446.0
500.0
500.0
453.0
500.0
500.0
500.0
500.0
500.0
500.0
500.0
330.0
233.0
240.0
500.0
500.0
500.0
500.0
500.0
500.0
500.0
500.0
308.0
500.0
500.0
500.0
500.0
500.0
500.0
500.0
500.0
500.0
500.0
66.0
500.0
500.0
500.0
500.0
500.0
500.0
500.0
500.0
405.0
261.0
500.0
475.0
156.0
418.0
500.0
500.0
500.0
500.0
500.0
395.0
500.0
500.0
151.0
500.0
179.0
500.0
260.0
500.0
500.0
500.0
500.0
246.0
144.0
168.0
500.0
500.0
500.0
500.0
500.0
238.0
500.0
214.0
500.0
500.0
500.0
500.0
500.0
500.0
500.0
500.0
500.0
500.0
500.0
500.0
500.0
500.0
500.0
500.0
500.0
500.0
500.0
478.0
468.0
500.0
322.0
500.0
500.0
262.0
500.0
500.0
500.0
500.0
500.0
500.0
500.0
354.0
500.0
500.0
500.0
279.0
444.0
233.0
292.0
500.0
225.0
500.0
500.0
500.0
500.0
500.0
500.0
500.0
307.0
500.0
500.0
500.0
500.0
500.0
500.0
500.0
500.0
500.0
500.0
500.0
500.0
500.0
500.0
500.0
500.0
500.0
500.0
500.0
500.0
500.0
500.0
500.0
500.0
500.0
344.0
500.0
500.0
500.0
500.0
500.0
500.0
500.0
500.0
500.0
500.0
500.0
500.0
500.0
500.0
434.0
500.0
500.0
500.0
500.0
500.0
500.0
500.0
500.0
500.0
500.0
500.0
450.0
500.0
500.0
500.0
500.0
500.0
500.0
500.0
500.0
500.0
500.0
500.0
500.0
500.0
500.0
500.0
500.0
500.0
500.0
500.0
500.0
500.0
500.0
500.0
500.0
500.0
500.0
500.0
500.0
488.0
500.0
500.0
500.0
500.0
500.0
500.0
500.0
500.0
500.0
500.0
500.0
500.0
500.0
500.0
500.0
500.0
500.0
500.0
500.0
500.0
500.0
500.0
500.0
500.0
236.0
500.0
500.0
500.0
500.0
500.0
500.0
500.0
500.0
500.0
500.0
500.0
500.0
496.0
500.0
500.0
500.0
500.0
500.0
500.0
500.0
500.0
500.0
500.0
500.0
500.0
500.0
500.0
500.0
466.0
500.0
500.0
500.0
494.0
500.0
500.0
475.0
500.0
500.0
500.0
500.0
500.0
500.0
500.0
500.0
500.0
500.0
500.0
500.0
500.0
500.0
500.0
500.0
500.0
500.0
500.0
500.0
360.0
500.0
500.0
500.0
500.0
500.0
500.0
500.0
500.0
500.0
500.0
500.0
500.0
500.0
500.0
492.0
500.0
500.0
452.0
500.0
500.0
500.0
500.0
458.0
500.0
500.0
500.0
500.0
500.0
500.0
500.0
500.0
500.0
500.0
500.0
500.0
500.0
500.0
500.0
500.0
500.0
500.0
500.0
500.0
429.0
500.0
500.0
500.0
500.0
500.0
500.0
500.0
500.0
500.0
220.0
500.0
500.0
500.0
500.0
500.0
500.0
500.0
500.0
500.0
500.0
500.0
500.0
500.0
500.0
500.0
500.0
500.0
500.0
500.0
500.0
500.0
500.0
500.0
500.0
500.0
500.0
500.0
500.0
500.0
500.0
500.0
500.0
500.0
500.0
500.0
500.0
472.0
304.0
183.0
500.0
284.0
500.0
500.0
500.0
500.0
147.0
20.0
185.0
129.0
500.0
500.0
440.0
500.0
500.0
72.0
500.0
500.0
500.0
500.0
500.0
500.0
500.0
500.0
500.0
500.0
477.0
329.0
500.0
426.0
500.0
500.0
500.0
500.0
500.0
500.0
275.0
500.0
500.0
500.0
500.0
500.0
500.0
500.0
500.0
500.0
500.0
500.0
500.0
500.0
500.0
500.0
500.0
500.0
500.0
500.0
500.0
500.0
294.0
500.0
269.0
500.0
500.0
500.0
500.0
500.0
500.0
500.0
500.0
500.0
500.0
500.0
500.0
500.0
500.0
500.0
500.0
500.0
500.0
500.0
500.0
500.0
500.0
500.0
240.0
500.0
500.0
500.0
494.0
500.0
500.0
198.0
500.0
500.0
500.0
500.0
500.0
500.0
500.0
500.0
500.0
500.0
500.0
213.0
500.0
500.0
500.0
500.0
500.0
500.0
500.0
500.0
500.0
500.0
500.0
500.0
500.0
262.0
500.0
280.0
500.0
315.0
500.0
500.0
500.0
500.0
500.0
500.0
500.0
500.0
500.0
500.0
500.0
488.0
500.0
500.0
500.0
500.0
500.0
500.0
500.0
118.0
500.0
500.0
500.0
176.0
500.0
500.0
500.0
500.0
500.0
500.0
500.0
500.0
500.0
500.0
500.0
500.0
500.0
500.0
500.0
500.0
500.0
500.0
500.0
261.0
500.0
500.0
451.0
500.0
500.0
500.0
500.0
500.0
500.0
500.0
500.0
291.0
500.0
500.0
500.0
500.0
498.0
269.0
500.0
500.0
500.0
500.0
500.0
494.0
500.0
500.0
500.0
500.0
500.0
500.0
500.0
500.0
500.0
500.0
500.0
500.0
500.0
500.0
500.0
500.0
500.0
500.0
500.0
500.0
500.0
500.0
500.0
500.0
500.0
500.0
500.0
500.0
500.0
500.0
500.0
244.0
500.0
500.0
277.0
500.0
193.0
500.0
273.0
500.0
500.0
383.0
279.0
412.0
214.0
500.0
500.0
500.0
500.0
500.0
500.0
338.0
500.0
500.0
500.0
500.0
500.0
500.0
500.0
455.0
500.0
500.0
500.0
500.0
500.0
500.0
500.0
355.0
500.0
485.0
500.0
500.0
500.0
500.0
500.0
254.0
500.0
500.0
500.0
500.0
500.0
500.0
500.0
500.0
500.0
500.0
307.0
500.0
347.0
500.0
500.0
500.0
500.0
500.0
500.0
500.0
297.0
500.0
500.0
258.0
500.0
500.0
500.0
500.0
500.0
500.0
500.0
500.0
332.0
500.0
500.0
500.0
311.0
223.0
500.0
500.0
500.0
296.0
500.0
500.0
500.0
500.0
500.0
500.0
210.0
500.0
500.0
500.0
219.0
500.0
500.0
500.0
500.0
500.0
500.0
500.0
500.0
500.0
500.0
500.0
231.0
500.0
500.0
500.0
500.0
237.0
275.0
500.0
500.0
494.0
500.0
500.0
500.0
452.0
500.0
133.0
500.0
500.0
500.0
500.0
500.0
500.0
500.0
500.0
500.0
500.0
500.0
500.0
283.0
500.0
500.0
440.0
500.0
498.0
500.0
500.0
500.0
500.0
500.0
500.0
500.0
500.0
500.0
500.0
500.0
500.0
500.0
305.0
500.0
500.0
500.0
500.0
500.0
431.0
500.0
500.0
500.0
500.0
500.0
381.0
343.0
500.0
403.0
500.0
500.0
500.0
500.0
500.0
500.0
319.0
500.0
500.0
263.0
500.0
500.0
500.0
500.0
500.0
268.0
500.0
500.0
500.0
500.0
351.0
500.0
500.0
500.0
500.0
500.0
500.0
261.0
500.0
500.0
500.0
500.0
500.0
500.0
468.0
216.0
500.0
257.0
500.0
500.0
500.0
500.0
500.0
500.0
500.0
500.0
500.0
320.0
500.0
492.0
500.0
500.0
500.0
500.0
500.0
500.0
500.0
500.0
500.0
500.0
500.0
500.0
408.0
500.0
500.0
500.0
500.0
500.0
500.0
500.0
368.0
500.0
500.0
500.0
500.0
500.0
500.0
500.0
500.0
500.0
500.0
500.0
500.0
500.0
500.0
500.0
500.0
500.0
500.0
500.0
500.0
500.0
500.0
500.0
500.0
500.0
357.0
500.0
500.0
500.0
500.0
500.0
500.0
500.0
500.0
500.0
500.0
500.0
500.0
372.0
500.0
500.0
500.0
500.0
500.0
500.0
489.0
500.0
500.0
500.0
500.0
500.0
500.0
500.0
500.0
469.0
500.0
500.0
500.0
500.0
500.0
500.0
500.0
500.0
500.0
467.0
500.0
500.0
438.0
328.0
500.0
326.0
500.0
500.0
500.0
500.0
500.0
500.0
500.0
500.0
500.0
495.0
485.0
500.0
500.0
500.0
500.0
500.0
500.0
426.0
500.0
500.0
500.0
500.0
500.0
500.0
500.0
500.0
500.0
500.0
500.0
500.0
500.0
500.0
500.0
500.0
500.0
500.0
500.0
500.0
500.0
435.0
500.0
500.0
500.0
354.0
500.0
500.0
500.0
500.0
500.0
500.0
500.0
500.0
500.0
500.0
500.0
500.0
500.0
500.0
379.0
500.0
500.0
500.0
500.0
477.0
500.0
394.0
500.0
372.0
500.0
500.0
500.0
476.0
500.0
500.0
500.0
500.0
500.0
500.0
500.0
500.0
500.0
500.0
500.0
371.0
381.0
494.0
500.0
500.0
500.0
500.0
500.0
500.0
500.0
500.0
500.0
500.0
500.0
500.0
500.0
500.0
500.0
500.0
500.0
500.0
500.0
500.0
500.0
499.0
500.0
500.0
500.0
500.0
500.0
500.0
500.0
500.0
500.0
500.0
500.0
500.0
500.0
500.0
500.0
500.0
500.0
500.0
500.0
500.0
500.0
500.0
500.0
500.0
500.0
500.0
500.0
500.0
500.0
500.0
500.0
500.0
500.0
500.0
500.0
285.0
500.0
500.0
500.0
500.0
500.0
379.0
500.0
500.0
500.0
500.0
500.0
500.0
500.0
500.0
500.0
500.0
500.0
500.0
356.0
500.0
500.0
500.0
500.0
500.0
500.0
500.0
500.0
500.0
500.0
500.0
500.0
500.0
500.0
500.0
500.0
500.0
500.0
500.0
500.0
500.0
500.0
354.0
500.0
500.0
500.0
500.0
500.0
500.0
500.0
500.0
500.0
500.0
500.0
500.0
353.0
500.0
416.0
500.0
500.0
500.0
500.0
500.0
500.0
291.0
500.0
500.0
500.0
500.0
500.0
500.0
500.0
389.0
500.0
500.0
500.0
500.0
500.0
500.0
500.0
500.0
500.0
500.0
500.0
500.0
500.0
500.0
500.0
332.0
500.0
500.0
500.0
500.0
500.0
500.0
500.0
500.0
338.0
500.0
500.0
500.0
500.0
500.0
500.0
500.0
434.0
500.0
500.0
468.0
500.0
500.0
500.0
500.0
500.0
500.0
500.0
500.0
500.0
500.0
500.0
500.0
500.0
500.0
500.0
373.0
500.0
500.0
500.0
500.0
365.0
500.0
500.0
500.0
477.0
500.0
500.0
500.0
329.0
500.0
500.0
500.0
500.0
500.0
500.0
500.0
500.0
418.0
500.0
432.0
500.0
500.0
500.0
500.0
500.0
500.0
500.0
500.0
500.0
500.0
500.0
500.0
500.0
500.0
500.0
500.0
500.0
500.0
500.0
500.0
500.0
500.0
500.0
500.0
500.0
500.0
500.0
500.0
410.0
500.0
500.0
500.0
417.0
391.0
500.0
500.0
500.0
500.0
500.0
500.0
500.0
500.0
500.0
500.0
500.0
500.0
500.0
500.0
462.0
500.0
494.0
500.0
500.0
500.0
500.0
500.0
500.0
500.0
500.0
500.0
500.0
500.0
500.0
500.0
500.0
500.0
500.0
500.0
500.0
500.0
500.0
500.0
500.0
500.0
500.0
500.0
500.0
500.0
500.0
500.0
500.0
406.0
500.0
500.0
500.0
500.0
500.0
470.0
500.0
500.0
500.0
500.0
500.0
500.0
500.0
500.0
500.0
500.0
500.0
500.0
500.0
500.0
500.0
500.0
500.0
500.0
500.0
500.0
500.0
500.0
310.0
495.0
500.0
500.0
500.0
500.0
500.0
434.0
500.0
500.0
500.0
500.0
449.0
352.0
284.0
500.0
500.0
500.0
500.0
500.0
500.0
500.0
500.0
500.0
500.0
500.0
500.0
282.0
500.0
500.0
500.0
500.0
500.0
500.0
500.0
500.0
500.0
500.0
500.0
500.0
500.0
500.0
500.0
500.0
500.0
500.0
500.0
500.0
500.0
500.0
500.0
500.0
500.0
500.0
500.0
500.0
500.0
500.0
500.0
500.0
500.0
500.0
500.0
500.0
500.0
500.0
500.0
411.0
500.0
500.0
500.0
500.0
500.0
500.0
500.0
500.0
500.0
500.0
500.0
500.0
500.0
500.0
500.0
500.0
500.0
329.0
500.0
500.0
500.0
500.0
500.0
323.0
500.0
500.0
500.0
500.0
500.0
500.0
500.0
500.0
500.0
500.0
500.0
480.0
500.0
500.0
388.0
500.0
500.0
500.0
442.0
500.0
500.0
500.0
500.0
500.0
500.0
500.0
500.0
361.0
500.0
500.0
500.0
500.0
500.0
500.0
500.0
484.0
500.0
500.0
500.0
500.0
500.0
500.0
500.0
500.0
375.0
500.0
500.0
500.0
500.0
500.0
500.0
500.0
500.0
500.0
500.0
500.0
500.0
500.0
500.0
500.0
500.0
500.0
500.0
500.0
370.0
500.0
500.0
500.0
500.0
500.0
500.0
500.0
500.0
500.0
500.0
500.0
500.0
500.0
500.0
500.0
500.0
500.0
500.0
500.0
500.0
500.0
500.0
500.0
500.0
500.0
500.0
308.0
500.0
500.0
500.0
500.0
500.0
500.0
500.0
500.0
500.0
500.0
500.0
500.0
500.0
500.0
500.0
500.0
500.0
500.0
500.0
500.0
500.0
500.0
500.0
500.0
500.0
270.0
500.0
500.0
500.0
500.0
500.0
436.0
500.0
500.0
500.0
500.0
500.0
500.0
428.0
500.0
500.0
500.0
500.0
500.0
500.0
500.0
500.0
500.0
500.0
500.0
500.0
414.0
307.0
500.0
500.0
500.0
500.0
500.0
333.0
500.0
500.0
437.0
500.0
500.0
500.0
500.0
500.0
500.0
500.0
500.0
500.0
500.0
500.0
500.0
500.0
500.0
500.0
500.0
417.0
500.0
500.0
500.0
500.0
500.0
500.0
500.0
500.0
377.0
500.0
500.0
500.0
500.0
500.0
500.0
500.0
500.0
500.0
499.0
500.0
500.0
500.0
500.0
500.0
500.0
365.0
500.0
500.0
500.0
500.0
500.0
500.0
423.0
500.0
500.0
500.0
500.0
500.0
500.0
500.0
500.0
500.0
500.0
500.0
500.0
500.0
500.0
500.0
341.0
500.0
500.0
500.0
500.0
500.0
500.0
500.0
500.0
500.0
500.0
500.0
500.0
500.0
500.0
500.0
500.0
500.0
484.0
500.0
500.0
500.0
500.0
402.0
500.0
500.0
500.0
329.0
500.0
392.0
500.0
500.0
500.0
500.0
500.0
500.0
500.0
500.0
500.0
500.0
500.0
500.0
500.0
500.0
500.0
500.0
500.0
500.0
500.0
500.0
500.0
500.0
500.0
500.0
437.0
500.0
500.0
500.0
500.0
500.0
500.0
500.0
500.0
500.0
500.0
316.0
500.0
500.0
500.0
500.0
500.0
500.0
500.0
500.0
500.0
500.0
500.0
500.0
500.0
500.0
500.0
422.0
500.0
490.0
500.0
500.0
500.0
500.0
500.0
500.0
500.0
500.0
500.0
500.0
500.0
500.0
500.0
500.0
500.0
500.0
500.0
500.0
500.0
500.0
500.0
500.0
500.0
500.0
500.0
500.0
500.0
500.0
500.0
500.0
500.0
500.0
500.0
500.0
500.0
500.0
500.0
500.0
500.0
500.0
500.0
474.0
500.0
500.0
500.0
500.0
500.0
500.0
500.0
500.0
500.0
500.0
500.0
500.0
500.0
500.0
500.0
337.0
500.0
500.0
500.0
500.0
500.0
485.0
500.0
500.0
500.0
500.0
500.0
500.0
500.0
500.0
500.0
500.0
487.0
500.0
408.0
500.0
500.0
500.0
500.0
500.0
500.0
426.0
372.0
500.0
500.0
500.0
500.0
500.0
500.0
500.0
500.0
500.0
500.0
500.0
500.0
500.0
500.0
500.0
500.0
500.0
500.0
500.0
500.0
500.0
500.0
500.0
500.0
500.0
455.0
500.0
500.0
500.0
500.0
500.0
500.0
500.0
500.0
500.0
500.0
500.0
500.0
500.0
500.0
500.0
500.0
500.0
500.0
449.0
500.0
500.0
500.0
500.0
500.0
500.0
500.0
426.0
500.0
500.0
500.0
500.0
500.0
437.0
466.0
500.0
500.0
500.0
500.0
500.0
500.0
421.0
500.0
500.0
500.0
500.0
500.0
500.0
500.0
500.0
330.0
500.0
500.0
500.0
500.0
500.0
500.0
500.0
500.0
500.0
371.0
500.0
500.0
500.0
500.0
500.0
500.0
500.0
500.0
500.0
500.0
500.0
500.0
500.0
498.0
500.0
500.0
500.0
500.0
500.0
500.0
240.0
500.0
500.0
500.0
500.0
500.0
500.0
500.0
500.0
500.0
500.0
500.0
500.0
500.0
500.0
500.0
500.0
500.0
470.0
500.0
500.0
500.0
500.0
500.0
261.0
500.0
500.0
301.0
500.0
500.0
500.0
411.0
500.0
500.0
500.0
500.0
500.0
500.0
221.0
500.0
500.0
500.0
500.0
500.0
500.0
500.0
500.0
500.0
403.0
500.0
500.0
500.0
500.0
441.0
500.0
500.0
500.0
500.0
500.0
500.0
500.0
500.0
371.0
500.0
500.0
500.0
500.0
500.0
500.0
500.0
500.0
500.0
500.0
500.0
459.0
500.0
500.0
500.0
385.0
500.0
500.0
500.0
500.0
497.0
500.0
500.0
500.0
500.0
500.0
500.0
326.0
500.0
500.0
500.0
500.0
500.0
500.0
500.0
500.0
500.0
500.0
500.0
500.0
500.0
500.0
500.0
500.0
500.0
500.0
500.0
500.0
500.0
500.0
500.0
500.0
500.0
500.0
500.0
500.0
500.0
500.0
500.0
500.0
500.0
500.0
500.0
500.0
500.0
500.0
481.0
403.0
500.0
500.0
270.0
500.0
500.0
500.0
500.0
500.0
500.0
500.0
500.0
411.0
500.0
500.0
500.0
500.0
500.0
500.0
500.0
500.0
500.0
500.0
500.0
500.0
500.0
500.0
500.0
500.0
500.0
341.0
500.0
500.0
500.0
332.0
500.0
500.0
500.0
500.0
500.0
500.0
500.0
500.0
500.0
500.0
500.0
500.0
482.0
500.0
500.0
500.0
500.0
500.0
500.0
500.0
500.0
500.0
500.0
500.0
236.0
500.0
500.0
500.0
500.0
334.0
483.0
500.0
500.0
219.0
500.0
500.0
500.0
500.0
277.0
500.0
500.0
500.0
500.0
500.0
500.0
500.0
500.0
500.0
500.0
472.0
500.0
384.0
500.0
500.0
430.0
500.0
500.0
500.0
500.0
500.0
500.0
500.0
458.0
500.0
500.0
500.0
500.0
500.0
500.0
500.0
500.0
500.0
500.0
500.0
500.0
449.0
500.0
500.0
500.0
500.0
500.0
500.0
500.0
500.0
500.0
500.0
500.0
500.0
500.0
450.0
500.0
500.0
500.0
500.0
500.0
500.0
385.0
500.0
500.0
500.0
500.0
442.0
500.0
500.0
500.0
500.0
500.0
351.0
500.0
500.0
500.0
500.0
500.0
500.0
500.0
500.0
500.0
467.0
500.0
500.0
500.0
500.0
500.0
500.0
419.0
500.0
500.0
500.0
500.0
500.0
500.0
500.0
500.0
500.0
500.0
500.0
500.0
500.0
500.0
500.0
500.0
500.0
500.0
500.0
500.0
500.0
500.0
500.0
500.0
500.0
500.0
500.0
500.0
500.0
500.0
500.0
500.0
500.0
500.0
500.0
500.0
500.0
500.0
500.0
363.0
381.0
500.0
500.0
346.0
500.0
500.0
500.0
500.0
500.0
500.0
500.0
500.0
437.0
500.0
500.0
416.0
500.0
500.0
500.0
500.0
500.0
500.0
500.0
500.0
500.0
500.0
500.0
500.0
500.0
500.0
500.0
500.0
500.0
500.0
500.0
500.0
500.0
500.0
500.0
500.0
500.0
500.0
500.0
500.0
500.0
387.0
500.0
500.0
500.0
500.0
500.0
438.0
500.0
500.0
500.0
500.0
500.0
500.0
500.0
500.0
500.0
418.0
500.0
500.0
500.0
500.0
500.0
500.0
500.0
500.0
353.0
500.0
500.0
500.0
500.0
500.0
500.0
500.0
500.0
500.0
500.0
500.0
500.0
500.0
500.0
500.0
500.0
500.0
500.0
500.0
500.0
500.0
500.0
500.0
500.0
500.0
500.0
500.0
500.0
500.0
500.0
500.0
500.0
500.0
245.0
500.0
500.0
500.0
500.0
417.0
500.0
500.0
500.0
500.0
500.0
500.0
500.0
500.0
500.0
500.0
500.0
500.0
500.0
500.0
500.0
500.0
500.0
500.0
500.0
500.0
500.0
500.0
500.0
500.0
500.0
500.0
500.0
500.0
500.0
367.0
500.0
500.0
500.0
500.0
422.0
500.0
500.0
500.0
342.0
500.0
375.0
500.0
500.0
500.0
322.0
500.0
500.0
500.0
500.0
500.0
500.0
500.0
500.0
500.0
500.0
500.0
500.0
500.0
500.0
500.0
500.0
500.0
500.0
500.0
500.0
500.0
500.0
500.0
500.0
500.0
500.0
500.0
500.0
500.0
500.0
500.0
500.0
500.0
500.0
500.0
500.0
500.0
500.0
500.0
500.0
500.0
500.0
500.0
500.0
500.0
500.0
500.0
500.0
500.0
500.0
500.0
500.0
500.0
500.0
433.0
500.0
500.0
500.0
500.0
500.0
500.0
500.0
500.0
500.0
500.0
500.0
500.0
500.0
500.0
500.0
500.0
500.0
500.0
500.0
500.0
500.0
500.0
500.0
500.0
500.0
500.0
500.0
500.0
500.0
500.0
500.0
500.0
500.0
500.0
500.0
500.0
500.0
500.0
500.0
500.0
500.0
500.0
500.0
500.0
500.0
500.0
500.0
500.0
500.0
500.0
500.0
500.0
500.0
500.0
500.0
500.0
500.0
500.0
500.0
500.0
500.0
500.0
500.0
500.0
500.0
500.0
500.0
500.0
500.0
500.0
500.0
500.0
500.0
500.0
500.0
500.0
500.0
500.0
500.0
500.0
500.0
500.0
500.0
500.0
500.0
500.0
500.0
500.0
500.0
500.0
500.0
500.0
500.0
500.0
221.0
500.0
500.0
500.0
500.0
500.0
500.0
500.0
500.0
500.0
500.0
500.0
500.0
500.0
500.0
500.0
500.0
500.0
500.0
500.0
500.0
500.0
500.0
500.0
500.0
500.0
500.0
500.0
500.0
500.0
500.0
500.0
500.0
500.0
500.0
500.0
500.0
500.0
500.0
500.0
500.0
500.0
500.0
500.0
500.0
500.0
500.0
500.0
500.0
500.0
500.0
500.0
500.0
500.0
500.0
500.0
500.0
500.0
500.0
500.0
500.0
500.0
500.0
500.0
500.0
500.0
500.0
500.0
500.0
500.0
500.0
500.0
500.0
500.0
500.0
500.0
500.0
500.0
500.0
500.0
470.0
500.0
500.0
500.0
500.0
500.0
500.0
500.0
500.0
500.0
500.0
500.0
500.0
500.0
500.0
500.0
500.0
500.0
500.0
500.0
500.0
500.0
500.0
500.0
500.0
500.0
500.0
500.0
500.0
500.0
500.0
500.0
500.0
500.0
500.0
500.0
500.0
500.0
500.0
500.0
500.0
500.0
500.0
500.0
500.0
500.0
500.0
500.0
500.0
500.0
500.0
500.0
500.0
500.0
500.0
500.0
500.0
500.0
500.0
500.0
500.0
500.0
500.0
500.0
406.0
500.0
356.0
500.0
500.0
500.0
500.0
500.0
500.0
500.0
500.0
500.0
500.0
500.0
500.0
500.0
500.0
500.0
378.0
500.0
317.0
500.0
500.0
500.0
500.0
500.0
500.0
500.0
500.0
500.0
349.0
500.0
500.0
500.0
500.0
500.0
500.0
500.0
500.0
500.0
500.0
500.0
500.0
406.0
394.0
323.0
500.0
299.0
300.0
500.0
192.0
326.0
188.0
500.0
500.0
500.0
500.0
287.0
179.0
500.0
360.0
343.0
312.0
500.0
500.0
500.0
377.0
340.0
307.0
500.0
351.0
500.0
305.0
500.0
500.0
500.0
296.0
500.0
399.0
500.0
500.0
500.0
500.0
500.0
361.0
500.0
500.0
500.0
500.0
500.0
337.0
295.0
500.0
500.0
500.0
500.0
500.0
500.0
500.0
500.0
323.0
500.0
500.0
500.0
500.0
176.0
500.0
406.0
500.0
500.0
208.0
500.0
331.0
312.0
500.0
500.0
500.0
500.0
355.0
500.0
500.0
500.0
500.0
500.0
500.0
347.0
229.0
500.0
500.0
321.0
500.0
281.0
326.0
500.0
500.0
415.0
500.0
500.0
500.0
500.0
500.0
500.0
330.0
500.0
500.0
500.0
500.0
500.0
500.0
500.0
315.0
500.0
500.0
250.0
500.0
500.0
161.0
500.0
500.0
350.0
500.0
500.0
500.0
346.0
170.0
500.0
500.0
271.0
500.0
500.0
500.0
322.0
500.0
500.0
500.0
500.0
500.0
500.0
500.0
500.0
153.0
205.0
500.0
500.0
500.0
298.0
500.0
500.0
500.0
500.0
500.0
320.0
500.0
500.0
500.0
500.0
500.0
500.0
500.0
500.0
197.0
500.0
500.0
500.0
500.0
326.0
327.0
500.0
500.0
500.0
500.0
213.0
500.0
500.0
500.0
500.0
467.0
205.0
500.0
500.0
500.0
500.0
500.0
388.0
500.0
500.0
500.0
500.0
500.0
361.0
461.0
500.0
500.0
225.0
500.0
500.0
500.0
500.0
500.0
500.0
231.0
500.0
280.0
500.0
243.0
500.0
500.0
500.0
500.0
500.0
500.0
500.0
500.0
500.0
500.0
222.0
500.0
500.0
500.0
234.0
309.0
326.0
319.0
500.0
500.0
500.0
500.0
500.0
287.0
359.0
500.0
500.0
500.0
282.0
500.0
293.0
500.0
500.0
500.0
500.0
500.0
500.0
500.0
500.0
299.0
500.0
306.0
500.0
313.0
314.0
500.0
500.0
500.0
500.0
294.0
258.0
500.0
500.0
420.0
500.0
500.0
500.0
500.0
447.0
500.0
500.0
500.0
500.0
299.0
500.0
500.0
500.0
500.0
500.0
500.0
500.0
500.0
305.0
500.0
500.0
500.0
500.0
500.0
227.0
500.0
500.0
500.0
500.0
500.0
500.0
500.0
500.0
500.0
500.0
357.0
500.0
500.0
500.0
500.0
500.0
500.0
500.0
487.0
500.0
335.0
324.0
305.0
500.0
500.0
500.0
500.0
500.0
500.0
500.0
320.0
424.0
457.0
500.0
382.0
301.0
500.0
298.0
500.0
500.0
305.0
483.0
262.0
321.0
500.0
500.0
334.0
500.0
401.0
500.0
500.0
500.0
500.0
322.0
500.0
500.0
500.0
500.0
500.0
500.0
251.0
500.0
500.0
217.0
500.0
263.0
500.0
500.0
500.0
500.0
500.0
500.0
500.0
500.0
500.0
500.0
500.0
298.0
500.0
500.0
500.0
500.0
500.0
500.0
500.0
500.0
500.0
500.0
500.0
500.0
500.0
500.0
348.0
500.0
443.0
500.0
500.0
500.0
500.0
500.0
500.0
500.0
500.0
500.0
500.0
500.0
363.0
500.0
500.0
307.0
500.0
500.0
500.0
500.0
500.0
243.0
500.0
500.0
500.0
500.0
500.0
380.0
500.0
500.0
500.0
500.0
265.0
500.0
500.0
500.0
335.0
383.0
500.0
354.0
500.0
500.0
147.0
288.0
500.0
500.0
339.0
500.0
500.0
500.0
500.0
500.0
500.0
290.0
500.0
500.0
346.0
500.0
500.0
500.0
353.0
500.0
458.0
500.0
500.0
500.0
162.0
500.0
278.0
500.0
500.0
301.0
500.0
500.0
294.0
500.0
500.0
500.0
500.0
500.0
340.0
393.0
500.0
500.0
500.0
381.0
500.0
500.0
348.0
329.0
500.0
500.0
500.0
500.0
500.0
466.0
265.0
500.0
383.0
500.0
500.0
321.0
500.0
500.0
412.0
500.0
500.0
500.0
500.0
179.0
500.0
500.0
500.0
500.0
500.0
500.0
500.0
500.0
500.0
500.0
218.0
500.0
236.0
350.0
500.0
500.0
425.0
500.0
500.0
278.0
500.0
500.0
281.0
500.0
500.0
500.0
394.0
348.0
500.0
500.0
283.0
500.0
500.0
500.0
500.0
500.0
103.0
500.0
500.0
337.0
500.0
500.0
500.0
500.0
370.0
500.0
500.0
370.0
500.0
500.0
500.0
500.0
500.0
500.0
500.0
500.0
500.0
500.0
500.0
500.0
328.0
283.0
434.0
500.0
500.0
500.0
500.0
293.0
500.0
500.0
500.0
500.0
467.0
500.0
500.0
500.0
500.0
500.0
500.0
500.0
500.0
468.0
500.0
500.0
500.0
500.0
500.0
500.0
500.0
500.0
500.0
500.0
500.0
223.0
500.0
500.0
500.0
500.0
202.0
500.0
500.0
329.0
500.0
500.0
500.0
306.0
500.0
500.0
500.0
340.0
236.0
500.0
500.0
500.0
500.0
500.0
341.0
500.0
500.0
500.0
500.0
500.0
500.0
500.0
500.0
500.0
500.0
500.0
500.0
500.0
500.0
500.0
500.0
410.0
500.0
500.0
291.0
500.0
500.0
299.0
500.0
500.0
290.0
289.0
500.0
500.0
500.0
500.0
500.0
500.0
500.0
302.0
500.0
500.0
500.0
500.0
500.0
218.0
308.0
500.0
500.0
500.0
500.0
152.0
500.0
500.0
500.0
500.0
135.0
255.0
459.0
500.0
500.0
342.0
500.0
500.0
500.0
500.0
293.0
500.0
473.0
500.0
500.0
172.0
500.0
500.0
253.0
500.0
500.0
500.0
380.0
500.0
306.0
400.0
500.0
500.0
167.0
500.0
500.0
500.0
500.0
276.0
500.0
500.0
500.0
500.0
500.0
500.0
500.0
500.0
500.0
500.0
500.0
500.0
500.0
500.0
500.0
500.0
500.0
500.0
500.0
500.0
500.0
500.0
500.0
437.0
500.0
500.0
500.0
500.0
500.0
500.0
500.0
500.0
500.0
500.0
500.0
500.0
500.0
500.0
500.0
500.0
500.0
500.0
500.0
500.0
278.0
500.0
500.0
500.0
500.0
366.0
500.0
500.0
500.0
500.0
500.0
500.0
500.0
500.0
500.0
420.0
500.0
500.0
500.0
500.0
500.0
500.0
500.0
500.0
500.0
500.0
234.0
500.0
500.0
332.0
500.0
500.0
500.0
500.0
500.0
500.0
500.0
500.0
500.0
500.0
500.0
500.0
500.0
500.0
500.0
500.0
500.0
500.0
500.0
500.0
500.0
179.0
500.0
500.0
500.0
500.0
500.0
500.0
500.0
500.0
500.0
500.0
500.0
500.0
500.0
500.0
296.0
500.0
500.0
500.0
500.0
500.0
222.0
500.0
500.0
500.0
500.0
150.0
500.0
500.0
500.0
500.0
500.0
500.0
385.0
500.0
195.0
500.0
500.0
500.0
500.0
500.0
500.0
500.0
500.0
500.0
500.0
500.0
500.0
500.0
500.0
500.0
500.0
500.0
500.0
500.0
500.0
125.0
500.0
500.0
500.0
500.0
500.0
500.0
500.0
500.0
500.0
500.0
500.0
500.0
500.0
500.0
500.0
500.0
500.0
427.0
500.0
500.0
500.0
500.0
500.0
500.0
500.0
500.0
500.0
500.0
500.0
500.0
500.0
500.0
500.0
268.0
500.0
500.0
500.0
500.0
500.0
500.0
500.0
315.0
500.0
500.0
500.0
114.0
500.0
500.0
263.0
500.0
500.0
500.0
500.0
500.0
392.0
500.0
500.0
500.0
500.0
500.0
500.0
500.0
500.0
500.0
500.0
245.0
500.0
82.0
500.0
500.0
500.0
500.0
500.0
500.0
500.0
431.0
500.0
388.0
476.0
500.0
500.0
500.0
500.0
500.0
500.0
500.0
500.0
500.0
500.0
500.0
500.0
191.0
500.0
500.0
339.0
500.0
500.0
500.0
500.0
311.0
500.0
500.0
500.0
500.0
344.0
500.0
500.0
500.0
500.0
500.0
500.0
284.0
500.0
500.0
500.0
500.0
500.0
500.0
500.0
500.0
159.0
275.0
500.0
500.0
500.0
500.0
500.0
500.0
500.0
500.0
500.0
500.0
500.0
380.0
500.0
500.0
500.0
500.0
500.0
500.0
500.0
500.0
500.0
500.0
500.0
500.0
378.0
500.0
263.0
290.0
500.0
500.0
500.0
500.0
474.0
500.0
500.0
500.0
321.0
500.0
500.0
500.0
500.0
500.0
263.0
500.0
500.0
313.0
330.0
500.0
500.0
500.0
500.0
500.0
500.0
500.0
500.0
500.0
500.0
500.0
274.0
244.0
500.0
500.0
442.0
500.0
500.0
500.0
500.0
325.0
500.0
258.0
500.0
500.0
500.0
500.0
500.0
500.0
500.0
229.0
500.0
339.0
500.0
500.0
335.0
500.0
367.0
500.0
500.0
500.0
500.0
500.0
500.0
500.0
500.0
378.0
350.0
500.0
500.0
500.0
403.0
500.0
500.0
500.0
500.0
424.0
500.0
500.0
500.0
255.0
500.0
500.0
334.0
500.0
500.0
500.0
500.0
500.0
500.0
500.0
500.0
500.0
500.0
347.0
500.0
500.0
500.0
500.0
500.0
221.0
500.0
300.0
500.0
184.0
335.0
500.0
500.0
339.0
338.0
265.0
500.0
500.0
396.0
258.0
500.0
500.0
500.0
500.0
500.0
313.0
286.0
500.0
500.0
282.0
500.0
329.0
500.0
394.0
500.0
500.0
500.0
500.0
500.0
326.0
279.0
283.0
368.0
500.0
500.0
500.0
500.0
500.0
331.0
314.0
500.0
500.0
500.0
500.0
500.0
500.0
500.0
500.0
134.0
306.0
500.0
500.0
500.0
500.0
500.0
500.0
500.0
500.0
500.0
500.0
500.0
500.0
500.0
500.0
366.0
500.0
309.0
500.0
500.0
500.0
318.0
500.0
472.0
500.0
500.0
226.0
445.0
500.0
340.0
500.0
500.0
500.0
500.0
500.0
500.0
500.0
359.0
500.0
305.0
271.0
320.0
500.0
500.0
314.0
500.0
500.0
500.0
500.0
285.0
500.0
230.0
500.0
500.0
500.0
500.0
294.0
333.0
500.0
500.0
302.0
332.0
500.0
379.0
500.0
500.0
500.0
286.0
500.0
305.0
500.0
500.0
500.0
500.0
500.0
173.0
500.0
500.0
500.0
385.0
500.0
500.0
281.0
500.0
500.0
161.0
500.0
500.0
317.0
500.0
500.0
500.0
500.0
500.0
500.0
500.0
500.0
500.0
273.0
299.0
500.0
500.0
500.0
500.0
500.0
500.0
500.0
500.0
500.0
500.0
500.0
271.0
500.0
500.0
500.0
500.0
500.0
500.0
500.0
500.0
500.0
500.0
285.0
372.0
500.0
314.0
500.0
500.0
500.0
500.0
500.0
500.0
500.0
500.0
500.0
500.0
331.0
500.0
500.0
500.0
500.0
424.0
251.0
500.0
416.0
500.0
500.0
338.0
500.0
500.0
500.0
500.0
271.0
500.0
500.0
500.0
500.0
500.0
500.0
500.0
500.0
500.0
500.0
288.0
500.0
500.0
305.0
500.0
500.0
500.0
195.0
303.0
500.0
500.0
500.0
234.0
500.0
500.0
500.0
500.0
500.0
500.0
500.0
245.0
500.0
500.0
500.0
500.0
364.0
500.0
500.0
500.0
500.0
323.0
456.0
500.0
500.0
259.0
500.0
369.0
500.0
500.0
500.0
340.0
500.0
500.0
500.0
500.0
500.0
500.0
500.0
500.0
500.0
319.0
500.0
500.0
500.0
309.0
500.0
500.0
500.0
300.0
500.0
500.0
312.0
172.0
500.0
327.0
394.0
500.0
351.0
500.0
500.0
500.0
267.0
383.0
500.0
500.0
500.0
500.0
500.0
389.0
500.0
500.0
307.0
289.0
500.0
500.0
500.0
500.0
133.0
500.0
500.0
500.0
500.0
500.0
500.0
500.0
500.0
177.0
500.0
317.0
229.0
346.0
500.0
177.0
500.0
500.0
500.0
494.0
349.0
242.0
500.0
352.0
500.0
500.0
246.0
500.0
500.0
500.0
500.0
207.0
500.0
500.0
113.0
500.0
500.0
500.0
245.0
500.0
500.0
500.0
374.0
500.0
500.0
500.0
500.0
500.0
500.0
500.0
151.0
249.0
500.0
237.0
500.0
500.0
239.0
239.0
500.0
500.0
500.0
500.0
500.0
500.0
500.0
500.0
500.0
291.0
500.0
500.0
194.0
292.0
500.0
265.0
500.0
500.0
500.0
207.0
433.0
500.0
355.0
317.0
500.0
500.0
500.0
493.0
246.0
500.0
500.0
500.0
500.0
500.0
500.0
500.0
500.0
500.0
500.0
500.0
285.0
212.0
287.0
500.0
500.0
500.0
327.0
172.0
500.0
188.0
500.0
241.0
500.0
500.0
500.0
500.0
259.0
219.0
500.0
500.0
500.0
324.0
94.0
500.0
500.0
500.0
500.0
249.0
500.0
199.0
500.0
500.0
500.0
285.0
500.0
500.0
272.0
500.0
275.0
500.0
205.0
500.0
500.0
303.0
252.0
500.0
500.0
500.0
500.0
283.0
500.0
268.0
500.0
500.0
286.0
500.0
500.0
500.0
330.0
500.0
500.0
500.0
236.0
500.0
500.0
500.0
500.0
500.0
500.0
342.0
500.0
500.0
220.0
500.0
291.0
500.0
252.0
500.0
129.0
313.0
302.0
500.0
500.0
500.0
500.0
500.0
500.0
500.0
500.0
500.0
500.0
500.0
500.0
500.0
500.0
264.0
500.0
500.0
500.0
500.0
176.0
500.0
189.0
500.0
500.0
500.0
107.0
500.0
500.0
500.0
500.0
500.0
500.0
500.0
500.0
500.0
274.0
500.0
500.0
500.0
136.0
500.0
500.0
500.0
180.0
500.0
462.0
500.0
500.0
500.0
500.0
500.0
500.0
169.0
500.0
500.0
500.0
500.0
500.0
305.0
500.0
500.0
322.0
174.0
500.0
500.0
500.0
500.0
353.0
500.0
236.0
500.0
500.0
500.0
211.0
500.0
500.0
500.0
500.0
500.0
500.0
500.0
500.0
231.0
459.0
500.0
500.0
500.0
500.0
328.0
500.0
500.0
500.0
500.0
500.0
500.0
500.0
500.0
500.0
500.0
500.0
500.0
243.0
76.0
500.0
500.0
500.0
500.0
500.0
500.0
470.0
219.0
500.0
314.0
500.0
500.0
500.0
500.0
500.0
339.0
500.0
259.0
500.0
306.0
500.0
206.0
292.0
500.0
500.0
500.0
500.0
500.0
500.0
500.0
500.0
335.0
500.0
280.0
500.0
500.0
500.0
500.0
500.0
500.0
500.0
500.0
500.0
500.0
500.0
500.0
500.0
500.0
500.0
339.0
237.0
500.0
500.0
500.0
366.0
500.0
500.0
500.0
500.0
500.0
500.0
500.0
500.0
500.0
500.0
500.0
444.0
323.0
280.0
500.0
225.0
368.0
500.0
500.0
500.0
348.0
292.0
500.0
500.0
417.0
500.0
302.0
500.0
500.0
329.0
500.0
500.0
500.0
329.0
357.0
500.0
500.0
409.0
500.0
500.0
500.0
500.0
500.0
500.0
500.0
327.0
500.0
500.0
500.0
436.0
500.0
295.0
345.0
500.0
500.0
500.0
500.0
326.0
279.0
500.0
500.0
500.0
500.0
500.0
500.0
500.0
500.0
500.0
500.0
500.0
500.0
500.0
268.0
298.0
280.0
500.0
500.0
320.0
500.0
500.0
500.0
500.0
272.0
500.0
500.0
346.0
500.0
500.0
500.0
500.0
500.0
500.0
296.0
500.0
500.0
500.0
346.0
500.0
500.0
500.0
500.0
500.0
355.0
500.0
500.0
500.0
500.0
500.0
441.0
500.0
500.0
500.0
500.0
366.0
500.0
500.0
500.0
500.0
500.0
500.0
500.0
500.0
500.0
359.0
303.0
500.0
500.0
500.0
500.0
500.0
500.0
500.0
500.0
500.0
500.0
500.0
500.0
309.0
500.0
500.0
500.0
500.0
500.0
362.0
500.0
344.0
500.0
334.0
500.0
500.0
234.0
500.0
462.0
500.0
500.0
500.0
199.0
339.0
500.0
500.0
500.0
500.0
387.0
500.0
500.0
500.0
500.0
229.0
478.0
500.0
500.0
500.0
339.0
500.0
340.0
348.0
500.0
500.0
500.0
500.0
500.0
500.0
500.0
500.0
500.0
500.0
500.0
500.0
500.0
372.0
500.0
387.0
326.0
500.0
500.0
234.0
500.0
500.0
500.0
295.0
500.0
500.0
500.0
273.0
500.0
500.0
500.0
319.0
500.0
500.0
500.0
500.0
500.0
315.0
500.0
322.0
500.0
500.0
500.0
500.0
396.0
286.0
500.0
311.0
500.0
500.0
500.0
500.0
475.0
500.0
500.0
500.0
500.0
329.0
313.0
500.0
500.0
374.0
500.0
500.0
500.0
500.0
459.0
500.0
500.0
393.0
500.0
287.0
500.0
500.0
348.0
500.0
500.0
335.0
500.0
500.0
313.0
393.0
500.0
500.0
500.0
307.0
376.0
500.0
500.0
349.0
500.0
500.0
500.0
500.0
500.0
500.0
500.0
405.0
500.0
500.0
335.0
398.0
500.0
500.0
500.0
500.0
329.0
500.0
500.0
500.0
500.0
500.0
500.0
500.0
500.0
500.0
500.0
331.0
387.0
328.0
500.0
500.0
500.0
500.0
500.0
500.0
401.0
500.0
500.0
374.0
346.0
500.0
500.0
500.0
500.0
500.0
408.0
500.0
365.0
388.0
341.0
500.0
500.0
500.0
500.0
500.0
500.0
370.0
500.0
500.0
500.0
500.0
500.0
500.0
358.0
500.0
500.0
435.0
500.0
500.0
500.0
500.0
500.0
500.0
500.0
500.0
500.0
500.0
500.0
500.0
500.0
294.0
500.0
379.0
306.0
500.0
242.0
500.0
500.0
500.0
391.0
372.0
500.0
271.0
500.0
500.0
500.0
392.0
500.0
500.0
280.0
500.0
500.0
384.0
500.0
387.0
500.0
410.0
413.0
500.0
360.0
500.0
399.0
370.0
500.0
500.0
500.0
418.0
500.0
500.0
500.0
361.0
500.0
500.0
500.0
500.0
500.0
356.0
500.0
500.0
500.0
500.0
500.0
500.0
500.0
500.0
414.0
309.0
356.0
336.0
500.0
500.0
378.0
500.0
354.0
500.0
500.0
500.0
500.0
500.0
500.0
373.0
500.0
500.0
500.0
500.0
407.0
500.0
500.0
500.0
500.0
266.0
500.0
500.0
355.0
302.0
500.0
500.0
500.0
500.0
397.0
500.0
359.0
500.0
500.0
500.0
500.0
500.0
427.0
268.0
500.0
500.0
500.0
500.0
500.0
500.0
387.0
500.0
295.0
258.0
500.0
500.0
380.0
500.0
365.0
500.0
500.0
500.0
249.0
500.0
500.0
353.0
500.0
500.0
500.0
425.0
500.0
500.0
500.0
500.0
500.0
500.0
500.0
500.0
500.0