11.0
9.0
19.0
21.0
12.0
11.0
10.0
17.0
17.0
11.0
11.0
10.0
13.0
10.0
12.0
10.0
10.0
9.0
10.0
11.0
11.0
10.0
10.0
10.0
10.0
14.0
14.0
14.0
15.0
12.0
15.0
11.0
16.0
19.0
10.0
10.0
9.0
12.0
13.0
16.0
15.0
14.0
19.0
20.0
11.0
21.0
28.0
27.0
18.0
15.0
32.0
15.0
27.0
12.0
10.0
16.0
25.0
28.0
26.0
22.0
33.0
29.0
26.0
60.0
30.0
28.0
36.0
11.0
33.0
35.0
50.0
53.0
69.0
66.0
39.0
47.0
103.0
43.0
35.0
41.0
63.0
37.0
31.0
60.0
87.0
130.0
53.0
37.0
74.0
61.0
12.0
98.0
43.0
84.0
136.0
221.0
255.0
105.0
124.0
160.0
40.0
328.0
115.0
90.0
91.0
58.0
70.0
58.0
278.0
98.0
134.0
209.0
144.0
86.0
136.0
114.0
62.0
240.0
122.0
262.0
50.0
72.0
150.0
114.0
35.0
52.0
77.0
48.0
193.0
171.0
104.0
156.0
216.0
61.0
141.0
118.0
253.0
165.0
72.0
165.0
157.0
123.0
60.0
137.0
164.0
148.0
124.0
197.0
186.0
274.0
103.0
91.0
76.0
152.0
97.0
150.0
192.0
232.0
154.0
212.0
102.0
174.0
74.0
106.0
204.0
233.0
104.0
91.0
232.0
74.0
166.0
246.0
163.0
162.0
222.0
76.0
134.0
146.0
146.0
80.0
348.0
106.0
175.0
87.0
80.0
164.0
220.0
80.0
97.0
139.0
212.0
133.0
187.0
98.0
203.0
242.0
147.0
251.0
248.0
220.0
128.0
149.0
82.0
73.0
277.0
208.0
104.0
500.0
195.0
163.0
124.0
162.0
335.0
197.0
238.0
171.0
326.0
159.0
262.0
280.0
193.0
147.0
184.0
311.0
312.0
169.0
209.0
307.0
271.0
220.0
243.0
265.0
228.0
281.0
315.0
263.0
215.0
208.0
184.0
299.0
268.0
294.0
89.0
307.0
246.0
149.0
151.0
162.0
155.0
192.0
238.0
162.0
117.0
260.0
211.0
256.0
176.0
237.0
170.0
252.0
126.0
98.0
233.0
186.0
162.0
197.0
213.0
247.0
229.0
191.0
84.0
118.0
204.0
164.0
313.0
263.0
192.0
234.0
205.0
289.0
378.0
249.0
166.0
265.0
213.0
271.0
204.0
305.0
200.0
244.0
288.0
174.0
258.0
203.0
191.0
152.0
301.0
152.0
278.0
219.0
208.0
418.0
439.0
184.0
352.0
247.0
261.0
291.0
251.0
208.0
209.0
202.0
295.0
232.0
286.0
156.0
219.0
218.0
200.0
178.0
237.0
208.0
225.0
330.0
220.0
275.0
338.0
247.0
271.0
233.0
369.0
240.0
380.0
341.0
222.0
200.0
229.0
227.0
249.0
285.0
349.0
185.0
236.0
298.0
244.0
224.0
290.0
249.0
240.0
288.0
204.0
388.0
348.0
209.0
217.0
279.0
274.0
300.0
283.0
366.0
500.0
175.0
323.0
411.0
257.0
434.0
300.0
271.0
443.0
227.0
318.0
298.0
219.0
310.0
249.0
408.0
174.0
251.0
192.0
382.0
432.0
279.0
358.0
169.0
391.0
304.0
285.0
205.0
465.0
307.0
153.0
228.0
449.0
133.0
164.0
385.0
449.0
296.0
255.0
337.0
214.0
171.0
141.0
324.0
188.0
285.0
314.0
185.0
415.0
294.0
195.0
237.0
246.0
416.0
417.0
164.0
281.0
142.0
335.0
407.0
142.0
374.0
86.0
211.0
294.0
249.0
361.0
345.0
369.0
328.0
302.0
204.0
198.0
226.0
300.0
177.0
85.0
122.0
241.0
243.0
282.0
153.0
159.0
340.0
197.0
202.0
255.0
393.0
237.0
161.0
385.0
187.0
402.0
209.0
109.0
160.0
221.0
225.0
237.0
392.0
214.0
267.0
111.0
181.0
438.0
464.0
196.0
257.0
301.0
395.0
119.0
500.0
247.0
189.0
185.0
195.0
175.0
309.0
228.0
348.0
387.0
489.0
289.0
239.0
422.0
185.0
255.0
252.0
169.0
322.0
310.0
197.0
465.0
183.0
500.0
293.0
312.0
225.0
500.0
411.0
237.0
373.0
422.0
175.0
415.0
175.0
99.0
431.0
152.0
291.0
138.0
227.0
222.0
203.0
264.0
329.0
244.0
157.0
172.0
133.0
217.0
222.0
357.0
224.0
113.0
297.0
161.0
203.0
147.0
108.0
105.0
236.0
387.0
186.0
262.0
138.0
153.0
185.0
139.0
344.0
261.0
321.0
113.0
327.0
151.0
299.0
322.0
166.0
268.0
203.0
213.0
133.0
276.0
386.0
149.0
199.0
158.0
354.0
497.0
288.0
122.0
144.0
116.0
281.0
103.0
197.0
163.0
184.0
245.0
290.0
158.0
231.0
107.0
176.0
109.0
281.0
267.0
500.0
150.0
247.0
407.0
213.0
462.0
191.0
168.0
216.0
148.0
98.0
149.0
134.0
430.0
393.0
221.0
204.0
202.0
213.0
430.0
135.0
207.0
312.0
115.0
247.0
267.0
326.0
376.0
350.0
336.0
164.0
236.0
212.0
105.0
388.0
275.0
187.0
225.0
226.0
357.0
182.0
227.0
334.0
191.0
219.0
339.0
298.0
375.0
402.0
182.0
288.0
351.0
290.0
168.0
148.0
320.0
400.0
404.0
258.0
255.0
399.0
187.0
309.0
229.0
304.0
239.0
500.0
247.0
306.0
313.0
179.0
123.0
283.0
451.0
211.0
164.0
289.0
323.0
348.0
500.0
188.0
364.0
162.0
284.0
470.0
256.0
470.0
370.0
404.0
146.0
271.0
152.0
245.0
404.0
439.0
199.0
270.0
269.0
234.0
416.0
215.0
284.0
239.0
351.0
159.0
139.0
117.0
286.0
254.0
382.0
117.0
210.0
247.0
218.0
123.0
186.0
324.0
171.0
209.0
500.0
250.0
275.0
176.0
267.0
368.0
500.0
197.0
148.0
146.0
162.0
267.0
138.0
168.0
285.0
337.0
167.0
168.0
234.0
285.0
391.0
298.0
236.0
186.0
199.0
367.0
279.0
328.0
148.0
236.0
125.0
366.0
365.0
147.0
234.0
373.0
238.0
215.0
242.0
185.0
227.0
273.0
126.0
267.0
225.0
318.0
244.0
126.0
223.0
304.0
394.0
222.0
126.0
139.0
327.0
161.0
353.0
190.0
131.0
231.0
301.0
199.0
291.0
247.0
281.0
186.0
205.0
207.0
355.0
269.0
114.0
331.0
185.0
258.0
165.0
165.0
296.0
150.0
302.0
229.0
255.0
235.0
127.0
233.0
176.0
173.0
223.0
222.0
132.0
500.0
235.0
163.0
139.0
102.0
122.0
136.0
150.0
209.0
320.0
267.0
267.0
301.0
246.0
264.0
128.0
153.0
500.0
198.0
141.0
117.0
194.0
138.0
86.0
97.0
181.0
143.0
127.0
199.0
301.0
238.0
101.0
133.0
142.0
266.0
193.0
119.0
111.0
204.0
200.0
202.0
136.0
157.0
195.0
213.0
243.0
92.0
132.0
113.0
157.0
147.0
72.0
176.0
109.0
112.0
191.0
109.0
134.0
132.0
111.0
73.0
224.0
324.0
131.0
141.0
355.0
123.0
178.0
111.0
98.0
106.0
184.0
188.0
58.0
254.0
187.0
181.0
210.0
163.0
180.0
375.0
131.0
295.0
429.0
155.0
142.0
137.0
138.0
146.0
500.0
139.0
500.0
280.0
221.0
247.0
178.0
221.0
249.0
461.0
106.0
281.0
195.0
285.0
129.0
72.0
216.0
199.0
269.0
69.0
160.0
332.0
465.0
64.0
191.0
176.0
115.0
78.0
42.0
97.0
38.0
35.0
51.0
141.0
169.0
156.0
152.0
104.0
94.0
330.0
72.0
239.0
58.0
42.0
69.0
236.0
74.0
486.0
117.0
226.0
105.0
137.0
45.0
134.0
29.0
40.0
160.0
162.0
44.0
348.0
103.0
132.0
192.0
167.0
119.0
31.0
36.0
311.0
116.0
139.0
294.0
122.0
20.0
29.0
165.0
372.0
65.0
286.0
103.0
294.0
19.0
40.0
43.0
196.0
116.0
86.0
105.0
88.0
53.0
50.0
28.0
24.0
20.0
79.0
25.0
16.0
200.0
14.0
27.0
145.0
21.0
125.0
180.0
78.0
90.0
500.0
16.0
51.0
30.0
264.0
34.0
60.0
90.0
54.0
500.0
71.0
187.0
45.0
206.0
101.0
40.0
244.0
162.0
57.0
153.0
25.0
11.0
24.0
17.0
81.0
204.0
303.0
309.0
27.0
34.0
72.0
45.0
65.0
126.0
17.0
14.0
17.0
85.0
256.0
238.0
12.0
12.0
304.0
16.0
273.0
14.0
244.0
324.0
39.0
16.0
56.0
79.0
76.0
442.0
132.0
106.0
34.0
336.0
299.0
225.0
500.0
75.0
202.0
126.0
268.0
168.0
383.0
95.0
426.0
171.0
500.0
377.0
201.0
410.0
500.0
325.0
359.0
92.0
116.0
382.0
448.0
482.0
265.0
412.0
349.0
500.0
380.0
392.0
46.0
266.0
36.0
276.0
500.0
480.0
165.0
500.0
500.0
283.0
217.0
500.0
500.0
298.0
247.0
386.0
389.0
496.0
430.0
72.0
318.0
131.0
500.0
500.0
319.0
500.0
351.0
247.0
278.0
500.0
446.0
310.0
234.0
500.0
320.0
364.0
500.0
338.0
423.0
492.0
327.0
446.0
256.0
500.0
123.0
260.0
407.0
500.0
155.0
66.0
296.0
57.0
299.0
282.0
500.0
278.0
218.0
135.0
346.0
101.0
296.0
189.0
447.0
169.0
252.0
296.0
378.0
285.0
253.0
303.0
257.0
199.0
500.0
325.0
91.0
220.0
392.0
275.0
386.0
380.0
228.0
257.0
317.0
240.0
327.0
492.0
368.0
309.0
350.0
179.0
220.0
216.0
133.0
59.0
98.0
51.0
88.0
42.0
158.0
354.0
194.0
359.0
388.0
199.0
115.0
154.0
257.0
12.0
136.0
109.0
134.0
124.0
333.0
305.0
127.0
332.0
235.0
303.0
232.0
119.0
65.0
254.0
376.0
229.0
428.0
33.0
205.0
188.0
262.0
63.0
77.0
216.0
240.0
280.0
238.0
249.0
228.0
65.0
179.0
315.0
205.0
500.0
170.0
64.0
186.0
242.0
238.0
202.0
264.0
217.0
225.0
104.0
192.0
138.0
203.0
294.0
143.0
192.0
132.0
122.0
258.0
194.0
176.0
496.0
500.0
500.0
500.0
275.0
282.0
64.0
124.0
500.0
146.0
170.0
500.0
500.0
500.0
500.0
500.0
500.0
500.0
500.0
500.0
62.0
500.0
500.0
500.0
135.0
500.0
500.0
190.0
64.0
500.0
500.0
235.0
123.0
222.0
264.0
164.0
318.0
245.0
332.0
137.0
86.0
169.0
500.0
204.0
271.0
271.0
157.0
197.0
216.0
256.0
318.0
226.0
294.0
155.0
208.0
96.0
149.0
216.0
331.0
173.0
165.0
185.0
256.0
195.0
209.0
197.0
76.0
163.0
67.0
269.0
105.0
67.0
325.0
208.0
500.0
205.0
266.0
234.0
74.0
251.0
187.0
226.0
311.0
117.0
166.0
107.0
250.0
234.0
160.0
285.0
179.0
267.0
120.0
107.0
270.0
211.0
385.0
107.0
72.0
242.0
178.0
373.0
255.0
352.0
155.0
325.0
316.0
240.0
331.0
265.0
248.0
298.0
345.0
208.0
320.0
283.0
359.0
97.0
155.0
175.0
89.0
199.0
124.0
207.0
321.0
265.0
214.0
222.0
89.0
143.0
82.0
83.0
294.0
172.0
271.0
252.0
187.0
331.0
183.0
169.0
84.0
264.0
94.0
186.0
218.0
247.0
187.0
286.0
90.0
256.0
198.0
215.0
95.0
117.0
105.0
258.0
250.0
68.0
167.0
94.0
188.0
132.0
92.0
141.0
197.0
131.0
203.0
235.0
117.0
70.0
99.0
48.0
205.0
70.0
76.0
276.0
174.0
95.0
100.0
69.0
235.0
151.0
112.0
72.0
212.0
198.0
225.0
113.0
248.0
179.0
102.0
71.0
59.0
74.0
275.0
138.0
184.0
60.0
239.0
237.0
197.0
231.0
185.0
112.0
63.0
286.0
500.0
137.0
158.0
86.0
49.0
209.0
49.0
193.0
68.0
94.0
78.0
91.0
123.0
91.0
307.0
86.0
253.0
67.0
105.0
281.0
206.0
73.0
229.0
239.0
182.0
166.0
117.0
175.0
148.0
192.0
107.0
115.0
82.0
140.0
261.0
205.0
309.0
104.0
199.0
257.0
179.0
153.0
97.0
76.0
174.0
70.0
271.0
231.0
175.0
139.0
274.0
248.0
199.0
208.0
167.0
61.0
385.0
235.0
183.0
214.0
217.0
142.0
184.0
286.0
260.0
194.0
201.0
198.0
185.0
278.0
234.0
209.0
143.0
263.0
122.0
199.0
219.0
115.0
185.0
342.0
181.0
155.0
146.0
17.0
93.0
161.0
25.0
150.0
195.0
200.0
216.0
254.0
107.0
202.0
298.0
149.0
280.0
53.0
228.0
49.0
184.0
186.0
167.0
256.0
270.0
212.0
307.0
280.0
144.0
378.0
127.0
219.0
158.0
192.0
253.0
314.0
265.0
160.0
243.0
217.0
240.0
192.0
193.0
246.0
184.0
276.0
408.0
268.0
216.0
227.0
181.0
224.0
198.0
196.0
204.0
217.0
255.0
125.0
292.0
68.0
257.0
74.0
185.0
202.0
285.0
376.0
258.0
310.0
298.0
233.0
343.0
368.0
247.0
274.0
90.0
404.0
290.0
188.0
283.0
48.0
313.0
500.0
215.0
112.0
500.0
22.0
196.0
213.0
302.0
120.0
127.0
303.0
200.0
279.0
280.0
130.0
95.0
257.0
86.0
76.0
135.0
122.0
196.0
321.0
175.0
71.0
232.0
90.0
84.0
282.0
120.0
133.0
151.0
127.0
83.0
214.0
223.0
212.0
221.0
174.0
176.0
188.0
206.0
60.0
228.0
88.0
228.0
67.0
181.0
207.0
234.0
200.0
317.0
197.0
133.0
236.0
349.0
219.0
301.0
195.0
186.0
25.0
247.0
348.0
82.0
98.0
144.0
204.0
179.0
219.0
500.0
236.0
214.0
481.0
67.0
65.0
77.0
171.0
209.0
183.0
127.0
171.0
195.0
165.0
251.0
304.0
71.0
309.0
46.0
226.0
298.0
65.0
270.0
500.0
200.0
199.0
73.0
92.0
270.0
71.0
230.0
280.0
75.0
70.0
148.0
235.0
198.0
260.0
335.0
280.0
273.0
263.0
144.0
267.0
209.0
197.0
211.0
265.0
315.0
422.0
132.0
33.0
258.0
181.0
146.0
109.0
123.0
320.0
242.0
280.0
233.0
35.0
205.0
253.0
249.0
251.0
363.0
288.0
270.0
254.0
272.0
195.0
238.0
500.0
74.0
133.0
149.0
176.0
56.0
170.0
175.0
294.0
206.0
144.0
252.0
249.0
171.0
230.0
251.0
285.0
50.0
197.0
158.0
187.0
265.0
362.0
230.0
500.0
150.0
167.0
272.0
259.0
285.0
361.0
180.0
258.0
62.0
43.0
30.0
53.0
94.0
53.0
127.0
173.0
117.0
267.0
126.0
58.0
236.0
308.0
339.0
225.0
212.0
500.0
424.0
312.0
500.0
500.0
500.0
500.0
500.0
500.0
425.0
500.0
500.0
500.0
500.0
500.0
500.0
500.0
500.0
284.0
173.0
239.0
77.0
239.0
205.0
214.0
331.0
359.0
162.0
256.0
321.0
385.0
283.0
485.0
445.0
292.0
456.0
280.0
249.0
476.0
438.0
372.0
500.0
441.0
112.0
214.0
500.0
202.0
237.0
500.0
233.0
395.0
373.0
152.0
107.0
322.0
269.0
344.0
205.0
189.0
355.0
297.0
234.0
210.0
255.0
353.0
225.0
181.0
292.0
292.0
182.0
217.0
305.0
157.0
239.0
180.0
236.0
308.0
193.0
233.0
205.0
263.0
197.0
174.0
284.0
214.0
200.0
162.0
247.0
253.0
211.0
261.0
317.0
315.0
236.0
206.0
252.0
239.0
234.0
295.0
260.0
267.0
194.0
247.0
173.0
226.0
210.0
258.0
278.0
271.0
114.0
272.0
200.0
272.0
291.0
202.0
223.0
273.0
320.0
251.0
315.0
212.0
211.0
271.0
239.0
225.0
185.0
361.0
247.0
213.0
225.0
269.0
249.0
263.0
261.0
346.0
226.0
305.0
308.0
279.0
221.0
272.0
234.0
269.0
303.0
221.0
314.0
248.0
257.0
269.0
255.0
232.0
252.0
306.0
377.0
233.0
184.0
255.0
205.0
323.0
58.0
337.0
308.0
300.0
261.0
323.0
365.0
382.0
357.0
276.0
158.0
215.0
214.0
354.0
257.0
243.0
302.0
189.0
207.0
208.0
237.0
248.0
300.0
264.0
342.0
315.0
247.0
243.0
186.0
257.0
276.0
229.0
224.0
222.0
210.0
287.0
289.0
231.0
252.0
249.0
434.0
386.0
489.0
461.0
293.0
258.0
180.0
216.0
500.0
68.0
122.0
285.0
481.0
232.0
217.0
237.0
226.0
315.0
166.0
127.0
293.0
210.0
240.0
328.0
270.0
108.0
315.0
226.0
53.0
258.0
268.0
243.0
275.0
295.0
334.0
243.0
500.0
116.0
500.0
210.0
304.0
124.0
244.0
282.0
240.0
275.0
327.0
401.0
159.0
43.0
156.0
157.0
127.0
189.0
268.0
230.0
275.0
266.0
249.0
231.0
82.0
149.0
304.0
393.0
127.0
50.0
153.0
172.0
500.0
396.0
494.0
141.0
341.0
68.0
225.0
239.0
106.0
316.0
46.0
120.0
500.0
367.0
156.0
500.0
471.0
500.0
482.0
136.0
332.0
280.0
319.0
296.0
372.0
349.0
420.0
262.0
321.0
350.0
255.0
269.0
269.0
366.0
45.0
310.0
223.0
299.0
355.0
357.0
316.0
477.0
239.0
500.0
184.0
367.0
500.0
413.0
405.0
500.0
500.0
448.0
500.0
488.0
283.0
49.0
195.0
484.0
500.0
327.0
244.0
500.0
339.0
296.0
320.0
442.0
320.0
328.0
469.0
366.0
485.0
500.0
346.0
372.0
357.0
366.0
330.0
500.0
374.0
373.0
228.0
500.0
434.0
332.0
368.0
466.0
331.0
304.0
270.0
310.0
410.0
268.0
329.0
350.0
301.0
379.0
284.0
324.0
373.0
415.0
428.0
336.0
297.0
330.0
358.0
401.0
290.0
306.0
302.0
409.0
368.0
494.0
375.0
330.0
489.0
481.0
482.0
379.0
328.0
246.0
302.0
302.0
369.0
317.0
298.0
373.0
274.0
365.0
373.0
364.0
324.0
331.0
331.0
376.0
287.0
347.0
349.0
402.0
305.0
294.0
316.0
360.0
421.0
396.0
500.0
500.0
500.0
454.0
294.0
379.0
478.0
500.0
500.0
369.0
500.0
321.0
480.0
415.0
445.0
484.0
500.0
423.0
432.0
495.0
425.0
500.0
368.0
500.0
500.0
360.0
299.0
500.0
359.0
313.0
315.0
500.0
500.0
500.0
324.0
267.0
500.0
500.0
440.0
453.0
500.0
198.0
68.0
500.0
263.0
500.0
500.0
500.0
269.0
500.0
332.0
500.0
500.0
500.0
299.0
359.0
378.0
500.0
484.0
307.0
316.0
500.0
500.0
416.0
351.0
500.0
500.0
456.0
500.0
500.0
312.0
242.0
500.0
500.0
500.0
431.0
412.0
224.0
384.0
500.0
500.0
291.0
500.0
500.0
337.0
371.0
500.0
369.0
362.0
349.0
280.0
215.0
228.0
376.0
215.0
299.0
262.0
244.0
237.0
298.0
214.0
205.0
308.0
325.0
321.0
123.0
339.0
246.0
296.0
326.0
268.0
469.0
151.0
309.0
344.0
322.0
318.0
280.0
311.0
500.0
500.0
500.0
500.0
500.0
259.0
245.0
194.0
248.0
224.0
269.0
333.0
200.0
299.0
207.0
500.0
264.0
228.0
290.0
500.0
500.0
500.0
206.0
269.0
279.0
500.0
469.0
279.0
272.0
293.0
218.0
500.0
500.0
500.0
273.0
351.0
303.0
250.0
237.0
224.0
500.0
492.0
222.0
262.0
299.0
184.0
335.0
500.0
194.0
238.0
397.0
239.0
268.0
288.0
500.0
244.0
357.0
190.0
350.0
500.0
500.0
391.0
229.0
264.0
274.0
500.0
336.0
351.0
500.0
213.0
341.0
500.0
331.0
374.0
264.0
310.0
279.0
202.0
325.0
308.0
189.0
285.0
297.0
290.0
167.0
500.0
273.0
254.0
408.0
346.0
500.0
256.0
327.0
342.0
348.0
500.0
500.0
322.0
245.0
260.0
206.0
180.0
354.0
285.0
239.0
500.0
298.0
296.0
370.0
289.0
274.0
285.0
500.0
285.0
417.0
257.0
309.0
283.0
214.0
277.0
292.0
500.0
310.0
496.0
197.0
500.0
43.0
200.0
415.0
204.0
153.0
357.0
235.0
500.0
442.0
500.0
204.0
27.0
414.0
500.0
500.0
500.0
443.0
500.0
500.0
289.0
307.0
286.0
500.0
500.0
444.0
500.0
500.0
500.0
500.0
500.0
366.0
478.0
500.0
500.0
500.0
454.0
500.0
500.0
500.0
398.0
500.0
500.0
500.0
500.0
500.0
359.0
500.0
500.0
500.0
500.0
500.0
334.0
500.0
500.0
500.0
500.0
408.0
500.0
500.0
500.0
500.0
500.0
500.0
500.0
386.0
500.0
74.0
500.0
500.0
500.0
293.0
433.0
500.0
500.0
500.0
335.0
469.0
500.0
500.0
466.0
500.0
500.0
500.0
500.0
500.0
500.0
500.0
308.0
442.0
314.0
334.0
500.0
415.0
345.0
336.0
499.0
500.0
483.0
500.0
374.0
500.0
500.0
500.0
500.0
500.0
500.0
500.0
500.0
500.0
500.0
500.0
500.0
485.0
319.0
357.0
500.0
183.0
287.0
301.0
302.0
257.0
413.0
500.0
331.0
500.0
500.0
463.0
433.0
310.0
297.0
137.0
309.0
500.0
500.0
404.0
372.0
437.0
316.0
372.0
500.0
431.0
500.0
500.0
446.0
274.0
207.0
280.0
94.0
216.0
280.0
317.0
291.0
240.0
274.0
225.0
349.0
261.0
228.0
304.0
260.0
333.0
500.0
264.0
336.0
299.0
432.0
500.0
379.0
270.0
173.0
348.0
230.0
413.0
314.0
235.0
500.0
301.0
339.0
352.0
264.0
500.0
232.0
356.0
161.0
318.0
500.0
492.0
73.0
276.0
365.0
340.0
392.0
324.0
271.0
481.0
103.0
142.0
500.0
154.0
342.0
282.0
412.0
500.0
135.0
500.0
500.0
94.0
163.0
265.0
216.0
282.0
340.0
500.0
202.0
284.0
500.0
500.0
259.0
236.0
336.0
170.0
341.0
127.0
500.0
227.0
267.0
138.0
333.0
364.0
235.0
205.0
264.0
290.0
232.0
249.0
297.0
447.0
500.0
205.0
464.0
331.0
335.0
500.0
500.0
295.0
236.0
258.0
500.0
212.0
128.0
109.0
226.0
329.0
500.0
362.0
215.0
476.0
217.0
378.0
247.0
269.0
181.0
196.0
246.0
238.0
220.0
500.0
258.0
298.0
500.0
500.0
324.0
304.0
500.0
179.0
363.0
210.0
349.0
350.0
407.0
274.0
110.0
500.0
500.0
500.0
272.0
330.0
324.0
187.0
234.0
135.0
419.0
500.0
475.0
136.0
344.0
500.0
425.0
200.0
343.0
139.0
476.0
117.0
133.0
405.0
121.0
299.0
236.0
290.0
56.0
124.0
227.0
162.0
165.0
108.0
190.0
500.0
182.0
301.0
272.0
500.0
174.0
233.0
360.0
153.0
500.0
208.0
145.0
500.0
162.0
388.0
500.0
297.0
500.0
181.0
109.0
237.0
500.0
500.0
190.0
435.0
500.0
500.0
294.0
500.0
228.0
30.0
235.0
214.0
500.0
262.0
141.0
244.0
286.0
149.0
94.0
500.0
500.0
216.0
296.0
500.0
211.0
122.0
396.0
385.0
500.0
279.0
423.0
287.0
225.0
199.0
313.0
298.0
340.0
500.0
498.0
353.0
500.0
500.0
299.0
500.0
250.0
500.0
353.0
500.0
315.0
301.0
500.0
500.0
500.0
500.0
294.0
406.0
191.0
500.0
500.0
139.0
342.0
102.0
252.0
271.0
199.0
500.0
92.0
342.0
293.0
298.0
209.0
500.0
210.0
269.0
252.0
243.0
247.0
314.0
174.0
217.0
500.0
210.0
425.0
218.0
336.0
145.0
265.0
286.0
152.0
236.0
96.0
233.0
277.0
311.0
312.0
305.0
267.0
250.0
500.0
407.0
286.0
306.0
261.0
221.0
270.0
191.0
255.0
169.0
119.0
165.0
230.0
422.0
311.0
149.0
248.0
183.0
370.0
107.0
251.0
253.0
91.0
110.0
255.0
174.0
87.0
195.0
209.0
82.0
163.0
116.0
167.0
127.0
205.0
150.0
226.0
150.0
172.0
178.0
245.0
157.0
204.0
252.0
166.0
153.0
136.0
277.0
307.0
148.0
213.0
211.0
225.0
203.0
262.0
201.0
183.0
170.0
282.0
60.0
66.0
113.0
18.0
317.0
365.0
249.0
195.0
264.0
500.0
239.0
179.0
156.0
275.0
320.0
168.0
265.0
195.0
148.0
500.0
218.0
171.0
207.0
169.0
229.0
173.0
192.0
500.0
200.0
178.0
232.0
133.0
191.0
188.0
426.0
232.0
177.0
144.0
500.0
137.0
138.0
383.0
252.0
159.0
148.0
127.0
133.0
215.0
253.0
132.0
190.0
188.0
161.0
232.0
234.0
232.0
146.0
234.0
232.0
138.0
212.0
192.0
121.0
214.0
132.0
140.0
249.0
182.0
227.0
186.0
101.0
125.0
137.0
171.0
117.0
168.0
276.0
123.0
121.0
318.0
157.0
148.0
114.0
165.0
98.0
276.0
108.0
234.0
190.0
213.0
290.0
196.0
290.0
207.0
226.0
434.0
131.0
136.0
108.0
270.0
162.0
111.0
209.0
214.0
292.0
289.0
303.0
283.0
107.0
165.0
205.0
229.0
176.0
156.0
210.0
138.0
151.0
181.0
148.0
187.0
241.0
285.0
192.0
283.0
244.0
267.0
284.0
141.0
334.0
167.0
229.0
162.0
228.0
203.0
238.0
213.0
290.0
239.0
390.0
122.0
112.0
168.0
212.0
337.0
164.0
136.0
218.0
98.0
108.0
185.0
500.0
167.0
260.0
225.0
247.0
262.0
223.0
251.0
228.0
267.0
249.0
288.0
241.0
201.0
84.0
165.0
315.0
274.0
86.0
369.0
171.0
237.0
199.0
198.0
239.0
153.0
45.0
470.0
130.0
51.0
232.0
179.0
85.0
156.0
144.0
162.0
435.0
188.0
462.0
234.0
390.0
163.0
151.0
177.0
216.0
253.0
315.0
176.0
237.0
398.0
414.0
180.0
211.0
298.0
229.0
189.0
404.0
150.0
305.0
258.0
209.0
247.0
445.0
151.0
184.0
336.0
299.0
302.0
276.0
296.0
326.0
154.0
201.0
194.0
246.0
256.0
157.0
312.0
414.0
209.0
184.0
196.0
412.0
301.0
191.0
199.0
315.0
187.0
283.0
154.0
220.0
290.0
404.0
146.0
376.0
185.0
315.0
314.0
175.0
277.0
292.0
205.0
193.0
300.0
208.0
282.0
225.0
366.0
265.0
267.0
381.0
160.0
360.0
248.0
225.0
269.0
399.0
319.0
252.0
284.0
279.0
288.0
319.0
233.0
222.0
312.0
220.0
240.0
188.0
202.0
165.0
213.0
500.0
305.0
205.0
385.0
212.0
296.0
210.0
218.0
184.0
303.0
175.0
173.0
181.0
231.0
289.0
229.0
263.0
193.0
278.0
271.0
279.0
181.0
151.0
406.0
265.0
349.0
306.0
271.0
359.0
342.0
271.0
268.0
242.0
309.0
210.0
260.0
174.0
179.0
235.0
212.0
189.0
317.0
205.0
348.0
222.0
183.0
251.0
500.0
214.0
230.0
261.0
206.0
178.0
187.0
185.0
190.0
294.0
290.0
252.0
270.0
239.0
193.0
182.0
158.0
255.0
254.0
244.0
200.0
195.0
242.0
259.0
231.0
324.0
353.0
233.0
281.0
186.0
205.0
247.0
175.0
342.0
271.0
221.0
346.0
234.0
180.0
190.0
385.0
275.0
292.0
226.0
282.0
273.0
278.0
85.0
206.0
205.0
229.0
235.0
205.0
235.0
340.0
251.0
318.0
145.0
236.0
214.0
242.0
455.0
500.0
500.0
500.0
109.0
206.0
445.0
500.0
414.0
443.0
500.0
260.0
500.0
141.0
167.0
462.0
284.0
252.0
285.0
267.0
223.0
336.0
141.0
344.0
172.0
308.0
275.0
372.0
353.0
310.0
298.0
404.0
210.0
260.0
243.0
227.0
227.0
276.0
270.0
324.0
318.0
120.0
166.0
500.0
242.0
167.0
301.0
84.0
201.0
187.0
213.0
354.0
318.0
254.0
284.0
290.0
222.0
337.0
312.0
231.0
350.0
111.0
89.0
172.0
465.0
434.0
361.0
152.0
232.0
257.0
186.0
172.0
298.0
275.0
448.0
332.0
237.0
500.0
179.0
357.0
249.0
384.0
202.0
294.0
145.0
441.0
243.0
167.0
215.0
195.0
500.0
205.0
249.0
380.0
158.0
379.0
216.0
154.0
374.0
132.0
410.0
484.0
314.0
212.0
197.0
160.0
153.0
500.0
180.0
371.0
241.0
347.0
500.0
210.0
140.0
115.0
283.0
500.0
118.0
282.0
241.0
200.0
101.0
215.0
219.0
233.0
213.0
201.0
178.0
173.0
197.0
109.0
214.0
354.0
299.0
323.0
300.0
94.0
260.0
140.0
174.0
117.0
500.0
263.0
245.0
230.0
235.0
324.0
177.0
406.0
345.0
185.0
214.0
500.0
226.0
228.0
254.0
240.0
290.0
171.0
141.0
291.0
158.0
203.0
247.0
500.0
74.0
286.0
303.0
209.0
161.0
183.0
327.0
307.0
362.0
214.0
148.0
338.0
310.0
301.0
218.0
209.0
226.0
239.0
240.0
365.0
457.0
332.0
205.0
244.0
202.0
91.0
168.0
237.0
206.0
321.0
192.0
171.0
260.0
197.0
284.0
274.0
249.0
197.0
245.0
282.0
221.0
281.0
240.0
216.0
279.0
165.0
163.0
226.0
319.0
298.0
255.0
193.0
350.0
215.0
411.0
247.0
200.0
208.0
136.0
164.0
313.0
174.0
205.0
331.0
152.0
175.0
291.0
330.0
234.0
492.0
176.0
259.0
184.0
250.0
303.0
450.0
122.0
272.0
270.0
234.0
389.0
429.0
249.0
264.0
316.0
182.0
273.0
219.0
163.0
404.0
328.0
205.0
187.0
216.0
256.0
173.0
73.0
224.0
297.0
439.0
275.0
221.0
500.0
332.0
217.0
387.0
148.0
305.0
248.0
275.0
500.0
194.0
204.0
430.0
158.0
264.0
215.0
176.0
179.0
160.0
201.0
281.0
231.0
277.0
288.0
207.0
298.0
270.0
267.0
153.0
228.0
187.0
189.0
370.0
226.0
227.0
344.0
212.0
301.0
271.0
306.0
332.0
117.0
267.0
298.0
197.0
294.0
191.0
286.0
218.0
437.0
301.0
273.0
405.0
197.0
74.0
203.0
202.0
290.0
157.0
217.0
364.0
297.0
301.0
412.0
277.0
500.0
233.0
494.0
459.0
227.0
433.0
500.0
487.0
472.0
139.0
352.0
333.0
187.0
312.0
322.0
433.0
203.0
208.0
200.0
172.0
338.0
372.0
286.0
343.0
371.0
216.0
192.0
288.0
141.0
216.0
342.0
218.0
329.0
289.0
333.0
190.0
344.0
209.0
367.0
230.0
181.0
197.0
236.0
326.0
169.0
150.0
328.0
207.0
344.0
248.0
279.0
209.0
345.0
386.0
98.0
267.0
348.0
174.0
263.0
276.0
81.0
216.0
212.0
279.0
295.0
500.0
268.0
500.0
203.0
239.0
175.0
283.0
195.0
228.0
398.0
153.0
229.0
243.0
84.0
260.0
324.0
200.0
202.0
500.0
342.0
285.0
151.0
159.0
500.0
140.0
329.0
270.0
500.0
269.0
500.0
147.0
201.0
194.0
44.0
230.0
396.0
288.0
310.0
145.0
500.0
500.0
208.0
500.0
129.0
64.0
500.0
500.0
176.0
500.0
199.0
500.0
37.0
500.0
209.0
500.0
500.0
369.0
360.0
500.0
113.0
92.0
278.0
32.0
500.0
84.0
500.0
332.0
292.0
84.0
482.0
298.0
103.0
226.0
500.0
433.0
263.0
500.0
500.0
500.0
500.0
500.0
450.0
500.0
500.0
418.0
500.0
500.0
500.0
474.0
500.0
500.0
500.0
500.0
500.0
440.0
500.0
500.0
368.0
500.0
500.0
500.0
500.0
500.0
500.0
500.0
500.0
500.0
500.0
500.0
500.0
500.0
500.0
500.0
500.0
299.0
500.0
500.0
500.0
311.0
500.0
500.0
500.0
500.0
500.0
500.0
500.0
500.0
500.0
500.0
500.0
500.0
500.0
500.0
500.0
500.0
500.0
183.0
500.0
500.0
500.0
500.0
500.0
500.0
500.0
433.0
433.0
120.0
402.0
61.0
362.0
176.0
238.0
202.0
328.0
476.0
423.0
105.0
253.0
340.0
306.0
110.0
500.0
185.0
214.0
230.0
257.0
176.0
282.0
233.0
275.0
72.0
84.0
301.0
218.0
413.0
242.0
287.0
231.0
211.0
340.0
218.0
213.0
214.0
218.0
303.0
58.0
336.0
239.0
283.0
54.0
368.0
224.0
104.0
215.0
220.0
98.0
96.0
242.0
235.0
339.0
500.0
247.0
500.0
247.0
213.0
342.0
282.0
293.0
500.0
500.0
293.0
500.0
225.0
251.0
314.0
214.0
124.0
328.0
315.0
291.0
328.0
195.0
365.0
415.0
299.0
236.0
311.0
192.0
270.0
500.0
362.0
357.0
344.0
394.0
282.0
263.0
230.0
289.0
272.0
500.0
500.0
199.0
117.0
311.0
457.0
500.0
107.0
66.0
160.0
250.0
184.0
337.0
274.0
500.0
217.0
497.0
115.0
95.0
114.0
123.0
117.0
101.0
56.0
264.0
143.0
37.0
390.0
84.0
500.0
279.0
500.0
234.0
299.0
500.0
500.0
254.0
498.0
500.0
347.0
500.0
225.0
500.0
500.0
500.0
447.0
307.0
500.0
500.0
165.0
148.0
500.0
500.0
500.0
500.0
96.0
284.0
448.0
500.0
500.0
127.0
168.0
54.0
500.0
259.0
82.0
437.0
101.0
500.0
88.0
500.0
195.0
196.0
212.0
500.0
500.0
70.0
84.0
500.0
500.0
35.0
500.0
500.0
455.0
56.0
500.0
172.0
500.0
500.0
403.0
500.0
500.0
500.0
453.0
500.0
500.0
500.0
500.0
348.0
220.0
500.0
500.0
500.0
500.0
500.0
500.0
500.0
500.0
198.0
500.0
107.0
500.0
500.0
500.0
16.0
366.0
171.0
500.0
203.0
487.0
500.0
222.0
500.0
279.0
445.0
305.0
212.0
411.0
198.0
500.0
318.0
467.0
305.0
476.0
135.0
372.0
240.0
312.0
126.0
206.0
13.0
500.0
105.0
106.0
500.0
500.0
500.0
500.0
384.0
500.0
500.0
500.0
419.0
499.0
500.0
356.0
500.0
500.0
500.0
500.0
500.0
135.0
500.0
500.0
337.0
500.0
500.0
500.0
500.0
500.0
500.0
500.0
500.0
500.0
500.0
500.0
500.0
500.0
500.0
500.0
500.0
500.0
500.0
500.0
500.0
500.0
500.0
500.0
500.0
500.0
500.0
500.0
500.0
500.0
500.0
500.0
445.0
500.0
54.0
500.0
500.0
500.0
231.0
500.0
500.0
500.0
500.0
309.0
500.0
500.0
500.0
500.0
500.0
165.0
500.0
500.0
500.0
500.0
500.0
387.0
500.0
500.0
500.0
375.0
338.0
440.0
500.0
500.0
379.0
500.0
500.0
500.0
500.0
310.0
500.0
500.0
307.0
500.0
329.0
447.0
500.0
500.0
500.0
500.0
500.0
498.0
500.0
500.0
500.0
467.0
257.0
369.0
500.0
500.0
500.0
224.0
500.0
500.0
214.0
500.0
469.0
500.0
273.0
500.0
500.0
321.0
274.0
500.0
347.0
500.0
500.0
226.0
500.0
500.0
256.0
33.0
301.0
229.0
334.0
500.0
500.0
356.0
500.0
221.0
500.0
500.0
347.0
233.0
500.0
403.0
179.0
498.0
192.0
500.0
221.0
70.0
198.0
208.0
500.0
154.0
500.0
223.0
293.0
129.0
205.0
500.0
500.0
198.0
500.0
211.0
170.0
250.0
500.0
195.0
195.0
364.0
272.0
161.0
500.0
500.0
500.0
235.0
191.0
207.0
215.0
500.0
192.0
500.0
500.0
183.0
198.0
500.0
169.0
177.0
500.0
500.0
500.0
500.0
206.0
500.0
500.0
210.0
500.0
157.0
500.0
500.0
500.0
293.0
139.0
500.0
160.0
139.0
500.0
112.0
500.0
258.0
500.0
173.0
500.0
500.0
500.0
137.0
135.0
121.0
147.0
174.0
500.0
304.0
500.0
207.0
204.0
500.0
168.0
159.0
181.0
237.0
173.0
112.0
500.0
500.0
337.0
500.0
500.0
167.0
500.0
189.0
390.0
192.0
229.0
500.0
100.0
500.0
270.0
202.0
480.0
500.0
139.0
210.0
185.0
142.0
159.0
500.0
500.0
500.0
233.0
500.0
500.0
500.0
500.0
500.0
500.0
500.0
500.0
500.0
500.0
500.0
500.0
500.0
500.0
500.0
500.0
500.0
500.0
500.0
500.0
500.0
500.0
500.0
500.0
226.0
500.0
500.0
500.0
500.0
500.0
500.0
500.0
500.0
500.0
500.0
500.0
500.0
500.0
500.0
500.0
500.0
500.0
500.0
162.0
477.0
231.0
500.0
500.0
493.0
188.0
500.0
500.0
279.0
500.0
500.0
500.0
500.0
500.0
500.0
500.0
500.0
500.0
500.0
500.0
500.0
500.0
500.0
311.0
500.0
265.0
500.0
170.0
204.0
263.0
500.0
500.0
500.0
215.0
293.0
228.0
307.0
201.0
136.0
238.0
264.0
500.0
500.0
220.0
169.0
319.0
500.0
437.0
170.0
500.0
500.0
500.0
500.0
500.0
500.0
11.0
500.0
500.0
500.0
500.0
500.0
500.0
500.0
500.0
500.0
500.0
500.0
500.0
500.0
500.0
500.0
500.0
500.0
500.0
220.0
500.0
500.0
500.0
500.0
500.0
500.0
500.0
500.0
500.0
500.0
500.0
500.0
500.0
500.0
500.0
500.0
500.0
500.0
500.0
500.0
500.0
146.0
500.0
500.0
500.0
500.0
500.0
500.0
500.0
500.0
500.0
500.0
500.0
500.0
500.0
500.0
500.0
500.0
500.0
500.0
176.0
500.0
500.0
500.0
500.0
500.0
500.0
500.0
500.0
500.0
500.0
255.0
500.0
500.0
500.0
500.0
420.0
500.0
500.0
240.0
500.0
218.0
500.0
488.0
500.0
294.0
500.0
268.0
500.0
500.0
500.0
500.0
204.0
500.0
500.0
500.0
500.0
500.0
500.0
140.0
417.0
500.0
418.0
500.0
144.0
500.0
500.0
500.0
389.0
314.0
500.0
500.0
500.0
500.0
191.0
358.0
500.0
190.0
500.0
500.0
148.0
500.0
253.0
500.0
500.0
500.0
500.0
209.0
500.0
500.0
500.0
500.0
184.0
500.0
500.0
222.0
365.0
500.0
451.0
401.0
500.0
230.0
230.0
423.0
500.0
500.0
500.0
307.0
500.0
439.0
471.0
448.0
192.0
307.0
270.0
206.0
328.0
394.0
342.0
376.0
133.0
382.0
500.0
234.0
47.0
500.0
278.0
455.0
321.0
500.0
74.0
289.0
101.0
212.0
319.0
227.0
272.0
299.0
271.0
210.0
426.0
151.0
500.0
169.0
375.0
176.0
191.0
500.0
222.0
500.0
244.0
195.0
356.0
251.0
389.0
143.0
187.0
379.0
247.0
242.0
222.0
252.0
185.0
252.0
414.0
500.0
288.0
203.0
500.0
207.0
136.0
307.0
158.0
307.0
193.0
246.0
420.0
240.0
500.0
500.0
500.0
216.0
434.0
500.0
259.0
248.0
500.0
500.0
439.0
154.0
500.0
293.0
252.0
500.0
500.0
500.0
432.0
500.0
177.0
203.0
164.0
99.0
500.0
500.0
216.0
500.0
392.0
388.0
500.0
500.0
500.0
500.0
500.0
500.0
500.0
500.0
253.0
500.0
362.0
216.0
43.0
123.0
203.0
500.0
500.0
201.0
500.0
500.0
500.0
500.0
500.0
500.0
500.0
229.0
500.0
500.0
74.0
500.0
500.0
500.0
500.0
500.0
500.0
396.0
209.0
500.0
500.0
500.0
500.0
500.0
500.0
500.0
500.0
500.0
500.0
500.0
500.0
307.0
191.0
500.0
500.0
500.0
500.0
396.0
261.0
358.0
118.0
297.0
500.0
500.0
328.0
133.0
95.0
368.0
78.0
248.0
197.0
62.0
200.0
60.0
136.0
24.0
211.0
120.0
500.0
500.0
421.0
117.0
122.0
139.0
146.0
281.0
500.0
110.0
147.0
160.0
328.0
500.0
171.0
195.0
87.0
216.0
240.0
311.0
288.0
137.0
199.0
250.0
198.0
500.0
150.0
500.0
170.0
184.0
500.0
500.0
500.0
465.0
500.0
217.0
231.0
500.0
500.0
500.0
278.0
302.0
181.0
258.0
500.0
243.0
500.0
204.0
357.0
500.0
437.0
500.0
500.0
260.0
500.0
500.0
480.0
500.0
437.0
300.0
257.0
500.0
214.0
112.0
135.0
200.0
265.0
22.0
327.0
392.0
500.0
500.0
382.0
500.0
500.0
500.0
271.0
500.0
500.0
500.0
500.0
500.0
333.0
237.0
500.0
500.0
178.0
227.0
500.0
182.0
279.0
500.0
294.0
379.0
326.0
222.0
333.0
257.0
500.0
421.0
161.0
500.0
100.0
500.0
202.0
213.0
192.0
218.0
500.0
366.0
500.0
244.0
379.0
109.0
500.0
35.0
330.0
500.0
500.0
500.0
500.0
500.0
382.0
500.0
404.0
363.0
500.0
500.0
500.0
500.0
454.0
441.0
500.0
500.0
347.0
379.0
500.0
500.0
316.0
386.0
275.0
216.0
500.0
500.0
257.0
500.0
500.0
449.0
368.0
329.0
494.0
159.0
500.0
458.0
500.0
500.0
329.0
342.0
237.0
210.0
274.0
252.0
241.0
259.0
453.0
475.0
500.0
291.0
364.0
500.0
341.0
315.0
359.0
388.0
500.0
436.0
500.0
312.0
291.0
345.0
218.0
275.0
225.0
240.0
500.0
202.0
500.0
399.0
500.0
362.0
337.0
437.0
500.0
310.0
257.0
456.0
271.0
285.0
500.0
264.0
278.0
263.0
286.0
213.0
276.0
478.0
363.0
278.0
392.0
343.0
272.0
262.0
244.0
450.0
227.0
500.0
248.0
266.0
479.0
214.0
455.0
227.0
246.0
224.0
419.0
500.0
500.0
326.0
500.0
500.0
230.0
342.0
258.0
500.0
250.0
500.0
332.0
385.0
314.0
474.0
312.0
346.0
214.0
277.0
254.0
285.0
356.0
260.0
454.0
447.0
220.0
500.0
301.0
428.0
500.0
290.0
292.0
294.0
250.0
300.0
469.0
215.0
257.0
226.0
500.0
500.0
266.0
227.0
500.0
500.0
398.0
376.0
445.0
500.0
500.0
365.0
300.0
240.0
227.0
275.0
251.0
226.0
327.0
207.0
381.0
442.0
457.0
234.0
466.0
231.0
500.0
301.0
309.0
259.0
444.0
238.0
500.0
500.0
446.0
500.0
500.0
404.0
228.0
219.0
339.0
398.0
305.0
500.0
460.0
500.0
239.0
375.0
485.0
240.0
478.0
251.0
304.0
471.0
500.0
213.0
500.0
258.0
500.0
376.0
500.0
355.0
403.0
262.0
320.0
500.0
500.0
237.0
275.0
500.0
320.0
500.0
355.0
251.0
219.0
232.0
218.0
195.0
494.0
288.0
226.0
248.0
500.0
260.0
212.0
265.0
497.0
391.0
248.0
374.0
104.0
337.0
492.0
500.0
360.0
500.0
311.0
371.0
193.0
280.0
301.0
302.0
472.0
330.0
500.0
330.0
308.0
222.0
325.0
284.0
364.0
320.0
303.0
249.0
354.0
284.0
282.0
235.0
379.0
256.0
280.0
454.0
310.0
265.0
295.0
235.0
314.0
306.0
390.0
322.0
304.0
247.0
285.0
156.0
316.0
199.0
154.0
222.0
272.0
351.0
500.0
262.0
101.0
150.0
213.0
111.0
500.0
500.0
152.0
279.0
500.0
103.0
163.0
200.0
259.0
92.0
148.0
70.0
132.0
137.0
289.0
324.0
208.0
180.0
188.0
456.0
211.0
277.0
339.0
318.0
90.0
500.0
500.0
90.0
189.0
500.0
379.0
500.0
255.0
225.0
305.0
500.0
254.0
322.0
113.0
453.0
175.0
134.0
210.0
500.0
341.0
150.0
137.0
371.0
500.0
254.0
152.0
340.0
342.0
500.0
500.0
203.0
272.0
60.0
223.0
500.0
201.0
323.0
140.0
272.0
500.0
500.0
295.0
191.0
314.0
95.0
469.0
270.0
273.0
360.0
190.0
338.0
228.0
500.0
265.0
107.0
289.0
303.0
382.0
167.0
270.0
402.0
113.0
500.0
500.0
500.0
500.0
338.0
106.0
211.0
422.0
500.0
218.0
103.0
467.0
240.0
272.0
409.0
284.0
352.0
215.0
207.0
264.0
500.0
354.0
361.0
500.0
144.0
156.0
500.0
448.0
177.0
427.0
113.0
403.0
500.0
201.0
225.0
377.0
378.0
500.0
271.0
413.0
177.0
423.0
232.0
405.0
205.0
500.0
444.0
193.0
500.0
500.0
500.0
500.0
369.0
298.0
422.0
440.0
500.0
500.0
391.0
462.0
411.0
358.0
500.0
352.0
500.0
500.0
500.0
363.0
110.0
201.0
500.0
153.0
500.0
338.0
337.0
441.0
234.0
500.0
397.0
246.0
500.0
419.0
279.0
500.0
342.0
199.0
203.0
402.0
500.0
373.0
202.0
379.0
315.0
330.0
140.0
500.0
206.0
304.0
174.0
286.0
384.0
500.0
152.0
332.0
500.0
151.0
204.0
179.0
155.0
500.0
472.0
452.0
351.0
500.0
198.0
150.0
217.0
262.0
369.0
430.0
368.0
290.0
162.0
365.0
177.0
340.0
500.0
254.0
500.0
417.0
191.0
233.0
500.0
319.0
498.0
196.0
189.0
185.0
337.0
500.0
320.0
215.0
231.0
500.0
287.0
370.0
500.0
500.0
500.0
198.0
500.0
335.0
169.0
500.0
205.0
311.0
208.0
362.0
202.0
159.0
196.0
220.0
208.0
188.0
177.0
191.0
180.0
236.0
338.0
320.0
185.0
172.0
404.0
181.0
180.0
178.0
354.0
339.0
249.0
69.0
186.0
228.0
398.0
344.0
131.0
489.0
66.0
173.0
319.0
189.0
185.0
500.0
295.0
188.0
267.0
186.0
345.0
206.0
195.0
182.0
203.0
314.0
319.0
245.0
243.0
288.0
500.0
275.0
490.0
143.0
243.0
324.0
162.0
500.0
270.0
131.0
203.0
203.0
312.0
282.0
240.0
500.0
500.0
220.0
236.0
317.0
159.0
145.0
291.0
136.0
340.0
232.0
223.0
338.0
196.0
242.0
212.0
214.0
240.0
167.0
177.0
500.0
118.0
110.0
207.0
153.0
127.0
183.0
236.0
168.0
113.0
255.0
133.0
199.0
195.0
116.0
147.0
164.0
167.0
210.0
223.0
107.0
253.0
159.0
152.0
291.0
157.0
168.0
86.0
153.0
220.0
224.0
177.0
140.0
231.0
231.0
199.0
167.0
234.0
207.0
236.0
237.0
238.0
224.0
235.0
196.0
213.0
130.0
293.0
234.0
208.0
124.0
191.0
223.0
179.0
154.0
94.0
122.0
133.0
242.0
125.0
239.0
173.0
232.0
150.0
139.0
157.0
264.0
221.0
216.0
202.0
192.0
225.0
227.0
253.0
311.0
232.0
115.0
201.0
226.0
182.0
160.0
230.0
175.0
78.0
208.0
213.0
132.0
144.0
168.0
206.0
148.0
201.0
238.0
242.0
234.0
500.0
194.0
184.0
211.0
240.0
233.0
210.0
243.0
260.0
160.0
124.0
159.0
132.0
149.0
244.0
146.0
191.0
253.0
122.0
244.0
198.0
211.0
130.0
272.0
159.0
127.0
215.0
309.0
166.0
226.0
191.0
206.0
102.0
183.0
102.0
500.0
215.0
240.0
103.0
243.0
199.0
232.0
162.0
202.0
215.0
155.0
110.0
288.0
100.0
171.0
190.0
220.0
385.0
119.0
197.0
170.0
208.0
123.0
205.0
154.0
201.0
201.0
95.0
178.0
381.0
170.0
369.0
147.0
291.0
188.0
116.0
112.0
166.0
217.0
144.0
241.0
247.0
175.0
170.0
134.0
214.0
166.0
258.0
279.0
246.0
136.0
176.0
253.0
113.0
130.0
269.0
151.0
207.0
169.0
137.0
156.0
306.0
153.0
140.0
146.0
156.0
177.0
136.0
188.0
132.0
59.0
144.0
83.0
149.0
194.0
112.0
227.0
500.0
500.0
85.0
69.0
191.0
183.0
204.0
267.0
223.0
152.0
221.0
170.0
134.0
212.0
126.0
203.0
205.0
183.0
234.0
243.0
172.0
412.0
481.0
212.0
140.0
169.0
144.0
201.0
74.0
256.0
253.0
351.0
259.0
310.0
344.0
270.0
256.0
174.0
280.0
283.0
322.0
250.0
336.0
500.0
254.0
173.0
242.0
256.0
266.0
311.0
500.0
287.0
216.0
313.0
257.0
224.0
320.0
291.0
251.0
450.0
106.0
260.0
219.0
128.0
258.0
235.0
92.0
302.0
94.0
235.0
301.0
265.0
211.0
353.0
299.0
369.0
255.0
500.0
500.0
222.0
299.0
255.0
456.0
235.0
285.0
237.0
209.0
265.0
252.0
236.0
434.0
258.0
220.0
304.0
274.0
330.0
259.0
500.0
421.0
259.0
500.0
500.0
426.0
247.0
336.0
316.0
375.0
267.0
370.0
220.0
146.0
318.0
249.0
186.0
240.0
263.0
326.0
263.0
158.0
285.0
500.0
328.0
340.0
439.0
196.0
138.0
339.0
385.0
500.0
271.0
210.0
500.0
272.0
153.0
138.0
133.0
141.0
124.0
193.0
199.0
120.0
473.0
189.0
265.0
167.0
185.0
211.0
500.0
500.0
500.0
202.0
211.0
120.0
51.0
136.0
500.0
500.0
261.0
500.0
182.0
500.0
500.0
482.0
500.0
168.0
225.0
500.0
500.0
500.0
71.0
415.0
476.0
357.0
184.0
205.0
347.0
258.0
500.0
396.0
233.0
260.0
176.0
257.0
370.0
161.0
271.0
215.0
189.0
500.0
188.0
233.0
181.0
235.0
282.0
500.0
214.0
243.0
500.0
213.0
500.0
364.0
103.0
188.0
328.0
89.0
219.0
339.0
271.0
197.0
289.0
240.0
247.0
308.0
201.0
136.0
249.0
267.0
323.0
256.0
154.0
256.0
352.0
202.0
299.0
248.0
457.0
148.0
248.0
139.0
187.0
123.0
165.0
314.0
175.0
500.0
201.0
410.0
133.0
180.0
201.0
286.0
271.0
307.0
383.0
500.0
170.0
159.0
500.0
165.0
288.0
215.0
211.0
385.0
240.0
209.0
268.0
255.0
370.0
277.0
215.0
182.0
272.0
205.0
240.0
135.0
241.0
274.0
281.0
163.0
453.0
268.0
163.0
184.0
214.0
93.0
108.0
134.0
48.0
120.0
195.0
244.0
189.0
193.0
142.0
199.0
265.0
246.0
183.0
172.0
245.0
184.0
149.0
164.0
171.0
183.0
173.0
208.0
230.0
182.0
223.0
209.0
125.0
164.0
90.0
125.0
262.0
168.0
149.0
238.0
229.0
138.0
140.0
310.0
167.0
368.0
306.0
148.0
204.0
295.0
179.0
295.0
170.0
116.0
162.0
172.0
149.0
184.0
321.0
393.0
500.0
189.0
205.0
217.0
196.0
484.0
198.0
500.0
257.0
146.0
226.0
316.0
355.0
166.0
358.0
195.0
205.0
220.0
176.0
143.0
136.0
108.0
210.0
166.0
309.0
172.0
166.0
217.0
219.0
161.0
179.0
187.0
122.0
213.0
188.0
197.0
138.0
278.0
102.0
210.0
164.0
296.0
160.0
302.0
107.0
267.0
187.0
247.0
148.0
280.0
149.0
234.0
211.0
242.0
100.0
190.0
201.0
308.0
241.0
168.0
145.0
246.0
86.0
232.0
119.0
203.0
88.0
216.0
72.0
194.0
191.0
283.0
110.0
136.0
156.0
304.0
178.0
66.0
220.0
275.0
142.0
152.0
162.0
193.0
110.0
120.0
161.0
131.0
54.0
126.0
235.0
201.0
140.0
325.0
190.0
159.0
127.0
122.0
215.0
225.0
212.0
121.0
166.0
135.0
128.0
146.0
131.0
165.0
281.0
290.0
144.0
104.0
83.0
173.0
171.0
122.0
134.0
198.0
267.0
124.0
248.0
144.0
179.0
102.0
57.0
165.0
158.0
118.0
126.0
205.0
175.0
205.0
126.0
214.0
123.0
149.0
154.0
190.0
231.0
125.0
148.0
96.0
369.0
203.0
93.0
159.0
275.0
154.0
202.0
255.0
165.0
212.0
200.0
54.0
301.0
294.0
215.0
228.0
213.0
197.0
201.0
124.0
187.0
183.0
52.0
139.0
218.0
191.0
500.0
393.0
500.0
309.0
201.0
312.0
450.0
325.0
245.0
314.0
212.0
174.0
271.0
500.0
500.0
152.0
288.0
274.0
292.0
260.0
191.0
131.0
202.0
219.0
475.0
129.0
395.0
163.0
500.0
236.0
59.0
155.0
213.0
500.0
200.0
164.0
253.0
228.0
171.0
500.0
268.0
193.0
215.0
243.0
276.0
279.0
184.0
264.0
305.0
136.0
225.0
461.0
155.0
180.0
500.0
190.0
224.0
158.0
425.0
500.0
500.0
147.0
429.0
322.0
330.0
378.0
197.0
249.0
145.0
238.0
175.0
150.0
193.0
500.0
220.0
315.0
333.0
500.0
500.0
225.0
425.0
500.0
344.0
500.0
500.0
500.0
500.0
500.0
247.0
161.0
500.0
198.0
500.0
500.0
500.0
295.0
200.0
369.0
500.0
418.0
500.0
500.0
188.0
500.0
500.0
416.0
500.0
381.0
500.0
460.0
500.0
405.0
500.0
176.0
500.0
500.0
500.0
500.0
500.0
279.0
183.0
180.0
500.0
500.0
187.0
435.0
409.0
200.0
152.0
500.0
500.0
261.0
300.0
320.0
206.0
320.0
352.0
356.0
329.0
301.0
190.0
182.0
278.0
364.0
500.0
457.0
260.0
147.0
166.0
65.0
257.0
232.0
447.0
254.0
500.0
486.0
500.0
500.0
299.0
364.0
245.0
109.0
190.0
231.0
227.0
245.0
227.0
202.0
193.0
154.0
90.0
73.0
363.0
251.0
153.0
143.0
201.0
238.0
201.0
250.0
179.0
165.0
294.0
232.0
247.0
357.0
198.0
76.0
224.0
183.0
312.0
270.0
363.0
256.0
384.0
141.0
158.0
500.0
464.0
172.0
500.0
331.0
153.0
131.0
500.0
500.0
341.0
248.0
270.0
323.0
151.0
500.0
154.0
251.0
247.0
318.0
208.0
181.0
214.0
175.0
187.0
160.0
251.0
492.0
353.0
162.0
416.0
345.0
273.0
197.0
172.0
408.0
313.0
500.0
484.0
135.0
311.0
284.0
114.0
419.0
318.0
200.0
178.0
500.0
143.0
500.0
384.0
381.0
266.0
166.0
500.0
477.0
500.0
500.0
180.0
320.0
135.0
435.0
500.0
255.0
370.0
212.0
232.0
439.0
311.0
500.0
288.0
269.0
500.0
500.0
500.0
327.0
206.0
265.0
288.0
184.0
315.0
214.0
232.0
191.0
473.0
500.0
279.0
155.0
500.0
203.0
184.0
279.0
170.0
282.0
67.0
194.0
206.0
213.0
244.0
254.0
218.0
232.0
154.0
279.0
181.0
159.0
57.0
131.0
184.0
180.0
150.0
222.0
110.0
167.0
500.0
222.0
485.0
153.0
451.0
387.0
356.0
254.0
113.0
157.0
230.0
333.0
243.0
242.0
247.0
500.0
382.0
189.0
244.0
460.0
208.0
180.0
262.0
114.0
114.0
268.0
125.0
128.0
500.0
402.0
354.0
328.0
213.0
305.0
189.0
162.0
173.0
202.0
167.0
103.0
390.0
143.0
274.0
500.0
301.0
112.0
481.0
309.0
259.0
207.0
264.0
345.0
256.0
309.0
324.0
127.0
332.0
232.0
241.0
124.0
377.0
500.0
311.0
386.0
163.0
260.0
500.0
270.0
132.0
415.0
293.0
279.0
110.0
203.0
303.0
237.0
500.0
321.0
245.0
326.0
500.0
214.0
500.0
500.0
327.0
500.0
248.0
468.0
157.0
500.0
310.0
345.0
313.0
163.0
146.0
500.0
398.0
500.0
295.0
226.0
500.0
130.0
103.0
452.0
500.0
166.0
500.0
302.0
500.0
500.0
500.0
500.0
433.0
500.0
291.0
201.0
221.0
500.0
177.0
285.0
276.0
281.0
210.0
234.0
347.0
245.0
500.0
411.0
377.0
186.0
444.0
477.0
500.0
423.0
390.0
240.0
285.0
213.0
250.0
240.0
287.0
500.0
333.0
398.0
269.0
188.0
259.0
500.0
221.0
321.0
405.0
170.0
399.0
279.0
323.0
426.0
486.0
184.0
500.0
408.0
353.0
299.0
500.0
285.0
403.0
390.0
301.0
362.0
329.0
500.0
500.0
233.0
500.0
323.0
469.0
282.0
195.0
317.0
299.0
272.0
500.0
500.0
254.0
500.0
209.0
118.0
92.0
360.0
94.0
150.0
186.0
142.0
150.0
442.0
83.0
126.0
132.0
303.0
213.0
393.0
118.0
130.0
124.0
170.0
298.0
500.0
297.0
429.0
434.0
155.0
392.0
390.0
317.0
500.0
500.0
500.0
500.0
375.0
500.0
500.0
500.0
500.0
242.0
500.0
161.0
332.0
230.0
500.0
374.0
280.0
500.0
128.0
333.0
107.0
90.0
500.0
126.0
163.0
199.0
252.0
500.0
500.0
500.0
97.0
107.0
500.0
92.0
167.0
500.0
293.0
229.0
100.0
261.0
500.0
123.0
127.0
500.0
500.0
500.0
500.0
500.0
423.0
83.0
78.0
154.0
373.0
316.0
500.0
500.0
377.0
500.0
336.0
201.0
500.0
157.0
314.0
500.0
309.0
310.0
500.0
384.0
188.0
277.0
275.0
208.0
500.0
164.0
359.0
280.0
305.0
245.0
500.0
112.0
131.0
234.0
500.0
500.0
341.0
364.0
222.0
229.0
342.0
117.0
500.0
89.0
450.0
210.0
242.0
500.0
438.0
132.0
138.0
299.0
168.0
170.0
108.0
113.0
500.0
180.0
500.0
500.0
409.0
203.0
163.0
130.0
172.0
162.0
252.0
210.0
139.0
239.0
53.0
149.0
170.0
500.0
500.0
146.0
372.0
275.0
424.0
297.0
79.0
230.0
117.0
143.0
500.0
500.0
355.0
500.0
500.0
500.0
223.0
500.0
500.0
91.0
460.0
500.0
232.0
500.0
222.0
500.0
500.0
255.0
160.0
136.0
500.0
500.0
500.0
332.0
500.0
209.0
500.0
500.0
500.0
118.0
163.0
500.0
214.0
500.0
182.0
196.0
159.0
147.0
145.0
159.0
168.0
110.0
500.0
164.0
147.0
176.0
181.0
231.0
216.0
187.0
234.0
187.0
203.0
191.0
235.0
189.0
128.0
153.0
161.0
165.0
144.0
77.0
184.0
167.0
249.0
124.0
178.0
292.0
194.0
153.0
277.0
167.0
202.0
156.0
290.0
105.0
115.0
151.0
222.0
281.0
239.0
248.0
224.0
272.0
180.0
142.0
150.0
196.0
135.0
244.0
419.0
219.0
132.0
158.0
236.0
208.0
182.0
168.0
261.0
385.0
156.0
171.0
192.0
148.0
276.0
212.0
136.0
166.0
257.0
246.0
225.0
326.0
135.0
159.0
243.0
304.0
200.0
184.0
132.0
223.0
241.0
222.0
220.0
178.0
413.0
153.0
294.0
156.0
219.0
144.0
372.0
166.0
205.0
173.0
500.0
120.0
113.0
203.0
244.0
500.0
156.0
164.0
220.0
264.0
148.0
171.0
187.0
219.0
173.0
169.0
207.0
118.0
262.0
232.0
211.0
116.0
104.0
241.0
134.0
159.0
198.0
172.0
292.0
326.0
184.0
138.0
250.0
239.0
215.0
213.0
215.0
158.0
151.0
169.0
290.0
129.0
372.0
242.0
181.0
106.0
198.0
119.0
145.0
105.0
227.0
175.0
185.0
196.0
168.0
338.0
118.0
145.0
300.0
179.0
130.0
213.0
156.0
134.0
136.0
227.0
500.0
254.0
196.0
164.0
379.0
122.0
124.0
154.0
182.0
301.0
226.0
172.0
141.0
287.0
208.0
248.0
176.0
159.0
175.0
151.0
189.0
130.0
123.0
189.0
128.0
207.0
133.0
187.0
287.0
500.0
500.0
500.0
500.0
426.0
500.0
500.0
500.0
500.0
231.0
134.0
431.0
500.0
500.0
500.0
500.0
500.0
239.0
268.0
207.0
212.0
176.0
121.0
155.0
167.0
175.0
134.0
165.0
185.0
189.0
100.0
155.0
122.0
254.0
184.0
382.0
269.0
201.0
125.0
130.0
125.0
194.0
162.0
168.0
147.0
146.0
145.0
201.0
98.0
124.0
313.0
178.0
256.0
175.0
222.0
127.0
159.0
126.0
164.0
102.0
110.0
156.0
138.0
121.0
154.0
215.0
131.0
110.0
108.0
102.0
155.0
235.0
323.0
110.0
194.0
170.0
145.0
197.0
446.0
202.0
157.0
170.0
165.0
225.0
147.0
162.0
189.0
214.0
150.0
193.0
151.0
171.0
152.0
166.0
192.0
171.0
229.0
219.0
163.0
254.0
239.0
187.0
132.0
270.0
220.0
224.0
203.0
187.0
136.0
239.0
189.0
194.0
208.0
167.0
140.0
269.0
153.0
146.0
379.0
231.0
163.0
184.0
187.0
107.0
168.0
193.0
246.0
175.0
212.0
403.0
500.0
154.0
168.0
171.0
240.0
197.0
149.0
287.0
113.0
358.0
227.0
118.0
194.0
144.0
189.0
206.0
386.0
196.0
272.0
131.0
186.0
172.0
335.0
150.0
500.0
175.0
216.0
131.0
193.0
137.0
143.0
226.0
282.0
176.0
178.0
164.0
170.0
257.0
161.0
256.0
183.0
182.0
176.0
227.0
194.0
356.0
128.0
224.0
133.0
163.0
291.0
344.0
135.0
191.0
154.0
141.0
156.0
147.0
264.0
221.0
190.0
205.0
152.0
138.0
221.0
216.0
153.0
255.0
128.0
136.0
319.0
166.0
203.0
179.0
228.0
135.0
178.0
194.0
228.0
151.0
166.0
182.0
188.0
215.0
135.0
248.0
334.0
206.0
163.0
475.0
174.0
244.0
224.0
168.0
274.0
247.0
159.0
260.0
209.0
204.0
257.0
166.0
189.0
219.0
183.0
129.0
180.0
158.0
234.0
358.0
219.0
232.0
198.0
193.0
189.0
163.0
157.0
182.0
191.0
235.0
175.0
187.0
173.0
141.0
252.0
239.0
156.0
159.0
209.0
137.0
254.0
227.0
208.0
171.0
210.0
240.0
193.0
211.0
252.0
126.0
192.0
229.0
166.0
154.0
163.0
336.0
309.0
186.0
154.0
237.0
143.0
156.0
260.0
149.0
228.0
158.0
183.0
161.0
223.0
191.0
149.0
192.0
193.0
134.0
191.0
180.0
218.0
153.0
221.0
139.0
173.0
179.0
227.0
174.0
164.0
165.0
228.0
165.0
220.0
191.0
166.0
185.0
221.0
272.0
200.0
265.0
176.0
231.0
159.0
157.0
258.0
120.0
228.0
220.0
215.0
188.0
154.0
170.0
153.0
168.0
206.0
129.0
243.0
133.0
128.0
203.0
177.0
116.0
347.0
205.0
213.0
132.0
199.0
177.0
137.0
234.0
148.0
211.0
237.0
194.0
196.0
211.0
179.0
218.0
222.0
168.0
180.0
341.0
200.0
421.0
196.0
238.0
179.0
271.0
209.0
234.0
248.0
244.0
196.0
224.0
210.0
275.0
232.0
152.0
147.0
174.0
159.0
189.0
151.0
227.0
206.0
279.0
200.0
134.0
387.0
185.0
182.0
173.0
193.0
324.0
154.0
210.0
198.0
306.0
500.0
500.0
500.0
500.0
500.0
500.0
500.0
162.0
500.0
500.0
500.0
500.0
189.0
500.0
144.0
500.0
500.0
160.0
500.0
500.0
500.0
500.0
500.0
500.0
500.0
500.0
368.0
235.0
500.0
500.0
500.0
500.0
178.0
500.0
205.0
150.0
500.0
500.0
500.0
149.0
180.0
500.0
152.0
500.0
500.0
411.0
161.0
500.0
268.0
125.0
203.0
197.0
271.0
171.0
227.0
177.0
500.0
500.0
500.0
500.0
243.0
160.0
130.0
224.0
220.0
126.0
271.0
188.0
202.0
169.0
159.0
201.0
199.0
262.0
221.0
205.0
213.0
132.0
129.0
175.0
168.0
193.0
227.0
141.0
140.0
179.0
188.0
206.0
215.0
170.0
500.0
500.0
229.0
193.0
248.0
163.0
179.0
221.0
268.0
172.0
239.0
173.0
152.0
191.0
158.0
161.0
219.0
205.0
149.0
204.0
145.0
135.0
189.0
182.0
158.0
186.0
176.0
216.0
175.0
178.0
239.0
173.0
180.0
328.0
281.0
134.0
160.0
147.0
157.0
145.0
220.0
214.0
151.0
162.0
171.0
155.0
155.0
150.0
160.0
172.0
174.0
142.0
232.0
211.0
204.0
215.0
129.0
202.0
171.0
234.0
166.0
152.0
139.0
209.0
168.0
159.0
123.0
190.0
111.0
202.0
239.0
231.0
164.0
200.0
140.0
183.0
178.0
213.0
153.0
121.0
198.0
177.0
214.0
176.0
197.0
217.0
168.0
319.0
164.0
144.0
135.0
200.0
209.0
221.0
377.0
190.0
107.0
230.0
176.0
108.0
188.0
121.0
142.0
146.0
122.0
167.0
239.0
233.0
112.0
142.0
182.0
127.0
157.0
221.0
177.0
184.0
181.0
195.0
176.0
213.0
204.0
150.0
237.0
243.0
285.0
102.0
134.0
180.0
206.0
173.0
155.0
132.0
205.0
230.0
163.0
129.0
139.0
197.0
189.0
224.0
156.0
198.0
180.0
191.0
113.0
143.0
169.0
159.0
181.0
123.0
140.0
228.0
125.0
175.0
125.0
153.0
193.0
190.0
292.0
245.0
289.0
160.0
210.0
216.0
230.0
121.0
280.0
166.0
218.0
188.0
228.0
138.0
173.0
119.0
190.0
126.0
135.0
259.0
161.0
194.0
167.0
158.0
122.0
166.0
233.0
245.0
196.0
169.0
187.0
134.0
209.0
219.0
173.0
202.0
246.0
162.0
155.0
149.0
338.0
157.0
166.0
269.0
138.0
215.0
171.0
157.0
263.0
173.0
144.0
148.0
220.0
174.0
169.0
214.0
215.0
375.0
167.0
234.0
202.0
131.0
199.0
176.0
172.0
285.0
233.0
211.0
213.0
250.0
276.0
127.0
182.0
225.0
190.0
223.0
132.0
207.0
204.0
212.0
170.0
157.0
174.0
240.0
165.0
187.0
227.0
228.0
136.0
227.0
204.0
222.0
189.0
352.0
142.0
246.0
137.0
206.0
116.0
174.0
158.0
187.0
199.0
172.0
295.0
153.0
295.0
160.0
128.0
373.0
161.0
209.0
177.0
187.0
176.0
168.0
192.0
191.0
204.0
235.0
141.0
150.0
209.0
173.0
189.0
147.0
137.0
174.0
175.0
291.0
172.0
212.0
155.0
161.0
173.0
275.0
173.0
218.0
137.0
163.0
226.0
211.0
199.0
180.0
207.0
149.0
213.0
273.0
237.0
175.0
229.0
188.0
207.0
162.0
212.0
169.0
162.0
124.0
170.0
131.0
143.0
126.0
169.0
126.0
229.0
135.0
194.0
181.0
126.0
160.0
134.0
170.0
268.0
161.0
165.0
164.0
133.0
208.0
146.0
183.0
168.0
175.0
268.0
204.0
194.0
174.0
245.0
159.0
230.0
217.0
136.0
255.0
173.0
188.0
172.0
230.0
221.0
163.0
221.0
156.0
283.0
206.0
187.0
139.0
154.0
311.0
144.0
129.0
183.0
181.0
127.0
174.0
210.0
139.0
130.0
237.0
155.0
202.0
207.0
182.0
168.0
178.0
191.0
319.0
197.0
178.0
134.0
240.0
500.0
500.0
500.0
500.0
500.0
500.0
500.0
500.0
500.0
500.0
500.0
500.0
500.0
500.0
208.0
500.0
500.0
500.0
500.0
500.0
500.0
500.0
456.0
153.0
500.0
164.0
377.0
194.0
228.0
115.0
271.0
251.0
299.0
162.0
109.0
315.0
500.0
399.0
467.0
380.0
284.0
184.0
500.0
500.0
500.0
322.0
419.0
500.0
293.0
500.0
500.0
500.0
99.0
500.0
222.0
500.0
500.0
269.0
500.0
500.0
500.0
348.0
500.0
172.0
500.0
130.0
500.0
210.0
263.0
147.0
500.0
500.0
500.0
253.0
500.0
195.0
500.0
379.0
247.0
162.0
122.0
287.0
271.0
141.0
126.0
177.0
201.0
290.0
195.0
145.0
157.0
187.0
360.0
136.0
197.0
335.0
134.0
149.0
346.0
164.0
434.0
393.0
258.0
258.0
156.0
363.0
210.0
164.0
404.0
291.0
156.0
210.0
283.0
207.0
180.0
185.0
146.0
194.0
167.0
120.0
211.0
189.0
75.0
113.0
276.0
131.0
153.0
151.0
252.0
195.0
260.0
140.0
183.0
151.0
108.0
200.0
210.0
141.0
71.0
153.0
189.0
239.0
166.0
194.0
194.0
200.0
330.0
237.0
222.0
363.0
224.0
298.0
182.0
500.0
310.0
200.0
219.0
188.0
187.0
256.0
61.0
202.0
174.0
362.0
234.0
500.0
202.0
216.0
212.0
36.0
40.0
67.0
500.0
416.0
500.0
500.0
500.0
500.0
331.0
320.0
180.0
331.0
281.0
263.0
216.0
45.0
35.0
287.0
272.0
233.0
186.0
40.0
500.0
164.0
195.0
170.0
165.0
134.0
329.0
197.0
145.0
500.0
334.0
130.0
259.0
284.0
500.0
423.0
500.0
361.0
421.0
500.0
199.0
213.0
267.0
152.0
222.0
500.0
462.0
219.0
238.0
259.0
500.0
241.0
80.0
161.0
175.0
32.0
500.0
220.0
342.0
174.0
255.0
165.0
27.0
486.0
408.0
265.0
407.0
179.0
200.0
328.0
500.0
380.0
172.0
473.0
78.0
228.0
500.0
236.0
226.0
242.0
310.0
323.0
244.0
500.0
162.0
265.0
500.0
500.0
500.0
413.0
500.0
500.0
349.0
453.0
284.0
500.0
500.0
500.0
380.0
150.0
500.0
221.0
460.0
500.0
500.0
193.0
120.0
181.0
239.0
500.0
20.0
177.0
289.0
500.0
163.0
186.0
283.0
240.0
255.0
270.0
84.0
199.0
188.0
52.0
261.0
500.0
421.0
132.0
352.0
500.0
500.0
310.0
500.0
500.0
78.0
408.0
87.0
456.0
242.0
117.0
170.0
159.0
131.0
203.0
155.0
174.0
199.0
38.0
48.0
188.0
190.0
45.0
168.0
158.0
500.0
218.0
500.0
160.0
271.0
500.0
500.0
208.0
500.0
85.0
484.0
320.0
192.0
128.0
197.0
500.0
235.0
104.0
102.0
459.0
283.0
61.0
500.0
500.0
500.0
345.0
167.0
500.0
97.0
65.0
500.0
412.0
158.0
226.0
108.0
446.0
119.0
65.0
300.0
500.0
500.0
167.0
500.0
500.0
500.0
276.0
348.0
500.0
500.0
102.0
500.0
500.0
252.0
189.0
102.0
500.0
346.0
500.0
500.0
500.0
500.0
500.0
500.0
500.0
333.0
373.0
373.0
87.0
85.0
154.0
277.0
495.0
500.0
436.0
500.0
500.0
309.0
393.0
500.0
471.0
500.0
234.0
203.0
79.0
500.0
500.0
500.0
500.0
257.0
500.0
301.0
500.0
372.0
500.0
500.0
500.0
233.0
500.0
500.0
500.0
388.0
500.0
500.0
362.0
500.0
500.0
500.0
500.0
500.0
500.0
292.0
500.0
500.0
500.0
500.0
397.0
500.0
500.0
500.0
500.0
500.0
500.0
500.0
500.0
442.0
500.0
500.0
375.0
500.0
500.0
500.0
500.0
500.0
500.0
346.0
500.0
500.0
500.0
427.0
500.0
500.0
500.0
500.0
500.0
441.0
500.0
500.0
500.0
489.0
500.0
500.0
500.0
500.0
500.0
500.0
406.0
500.0
500.0
500.0
500.0
500.0
500.0
500.0
500.0
500.0
500.0
500.0
500.0
257.0
500.0
500.0
500.0
500.0
321.0
500.0
500.0
500.0
500.0
500.0
500.0
500.0
500.0
234.0
500.0
500.0
500.0
500.0
407.0
500.0
349.0
500.0
500.0
431.0
462.0
500.0
500.0
500.0
500.0
500.0
470.0
500.0
500.0
500.0
455.0
500.0
500.0
500.0
500.0
500.0
500.0
500.0
500.0
500.0
500.0
500.0
500.0
500.0
500.0
500.0
500.0
500.0
500.0
500.0
214.0
500.0
500.0
500.0
500.0
500.0
500.0
265.0
500.0
500.0
500.0
500.0
500.0
361.0
500.0
500.0
500.0
500.0
500.0
500.0
500.0
500.0
500.0
145.0
500.0
500.0
500.0
500.0
500.0
500.0
500.0
500.0
500.0
500.0
500.0
500.0
500.0
424.0
500.0
500.0
500.0
500.0
500.0
500.0
500.0
358.0
215.0
133.0
155.0
500.0
500.0
500.0
128.0
260.0
500.0
500.0
500.0
500.0
500.0
500.0
500.0
500.0
500.0
500.0
500.0
500.0
500.0
500.0
500.0
485.0
500.0
500.0
458.0
500.0
500.0
500.0
500.0
440.0
500.0
500.0
500.0
500.0
500.0
500.0
500.0
500.0
144.0
289.0
169.0
495.0
281.0
500.0
221.0
365.0
500.0
500.0
500.0
461.0
390.0
272.0
311.0
455.0
320.0
500.0
303.0
343.0
274.0
336.0
317.0
235.0
473.0
500.0
500.0
493.0
157.0
186.0
307.0
416.0
231.0
452.0
295.0
339.0
393.0
379.0
441.0
500.0
248.0
270.0
392.0
336.0
463.0
274.0
275.0
335.0
451.0
465.0
500.0
500.0
500.0
359.0
500.0
350.0
378.0
232.0
183.0
273.0
403.0
384.0
243.0
271.0
401.0
305.0
348.0
258.0
447.0
345.0
455.0
78.0
262.0
337.0
298.0
424.0
170.0
430.0
334.0
413.0
362.0
241.0
405.0
116.0
205.0
294.0
185.0
163.0
170.0
204.0
248.0
236.0
378.0
224.0
236.0
176.0
241.0
239.0
195.0
204.0
217.0
161.0
163.0
500.0
500.0
202.0
95.0
125.0
119.0
169.0
187.0
242.0
177.0
282.0
146.0
349.0
212.0
222.0
212.0
166.0
232.0
179.0
126.0
196.0
255.0
178.0
184.0
293.0
269.0
165.0
221.0
398.0
154.0
213.0
454.0
235.0
500.0
204.0
182.0
145.0
250.0
200.0
144.0
252.0
315.0
260.0
378.0
407.0
228.0
170.0
283.0
128.0
162.0
227.0
254.0
196.0
218.0
190.0
312.0
161.0
268.0
102.0
233.0
198.0
137.0
228.0
144.0
57.0
261.0
106.0
112.0
184.0
329.0
97.0
293.0
142.0
215.0
500.0
193.0
240.0
145.0
351.0
128.0
500.0
189.0
300.0
142.0
223.0
294.0
273.0
231.0
500.0
302.0
276.0
210.0
257.0
129.0
229.0
297.0
500.0
165.0
222.0
214.0
500.0
233.0
287.0
407.0
297.0
343.0
141.0
404.0
249.0
169.0
178.0
298.0
308.0
249.0
198.0
240.0
228.0
211.0
159.0
204.0
500.0
500.0
149.0
205.0
394.0
411.0
208.0
213.0
136.0
193.0
195.0
218.0
211.0
140.0
113.0
196.0
357.0
156.0
246.0
250.0
208.0
297.0
225.0
139.0
313.0
267.0
500.0
236.0
307.0
478.0
135.0
207.0
263.0
500.0
224.0
248.0
500.0
500.0
174.0
164.0
146.0
158.0
77.0
500.0
235.0
205.0
305.0
274.0
175.0
216.0
215.0
194.0
204.0
203.0
296.0
168.0
227.0
197.0
147.0
215.0
198.0
118.0
161.0
165.0
220.0
144.0
210.0
185.0
79.0
179.0
202.0
170.0
260.0
256.0
119.0
272.0
267.0
248.0
191.0
203.0
176.0
257.0
142.0
213.0
210.0
226.0
139.0
419.0
264.0
417.0
219.0
168.0
224.0
226.0
162.0
210.0
267.0
176.0
236.0
325.0
197.0
324.0
335.0
215.0
368.0
202.0
250.0
130.0
266.0
329.0
306.0
311.0
220.0
246.0
272.0
286.0
204.0
342.0
231.0
218.0
237.0
251.0
357.0
245.0
265.0
282.0
500.0
210.0
338.0
500.0
203.0
478.0
172.0
202.0
286.0
224.0
237.0
262.0
308.0
355.0
74.0
500.0
119.0
328.0
179.0
500.0
306.0
293.0
427.0
208.0
95.0
285.0
229.0
215.0
500.0
199.0
256.0
500.0
482.0
500.0
299.0
500.0
229.0
372.0
386.0
420.0
358.0
500.0
223.0
226.0
250.0
223.0
500.0
287.0
500.0
234.0
218.0
500.0
440.0
498.0
460.0
500.0
468.0
223.0
232.0
465.0
386.0
264.0
500.0
500.0
252.0
500.0
242.0
267.0
119.0
500.0
500.0
500.0
302.0
256.0
281.0
500.0
500.0
500.0
249.0
500.0
500.0
451.0
242.0
433.0
240.0
485.0
375.0
229.0
238.0
281.0
500.0
437.0
500.0
237.0
397.0
144.0
348.0
306.0
321.0
210.0
500.0
329.0
307.0
500.0
319.0
456.0
500.0
398.0
500.0
362.0
279.0
297.0
266.0
333.0
295.0
500.0
500.0
500.0
271.0
321.0
339.0
328.0
279.0
500.0
342.0
500.0
216.0
500.0
358.0
364.0
355.0
409.0
314.0
500.0
232.0
476.0
263.0
267.0
212.0
369.0
173.0
257.0
388.0
236.0
500.0
272.0
439.0
253.0
295.0
332.0
340.0
216.0
189.0
166.0
227.0
353.0
160.0
366.0
280.0
261.0
202.0
442.0
150.0
500.0
240.0
242.0
278.0
147.0
284.0
500.0
86.0
284.0
500.0
333.0
215.0
332.0
500.0
152.0
313.0
269.0
500.0
500.0
211.0
202.0
428.0
335.0
167.0
434.0
500.0
272.0
283.0
355.0
500.0
240.0
500.0
318.0
427.0
500.0
226.0
219.0
370.0
156.0
238.0
412.0
307.0
310.0
209.0
91.0
246.0
258.0
500.0
243.0
227.0
295.0
192.0
358.0
165.0
279.0
500.0
235.0
204.0
196.0
282.0
279.0
260.0
264.0
342.0
314.0
189.0
273.0
247.0
294.0
129.0
252.0
238.0
390.0
136.0
500.0
264.0
213.0
500.0
324.0
302.0
251.0
235.0
303.0
334.0
312.0
278.0
329.0
290.0
359.0
257.0
286.0
266.0
293.0
166.0
500.0
330.0
248.0
259.0
253.0
306.0
354.0
255.0
325.0
261.0
161.0
280.0
248.0
239.0
278.0
264.0
249.0
94.0
284.0
267.0
260.0
246.0
301.0
192.0
381.0
339.0
246.0
300.0
274.0
298.0
500.0
356.0
178.0
421.0
204.0
293.0
208.0
342.0
92.0
264.0
383.0
293.0
229.0
293.0
208.0
298.0
248.0
455.0
262.0
405.0
338.0
280.0
227.0
302.0
236.0
270.0
364.0
141.0
324.0
338.0
216.0
392.0
273.0
263.0
322.0
500.0
344.0
334.0
218.0
500.0
389.0
358.0
303.0
364.0
295.0
284.0
300.0
104.0
352.0
367.0
278.0
292.0
353.0
496.0
304.0
360.0
196.0
464.0
201.0
258.0
250.0
180.0
500.0
277.0
239.0
181.0
213.0
230.0
323.0
280.0
206.0
275.0
191.0
212.0
192.0
117.0
213.0
175.0
183.0
218.0
189.0
200.0
132.0
195.0
247.0
234.0
236.0
232.0
184.0
132.0
236.0
161.0
215.0
203.0
112.0
195.0
184.0
213.0
129.0
134.0
430.0
138.0
144.0
146.0
183.0
192.0
127.0
194.0
239.0
177.0
204.0
143.0
219.0
231.0
249.0
204.0
279.0
248.0
255.0
154.0
175.0
104.0
96.0
210.0
210.0
230.0
193.0
142.0
103.0
270.0
158.0
264.0
304.0
134.0
156.0
131.0
185.0
261.0
162.0
112.0
173.0
221.0
153.0
150.0
147.0
165.0
178.0
119.0
219.0
156.0
161.0
158.0
169.0
174.0
181.0
113.0
127.0
188.0
154.0
117.0
263.0
273.0
139.0
424.0
249.0
257.0
287.0
282.0
394.0
229.0
250.0
211.0
171.0
170.0
249.0
188.0
154.0
163.0
272.0
181.0
343.0
119.0
287.0
217.0
234.0
341.0
63.0
249.0
283.0
93.0
192.0
245.0
248.0
84.0
210.0
165.0
129.0
204.0
218.0
198.0
285.0
109.0
312.0
277.0
278.0
250.0
500.0
226.0
114.0
105.0
317.0
340.0
132.0
181.0
146.0
223.0
294.0
262.0
234.0
106.0
226.0
192.0
120.0
241.0
210.0
326.0
273.0
250.0
328.0
258.0
140.0
315.0
302.0
191.0
192.0
202.0
286.0
270.0
294.0
122.0
226.0
234.0
212.0
261.0
181.0
261.0
199.0
203.0
232.0
500.0
318.0
195.0
202.0
245.0
187.0
312.0
206.0
413.0
206.0
204.0
228.0
292.0
295.0
142.0
189.0
259.0
292.0
241.0
234.0
184.0
299.0
328.0
237.0
311.0
298.0
299.0
221.0
249.0
291.0
272.0
114.0
193.0
220.0
235.0
252.0
176.0
133.0
384.0
242.0
357.0
382.0
135.0
123.0
164.0
220.0
209.0
272.0
250.0
278.0
407.0
349.0
147.0
309.0
214.0
347.0
142.0
161.0
152.0
177.0
165.0
314.0
138.0
169.0
206.0
259.0
133.0
265.0
175.0
93.0
173.0
179.0
287.0
375.0
286.0
216.0
370.0
228.0
307.0
160.0
146.0
198.0
292.0
144.0
169.0
219.0
260.0
177.0
318.0
500.0
253.0
193.0
264.0
272.0
111.0
248.0
373.0
233.0
197.0
496.0
239.0
280.0
405.0
186.0
282.0
260.0
290.0
272.0
314.0
257.0
257.0
338.0
279.0
115.0
325.0
354.0
154.0
109.0
156.0
204.0
292.0
196.0
212.0
192.0
223.0
354.0
229.0
236.0
192.0
103.0
284.0
309.0
310.0
254.0
245.0
248.0
186.0
210.0
500.0
183.0
320.0
274.0
304.0
294.0
137.0
212.0
269.0
265.0
314.0
297.0
279.0
252.0
322.0
435.0
265.0
123.0
348.0
212.0
273.0
156.0
275.0
312.0
442.0
241.0
279.0
151.0
213.0
155.0
269.0
170.0
178.0
172.0
83.0
296.0
355.0
208.0
167.0
179.0
145.0
169.0
215.0
252.0
211.0
398.0
218.0
216.0
149.0
229.0
230.0
222.0
217.0
420.0
364.0
215.0
289.0
182.0
172.0
136.0
357.0
180.0
500.0
224.0
266.0
221.0
295.0
232.0
335.0
225.0
309.0
280.0
282.0
218.0
171.0
316.0
147.0
311.0
182.0
172.0
146.0
331.0
270.0
356.0
155.0
237.0
259.0
141.0
153.0
251.0
227.0
257.0
248.0
361.0
121.0
430.0
207.0
320.0
404.0
158.0
500.0
215.0
194.0
193.0
264.0
273.0
321.0
251.0
176.0
348.0
251.0
235.0
226.0
202.0
219.0
387.0
241.0
317.0
325.0
232.0
333.0
206.0
500.0
326.0
282.0
207.0
292.0
198.0
318.0
222.0
162.0
211.0
58.0
223.0
500.0
188.0
155.0
248.0
297.0
500.0
221.0
182.0
249.0
261.0
133.0
374.0
318.0
206.0
167.0
500.0
500.0
500.0
248.0
103.0
500.0
415.0
346.0
226.0
340.0
163.0
465.0
424.0
163.0
439.0
243.0
500.0
256.0
266.0
354.0
418.0
432.0
190.0
120.0
298.0
318.0
500.0
215.0
202.0
139.0
426.0
365.0
215.0
261.0
267.0
500.0
194.0
442.0
449.0
221.0
218.0
373.0
254.0
234.0
253.0
421.0
228.0
196.0
81.0
366.0
450.0
340.0
206.0
204.0
330.0
79.0
97.0
485.0
250.0
333.0
285.0
229.0
228.0
262.0
263.0
241.0
224.0
262.0
262.0
200.0
250.0
378.0
500.0
185.0
227.0
200.0
323.0
221.0
185.0
179.0
313.0
217.0
500.0
180.0
300.0
222.0
299.0
264.0
281.0
500.0
138.0
229.0
271.0
215.0
164.0
444.0
271.0
369.0
500.0
361.0
263.0
198.0
328.0
204.0
270.0
199.0
193.0
283.0
222.0
279.0
366.0
131.0
250.0
212.0
342.0
490.0
244.0
500.0
264.0
343.0
391.0
232.0
434.0
460.0
193.0
500.0
325.0
161.0
284.0
276.0
404.0
210.0
292.0
239.0
407.0
236.0
264.0
188.0
371.0
405.0
275.0
237.0
417.0
269.0
150.0
413.0
230.0
221.0
355.0
365.0
363.0
274.0
264.0
105.0
215.0
141.0
196.0
201.0
147.0
197.0
158.0
500.0
165.0
238.0
218.0
244.0
330.0
178.0
179.0
235.0
500.0
163.0
236.0
500.0
404.0
290.0
162.0
272.0
322.0
500.0
221.0
304.0
292.0
221.0
289.0
212.0
339.0
415.0
279.0
500.0
239.0
254.0
317.0
500.0
285.0
89.0
200.0
500.0
332.0
161.0
263.0
500.0
500.0
500.0