9.0
14.0
12.0
10.0
22.0
10.0
12.0
10.0
13.0
11.0
9.0
12.0
10.0
12.0
10.0
9.0
17.0
8.0
8.0
10.0
13.0
10.0
11.0
8.0
10.0
12.0
11.0
15.0
10.0
11.0
11.0
10.0
9.0
14.0
11.0
10.0
18.0
11.0
12.0
13.0
18.0
15.0
17.0
21.0
17.0
18.0
15.0
16.0
17.0
13.0
15.0
10.0
18.0
19.0
13.0
19.0
20.0
20.0
18.0
19.0
17.0
18.0
26.0
18.0
19.0
17.0
23.0
14.0
17.0
19.0
17.0
33.0
19.0
19.0
61.0
17.0
42.0
161.0
32.0
35.0
46.0
115.0
32.0
28.0
22.0
21.0
69.0
225.0
30.0
33.0
44.0
90.0
61.0
129.0
38.0
67.0
83.0
120.0
65.0
152.0
78.0
122.0
51.0
221.0
21.0
40.0
103.0
83.0
50.0
69.0
83.0
140.0
100.0
112.0
104.0
157.0
79.0
376.0
154.0
84.0
500.0
85.0
66.0
106.0
110.0
168.0
37.0
156.0
140.0
100.0
289.0
87.0
380.0
66.0
370.0
86.0
65.0
500.0
67.0
370.0
60.0
93.0
252.0
87.0
251.0
133.0
330.0
71.0
170.0
80.0
176.0
45.0
102.0
166.0
54.0
124.0
130.0
64.0
130.0
178.0
108.0
132.0
62.0
160.0
82.0
168.0
66.0
170.0
178.0
175.0
115.0
275.0
104.0
220.0
67.0
56.0
103.0
336.0
93.0
130.0
116.0
89.0
175.0
189.0
180.0
254.0
229.0
134.0
68.0
86.0
164.0
77.0
129.0
131.0
90.0
165.0
81.0
92.0
223.0
150.0
200.0
166.0
500.0
237.0
290.0
177.0
64.0
116.0
238.0
163.0
284.0
207.0
301.0
228.0
256.0
250.0
201.0
225.0
202.0
167.0
206.0
177.0
102.0
111.0
500.0
262.0
184.0
255.0
203.0
148.0
215.0
218.0
122.0
103.0
98.0
68.0
85.0
263.0
316.0
200.0
210.0
172.0
89.0
102.0
154.0
101.0
33.0
205.0
329.0
85.0
180.0
218.0
262.0
198.0
279.0
118.0
152.0
125.0
222.0
277.0
127.0
127.0
203.0
197.0
99.0
352.0
151.0
202.0
89.0
205.0
133.0
234.0
243.0
146.0
500.0
176.0
219.0
166.0
194.0
254.0
107.0
186.0
29.0
500.0
158.0
198.0
201.0
200.0
134.0
171.0
191.0
128.0
234.0
199.0
128.0
142.0
136.0
285.0
209.0
463.0
137.0
137.0
262.0
215.0
259.0
407.0
156.0
479.0
500.0
500.0
500.0
151.0
500.0
174.0
500.0
179.0
181.0
286.0
139.0
217.0
161.0
213.0
246.0
111.0
173.0
231.0
500.0
250.0
202.0
114.0
500.0
152.0
500.0
500.0
233.0
251.0
151.0
323.0
278.0
119.0
500.0
500.0
173.0
182.0
264.0
208.0
378.0
185.0
119.0
500.0
276.0
149.0
500.0
226.0
178.0
474.0
177.0
500.0
500.0
189.0
244.0
264.0
166.0
138.0
102.0
212.0
141.0
176.0
227.0
225.0
240.0
213.0
498.0
227.0
190.0
500.0
214.0
179.0
325.0
387.0
500.0
422.0
235.0
426.0
500.0
374.0
500.0
227.0
297.0
183.0
166.0
87.0
193.0
500.0
289.0
292.0
206.0
142.0
500.0
500.0
306.0
217.0
500.0
133.0
349.0
114.0
239.0
251.0
171.0
163.0
500.0
500.0
204.0
156.0
167.0
193.0
190.0
142.0
299.0
500.0
154.0
148.0
268.0
136.0
99.0
164.0
255.0
495.0
186.0
267.0
327.0
150.0
500.0
241.0
165.0
207.0
500.0
134.0
162.0
500.0
321.0
155.0
500.0
287.0
500.0
177.0
145.0
189.0
255.0
138.0
218.0
305.0
135.0
500.0
254.0
172.0
245.0
227.0
266.0
134.0
269.0
288.0
266.0
157.0
295.0
153.0
148.0
216.0
117.0
148.0
66.0
205.0
132.0
500.0
500.0
260.0
117.0
108.0
227.0
206.0
500.0
320.0
126.0
252.0
283.0
294.0
156.0
500.0
500.0
258.0
232.0
211.0
466.0
500.0
213.0
500.0
500.0
225.0
265.0
500.0
148.0
226.0
228.0
500.0
500.0
463.0
467.0
500.0
242.0
500.0
277.0
500.0
141.0
224.0
254.0
130.0
264.0
132.0
500.0
500.0
116.0
231.0
261.0
500.0
331.0
98.0
135.0
500.0
228.0
123.0
500.0
157.0
230.0
154.0
500.0
271.0
367.0
129.0
336.0
155.0
148.0
249.0
161.0
266.0
210.0
254.0
308.0
233.0
241.0
208.0
265.0
259.0
228.0
254.0
284.0
287.0
285.0
247.0
272.0
182.0
115.0
190.0
173.0
226.0
212.0
223.0
202.0
173.0
380.0
235.0
241.0
194.0
500.0
231.0
249.0
420.0
193.0
206.0
199.0
244.0
191.0
264.0
292.0
254.0
301.0
162.0
297.0
191.0
182.0
373.0
212.0
303.0
500.0
123.0
156.0
149.0
140.0
200.0
192.0
267.0
147.0
244.0
273.0
134.0
215.0
288.0
191.0
180.0
195.0
180.0
151.0
122.0
204.0
282.0
154.0
196.0
191.0
193.0
288.0
171.0
280.0
203.0
256.0
216.0
416.0
205.0
200.0
208.0
261.0
195.0
250.0
121.0
323.0
154.0
126.0
214.0
226.0
259.0
134.0
162.0
173.0
167.0
163.0
145.0
281.0
196.0
328.0
101.0
284.0
262.0
154.0
233.0
127.0
273.0
136.0
500.0
232.0
172.0
165.0
204.0
192.0
164.0
454.0
113.0
380.0
238.0
246.0
182.0
353.0
248.0
223.0
226.0
172.0
226.0
205.0
223.0
148.0
166.0
122.0
147.0
175.0
191.0
185.0
106.0
143.0
219.0
92.0
265.0
276.0
249.0
276.0
82.0
133.0
220.0
146.0
93.0
75.0
190.0
113.0
342.0
88.0
95.0
158.0
248.0
287.0
123.0
204.0
118.0
178.0
90.0
107.0
104.0
106.0
260.0
135.0
145.0
82.0
360.0
98.0
33.0
140.0
117.0
294.0
32.0
190.0
48.0
57.0
223.0
53.0
121.0
21.0
55.0
108.0
176.0
255.0
71.0
205.0
34.0
105.0
116.0
86.0
103.0
125.0
180.0
157.0
164.0
202.0
58.0
45.0
158.0
182.0
62.0
68.0
45.0
198.0
33.0
28.0
43.0
89.0
160.0
127.0
57.0
39.0
29.0
170.0
59.0
42.0
101.0
20.0
56.0
22.0
21.0
29.0
15.0
13.0
29.0
15.0
26.0
19.0
12.0
12.0
12.0
14.0
16.0
13.0
15.0
42.0
11.0
10.0
11.0
9.0
12.0
13.0
13.0
9.0
29.0
13.0
9.0
16.0
29.0
14.0
10.0
23.0
28.0
11.0
33.0
21.0
49.0
13.0
16.0
26.0
21.0
11.0
34.0
32.0
26.0
34.0
223.0
15.0
79.0
138.0
36.0
19.0
33.0
202.0
208.0
297.0
201.0
166.0
80.0
122.0
251.0
324.0
173.0
295.0
283.0
117.0
321.0
136.0
319.0
47.0
72.0
106.0
37.0
182.0
238.0
25.0
18.0
25.0
17.0
369.0
500.0
500.0
221.0
500.0
249.0
347.0
500.0
357.0
366.0
500.0
323.0
260.0
394.0
500.0
331.0
500.0
500.0
500.0
132.0
500.0
500.0
500.0
500.0
442.0
383.0
448.0
303.0
220.0
102.0
59.0
188.0
302.0
369.0
366.0
313.0
224.0
500.0
233.0
500.0
500.0
215.0
403.0
358.0
318.0
405.0
401.0
500.0
500.0
376.0
269.0
500.0
444.0
306.0
291.0
382.0
500.0
375.0
352.0
500.0
188.0
333.0
500.0
385.0
315.0
374.0
344.0
500.0
369.0
390.0
356.0
500.0
265.0
433.0
40.0
378.0
394.0
400.0
313.0
500.0
500.0
437.0
500.0
34.0
484.0
301.0
435.0
500.0
500.0
365.0
318.0
377.0
339.0
418.0
414.0
466.0
315.0
386.0
392.0
334.0
372.0
98.0
139.0
356.0
442.0
96.0
347.0
408.0
376.0
385.0
457.0
407.0
306.0
416.0
413.0
364.0
337.0
330.0
291.0
490.0
376.0
415.0
288.0
42.0
318.0
456.0
491.0
274.0
375.0
14.0
388.0
422.0
229.0
309.0
382.0
405.0
280.0
322.0
275.0
251.0
329.0
415.0
305.0
169.0
270.0
226.0
230.0
268.0
238.0
196.0
420.0
45.0
193.0
272.0
353.0
223.0
150.0
312.0
267.0
383.0
76.0
232.0
199.0
425.0
391.0
297.0
162.0
394.0
223.0
275.0
280.0
292.0
211.0
301.0
278.0
296.0
208.0
415.0
202.0
263.0
178.0
177.0
244.0
132.0
334.0
110.0
180.0
161.0
229.0
205.0
184.0
280.0
210.0
236.0
500.0
264.0
446.0
177.0
387.0
214.0
174.0
107.0
187.0
223.0
307.0
133.0
271.0
349.0
277.0
327.0
133.0
92.0
123.0
238.0
251.0
284.0
358.0
240.0
241.0
211.0
263.0
305.0
165.0
303.0
247.0
255.0
247.0
210.0
261.0
233.0
154.0
68.0
177.0
176.0
269.0
163.0
261.0
248.0
159.0
110.0
149.0
168.0
108.0
100.0
83.0
202.0
190.0
190.0
290.0
351.0
219.0
318.0
256.0
303.0
225.0
288.0
270.0
194.0
308.0
249.0
216.0
147.0
227.0
278.0
289.0
284.0
126.0
243.0
129.0
304.0
191.0
196.0
384.0
212.0
243.0
226.0
186.0
237.0
377.0
446.0
137.0
249.0
500.0
189.0
278.0
193.0
162.0
328.0
147.0
251.0
296.0
234.0
280.0
121.0
215.0
175.0
329.0
218.0
159.0
218.0
175.0
150.0
390.0
254.0
267.0
202.0
189.0
199.0
157.0
211.0
238.0
244.0
244.0
233.0
263.0
262.0
190.0
264.0
161.0
323.0
242.0
206.0
257.0
226.0
214.0
167.0
231.0
146.0
137.0
204.0
248.0
237.0
177.0
284.0
278.0
357.0
219.0
290.0
240.0
234.0
228.0
199.0
260.0
207.0
388.0
258.0
159.0
306.0
238.0
209.0
148.0
260.0
182.0
230.0
225.0
392.0
273.0
300.0
234.0
182.0
304.0
249.0
259.0
245.0
169.0
161.0
349.0
341.0
365.0
272.0
329.0
354.0
312.0
302.0
419.0
152.0
464.0
500.0
355.0
337.0
365.0
128.0
196.0
167.0
322.0
229.0
184.0
217.0
246.0
406.0
292.0
278.0
345.0
386.0
344.0
173.0
226.0
234.0
410.0
287.0
335.0
369.0
278.0
228.0
171.0
198.0
228.0
257.0
185.0
282.0
172.0
331.0
244.0
262.0
283.0
244.0
399.0
173.0
279.0
256.0
213.0
179.0
253.0
248.0
250.0
215.0
200.0
240.0
226.0
267.0
276.0
167.0
278.0
327.0
260.0
258.0
307.0
309.0
259.0
266.0
183.0
169.0
274.0
266.0
184.0
234.0
266.0
279.0
219.0
112.0
189.0
279.0
205.0
187.0
251.0
217.0
218.0
148.0
251.0
298.0
166.0
219.0
201.0
239.0
134.0
226.0
259.0
152.0
195.0
286.0
500.0
198.0
243.0
311.0
196.0
242.0
237.0
324.0
236.0
221.0
124.0
173.0
280.0
199.0
261.0
89.0
284.0
258.0
227.0
322.0
348.0
325.0
252.0
354.0
131.0
168.0
230.0
353.0
214.0
257.0
209.0
165.0
262.0
154.0
145.0
214.0
232.0
199.0
354.0
205.0
308.0
305.0
137.0
281.0
332.0
173.0
241.0
371.0
243.0
150.0
154.0
267.0
139.0
500.0
224.0
171.0
358.0
500.0
225.0
500.0
500.0
500.0
500.0
265.0
149.0
81.0
218.0
193.0
278.0
345.0
183.0
242.0
200.0
179.0
178.0
136.0
239.0
245.0
218.0
336.0
247.0
246.0
186.0
313.0
159.0
135.0
186.0
107.0
285.0
197.0
457.0
227.0
225.0
260.0
242.0
174.0
272.0
150.0
177.0
190.0
211.0
227.0
153.0
189.0
274.0
399.0
195.0
183.0
118.0
285.0
158.0
225.0
154.0
250.0
133.0
184.0
302.0
306.0
224.0
152.0
238.0
216.0
258.0
294.0
150.0
248.0
250.0
274.0
253.0
284.0
333.0
182.0
257.0
154.0
209.0
284.0
305.0
231.0
217.0
240.0
242.0
299.0
173.0
240.0
258.0
163.0
299.0
234.0
230.0
264.0
273.0
193.0
264.0
164.0
239.0
160.0
202.0
297.0
171.0
369.0
209.0
256.0
290.0
262.0
201.0
275.0
255.0
256.0
438.0
327.0
386.0
350.0
293.0
221.0
264.0
164.0
240.0
228.0
320.0
311.0
209.0
256.0
215.0
168.0
310.0
256.0
255.0
244.0
202.0
138.0
211.0
208.0
226.0
189.0
217.0
216.0
168.0
201.0
72.0
278.0
102.0
124.0
208.0
164.0
360.0
274.0
294.0
252.0
272.0
199.0
279.0
198.0
238.0
289.0
269.0
203.0
343.0
205.0
204.0
159.0
295.0
196.0
213.0
236.0
237.0
254.0
363.0
222.0
245.0
214.0
334.0
231.0
251.0
212.0
239.0
220.0
376.0
167.0
297.0
369.0
175.0
244.0
163.0
231.0
256.0
246.0
500.0
375.0
238.0
164.0
400.0
251.0
188.0
317.0
271.0
338.0
269.0
310.0
192.0
500.0
500.0
255.0
272.0
423.0
352.0
311.0
269.0
336.0
184.0
500.0
287.0
237.0
209.0
298.0
235.0
295.0
196.0
257.0
500.0
256.0
214.0
227.0
500.0
245.0
263.0
500.0
254.0
224.0
492.0
253.0
228.0
153.0
500.0
500.0
243.0
248.0
278.0
500.0
313.0
211.0
206.0
449.0
241.0
241.0
277.0
388.0
293.0
258.0
242.0
284.0
184.0
317.0
208.0
358.0
264.0
202.0
348.0
193.0
282.0
216.0
500.0
262.0
261.0
194.0
304.0
426.0
233.0
190.0
197.0
297.0
213.0
203.0
154.0
484.0
223.0
258.0
210.0
307.0
150.0
316.0
269.0
163.0
225.0
174.0
208.0
297.0
244.0
198.0
290.0
226.0
410.0
207.0
241.0
386.0
219.0
175.0
241.0
500.0
302.0
179.0
264.0
214.0
268.0
168.0
226.0
177.0
170.0
268.0
278.0
282.0
262.0
337.0
210.0
246.0
197.0
230.0
220.0
240.0
241.0
374.0
251.0
500.0
281.0
421.0
433.0
205.0
315.0
353.0
384.0
184.0
123.0
276.0
468.0
452.0
500.0
368.0
282.0
213.0
228.0
162.0
278.0
344.0
390.0
271.0
272.0
285.0
292.0
147.0
338.0
236.0
239.0
347.0
240.0
190.0
345.0
378.0
200.0
161.0
173.0
196.0
236.0
273.0
293.0
361.0
266.0
184.0
230.0
359.0
139.0
150.0
246.0
217.0
133.0
177.0
227.0
240.0
241.0
196.0
311.0
311.0
279.0
252.0
380.0
228.0
297.0
208.0
189.0
162.0
204.0
299.0
229.0
207.0
336.0
257.0
208.0
177.0
322.0
234.0
178.0
327.0
143.0
321.0
213.0
246.0
172.0
319.0
173.0
165.0
167.0
300.0
189.0
175.0
206.0
149.0
175.0
165.0
321.0
246.0
252.0
260.0
250.0
173.0
305.0
309.0
243.0
245.0
249.0
271.0
208.0
336.0
226.0
251.0
109.0
144.0
290.0
252.0
154.0
300.0
221.0
279.0
174.0
448.0
225.0
279.0
246.0
226.0
71.0
94.0
333.0
500.0
312.0
357.0
162.0
431.0
219.0
500.0
500.0
186.0
499.0
222.0
500.0
500.0
463.0
228.0
500.0
500.0
500.0
500.0
260.0
318.0
500.0
475.0
436.0
445.0
500.0
377.0
500.0
461.0
500.0
500.0
360.0
492.0
477.0
500.0
500.0
500.0
500.0
274.0
500.0
184.0
454.0
500.0
467.0
500.0
468.0
500.0
500.0
500.0
493.0
461.0
450.0
352.0
485.0
415.0
366.0
437.0
500.0
477.0
414.0
500.0
500.0
108.0
336.0
144.0
59.0
167.0
124.0
135.0
130.0
200.0
129.0
123.0
219.0
291.0
500.0
175.0
147.0
135.0
121.0
189.0
222.0
197.0
197.0
125.0
128.0
260.0
215.0
145.0
179.0
171.0
277.0
163.0
215.0
129.0
203.0
109.0
206.0
87.0
134.0
168.0
86.0
148.0
158.0
125.0
136.0
213.0
179.0
134.0
179.0
161.0
219.0
99.0
174.0
138.0
182.0
177.0
150.0
223.0
165.0
168.0
147.0
213.0
136.0
167.0
198.0
169.0
244.0
198.0
192.0
59.0
255.0
190.0
175.0
153.0
241.0
182.0
201.0
235.0
232.0
154.0
164.0
176.0
227.0
49.0
184.0
465.0
205.0
168.0
162.0
102.0
227.0
219.0
159.0
195.0
316.0
153.0
260.0
172.0
212.0
206.0
139.0
116.0
249.0
250.0
433.0
92.0
273.0
181.0
121.0
165.0
171.0
252.0
165.0
225.0
228.0
500.0
324.0
260.0
126.0
253.0
110.0
226.0
154.0
331.0
358.0
138.0
34.0
138.0
241.0
142.0
95.0
147.0
120.0
211.0
186.0
271.0
147.0
237.0
232.0
265.0
180.0
175.0
220.0
159.0
182.0
198.0
162.0
455.0
215.0
68.0
167.0
241.0
420.0
178.0
43.0
140.0
97.0
249.0
123.0
228.0
141.0
234.0
203.0
249.0
188.0
260.0
221.0
330.0
212.0
124.0
214.0
205.0
203.0
153.0
167.0
198.0
304.0
299.0
219.0
180.0
285.0
235.0
287.0
262.0
281.0
202.0
208.0
155.0
125.0
225.0
175.0
156.0
150.0
180.0
207.0
165.0
127.0
177.0
187.0
293.0
155.0
302.0
194.0
338.0
199.0
140.0
264.0
210.0
119.0
113.0
237.0
188.0
62.0
191.0
189.0
246.0
214.0
225.0
277.0
237.0
360.0
292.0
162.0
133.0
163.0
201.0
142.0
165.0
89.0
210.0
171.0
208.0
219.0
189.0
214.0
157.0
311.0
204.0
257.0
154.0
177.0
182.0
167.0
170.0
184.0
159.0
229.0
155.0
258.0
186.0
172.0
236.0
254.0
306.0
143.0
330.0
193.0
203.0
173.0
185.0
195.0
272.0
251.0
238.0
251.0
203.0
150.0
139.0
163.0
210.0
179.0
157.0
236.0
192.0
161.0
214.0
179.0
313.0
187.0
212.0
173.0
177.0
285.0
189.0
217.0
142.0
154.0
167.0
224.0
351.0
240.0
285.0
273.0
222.0
190.0
143.0
194.0
99.0
123.0
68.0
163.0
257.0
80.0
160.0
247.0
36.0
282.0
500.0
500.0
171.0
170.0
344.0
184.0
281.0
360.0
188.0
484.0
206.0
227.0
200.0
166.0
218.0
51.0
256.0
147.0
160.0
197.0
316.0
304.0
260.0
173.0
134.0
184.0
225.0
232.0
204.0
275.0
383.0
163.0
224.0
410.0
336.0
389.0
141.0
192.0
275.0
205.0
273.0
223.0
261.0
188.0
223.0
344.0
311.0
311.0
263.0
238.0
201.0
151.0
312.0
381.0
409.0
201.0
211.0
250.0
243.0
209.0
195.0
246.0
218.0
257.0
283.0
300.0
352.0
229.0
251.0
220.0
161.0
259.0
241.0
100.0
239.0
243.0
286.0
223.0
253.0
324.0
234.0
151.0
250.0
182.0
274.0
271.0
278.0
155.0
337.0
189.0
231.0
239.0
267.0
354.0
223.0
233.0
155.0
197.0
230.0
263.0
290.0
221.0
248.0
213.0
154.0
304.0
366.0
192.0
332.0
137.0
265.0
311.0
260.0
250.0
227.0
109.0
257.0
257.0
161.0
231.0
166.0
204.0
194.0
258.0
161.0
230.0
289.0
323.0
190.0
186.0
275.0
168.0
203.0
237.0
234.0
283.0
197.0
208.0
258.0
178.0
333.0
304.0
223.0
351.0
500.0
358.0
324.0
218.0
66.0
353.0
171.0
64.0
219.0
283.0
399.0
302.0
84.0
252.0
242.0
121.0
48.0
263.0
173.0
500.0
252.0
466.0
285.0
500.0
500.0
253.0
500.0
247.0
500.0
439.0
314.0
500.0
497.0
444.0
238.0
285.0
253.0
210.0
243.0
226.0
278.0
299.0
319.0
307.0
163.0
356.0
283.0
251.0
191.0
255.0
238.0
223.0
432.0
371.0
262.0
125.0
362.0
258.0
270.0
295.0
188.0
340.0
270.0
133.0
255.0
305.0
306.0
207.0
227.0
349.0
192.0
242.0
229.0
267.0
234.0
263.0
247.0
388.0
182.0
177.0
226.0
364.0
265.0
291.0
248.0
275.0
198.0
338.0
322.0
403.0
357.0
121.0
318.0
224.0
271.0
218.0
281.0
235.0
500.0
414.0
130.0
407.0
500.0
485.0
198.0
164.0
425.0
378.0
289.0
500.0
500.0
63.0
500.0
500.0
367.0
195.0
474.0
500.0
500.0
500.0
500.0
500.0
489.0
301.0
88.0
500.0
500.0
282.0
479.0
106.0
175.0
38.0
216.0
275.0
388.0
411.0
463.0
151.0
316.0
304.0
437.0
500.0
326.0
294.0
260.0
493.0
283.0
401.0
500.0
500.0
362.0
353.0
500.0
289.0
500.0
360.0
500.0
392.0
451.0
267.0
303.0
176.0
500.0
246.0
500.0
230.0
266.0
324.0
279.0
500.0
169.0
423.0
315.0
304.0
198.0
136.0
198.0
236.0
239.0
178.0
134.0
166.0
171.0
204.0
193.0
220.0
171.0
361.0
243.0
282.0
209.0
171.0
326.0
215.0
183.0
172.0
85.0
61.0
212.0
203.0
176.0
218.0
213.0
158.0
231.0
279.0
185.0
294.0
208.0
195.0
229.0
197.0
276.0
333.0
262.0
86.0
203.0
224.0
196.0
323.0
155.0
157.0
289.0
192.0
365.0
109.0
373.0
246.0
245.0
151.0
238.0
158.0
253.0
207.0
193.0
237.0
201.0
180.0
190.0
432.0
243.0
157.0
230.0
242.0
221.0
224.0
242.0
221.0
203.0
193.0
255.0
222.0
141.0
200.0
287.0
157.0
220.0
236.0
303.0
110.0
166.0
259.0
222.0
213.0
177.0
242.0
197.0
159.0
356.0
198.0
227.0
343.0
281.0
266.0
250.0
200.0
255.0
219.0
220.0
233.0
192.0
221.0
215.0
226.0
202.0
271.0
221.0
218.0
213.0
170.0
267.0
377.0
204.0
175.0
231.0
256.0
142.0
239.0
161.0
181.0
160.0
176.0
169.0
203.0
276.0
154.0
198.0
240.0
184.0
196.0
177.0
160.0
239.0
267.0
185.0
246.0
213.0
176.0
141.0
223.0
196.0
217.0
190.0
188.0
215.0
121.0
220.0
200.0
222.0
191.0
190.0
179.0
159.0
225.0
244.0
210.0
198.0
421.0
395.0
167.0
190.0
175.0
217.0
263.0
273.0
165.0
121.0
236.0
208.0
198.0
163.0
138.0
160.0
184.0
175.0
218.0
190.0
141.0
167.0
180.0
271.0
350.0
245.0
176.0
156.0
194.0
339.0
253.0
315.0
242.0
183.0
290.0
327.0
218.0
235.0
190.0
282.0
193.0
212.0
157.0
239.0
148.0
183.0
201.0
214.0
182.0
179.0
176.0
208.0
121.0
180.0
189.0
299.0
308.0
240.0
230.0
170.0
174.0
195.0
223.0
225.0
284.0
153.0
146.0
200.0
139.0
167.0
184.0
256.0
164.0
174.0
178.0
204.0
125.0
219.0
264.0
175.0
136.0
210.0
170.0
172.0
166.0
119.0
309.0
125.0
104.0
185.0
292.0
176.0
176.0
208.0
192.0
190.0
160.0
197.0
155.0
145.0
224.0
254.0
163.0
188.0
179.0
138.0
301.0
143.0
166.0
109.0
171.0
232.0
204.0
240.0
239.0
182.0
221.0
222.0
186.0
191.0
212.0
219.0
144.0
221.0
254.0
164.0
143.0
174.0
289.0
138.0
385.0
253.0
500.0
391.0
482.0
338.0
404.0
334.0
177.0
28.0
273.0
124.0
44.0
284.0
52.0
157.0
164.0
414.0
122.0
121.0
284.0
375.0
500.0
500.0
157.0
413.0
500.0
500.0
500.0
500.0
500.0
500.0
500.0
500.0
500.0
500.0
500.0
319.0
500.0
500.0
500.0
500.0
500.0
500.0
297.0
500.0
167.0
363.0
500.0
500.0
319.0
500.0
449.0
232.0
366.0
500.0
500.0
457.0
500.0
500.0
335.0
500.0
500.0
155.0
462.0
500.0
500.0
500.0
202.0
445.0
232.0
104.0
186.0
195.0
162.0
178.0
158.0
404.0
454.0
206.0
137.0
500.0
292.0
180.0
295.0
175.0
162.0
245.0
333.0
231.0
204.0
298.0
238.0
299.0
212.0
176.0
405.0
344.0
274.0
216.0
151.0
187.0
151.0
344.0
327.0
199.0
220.0
185.0
181.0
404.0
263.0
230.0
115.0
204.0
326.0
214.0
315.0
407.0
206.0
419.0
125.0
216.0
235.0
276.0
324.0
233.0
358.0
133.0
204.0
168.0
134.0
240.0
211.0
286.0
170.0
326.0
186.0
233.0
264.0
222.0
363.0
162.0
338.0
171.0
164.0
319.0
159.0
334.0
131.0
211.0
138.0
128.0
107.0
426.0
177.0
200.0
201.0
288.0
204.0
232.0
293.0
203.0
205.0
180.0
217.0
323.0
234.0
214.0
196.0
141.0
189.0
315.0
159.0
284.0
228.0
136.0
125.0
471.0
322.0
237.0
177.0
173.0
159.0
52.0
178.0
182.0
172.0
377.0
342.0
309.0
195.0
236.0
168.0
499.0
217.0
218.0
126.0
231.0
265.0
313.0
232.0
129.0
155.0
126.0
215.0
233.0
259.0
137.0
489.0
199.0
223.0
287.0
197.0
250.0
424.0
259.0
140.0
301.0
195.0
257.0
237.0
167.0
208.0
155.0
127.0
266.0
139.0
202.0
220.0
431.0
227.0
133.0
301.0
157.0
140.0
314.0
287.0
376.0
371.0
180.0
130.0
164.0
117.0
367.0
275.0
205.0
234.0
239.0
361.0
280.0
334.0
187.0
200.0
206.0
500.0
244.0
279.0
232.0
231.0
180.0
206.0
329.0
242.0
500.0
210.0
218.0
129.0
225.0
175.0
189.0
199.0
288.0
204.0
196.0
222.0
415.0
189.0
104.0
248.0
203.0
294.0
201.0
294.0
263.0
219.0
126.0
186.0
269.0
168.0
206.0
500.0
278.0
218.0
191.0
161.0
214.0
287.0
303.0
261.0
214.0
129.0
273.0
344.0
134.0
214.0
321.0
261.0
277.0
286.0
397.0
244.0
271.0
143.0
150.0
247.0
177.0
168.0
230.0
189.0
331.0
212.0
114.0
297.0
296.0
221.0
298.0
345.0
201.0
392.0
204.0
140.0
358.0
197.0
220.0
224.0
184.0
204.0
443.0
160.0
309.0
204.0
258.0
246.0
464.0
230.0
138.0
383.0
354.0
108.0
246.0
210.0
426.0
154.0
15.0
172.0
261.0
127.0
167.0
299.0
486.0
220.0
340.0
283.0
329.0
167.0
126.0
332.0
250.0
123.0
222.0
157.0
168.0
287.0
472.0
189.0
201.0
236.0
210.0
149.0
218.0
348.0
158.0
255.0
258.0
192.0
148.0
209.0
374.0
500.0
169.0
152.0
344.0
236.0
227.0
178.0
205.0
161.0
249.0
198.0
255.0
158.0
177.0
262.0
202.0
387.0
290.0
263.0
220.0
132.0
257.0
237.0
147.0
248.0
201.0
122.0
157.0
216.0
256.0
270.0
113.0
351.0
294.0
500.0
345.0
263.0
273.0
157.0
125.0
267.0
194.0
302.0
215.0
205.0
500.0
500.0
465.0
83.0
163.0
450.0
132.0
500.0
367.0
230.0
116.0
305.0
237.0
191.0
500.0
500.0
188.0
52.0
196.0
195.0
340.0
310.0
112.0
277.0
107.0
217.0
150.0
215.0
109.0
203.0
45.0
380.0
142.0
134.0
81.0
186.0
115.0
155.0
500.0
125.0
311.0
367.0
314.0
125.0
126.0
247.0
293.0
324.0
230.0
317.0
104.0
93.0
481.0
137.0
355.0
500.0
153.0
359.0
500.0
150.0
241.0
500.0
222.0
476.0
111.0
35.0
67.0
268.0
309.0
500.0
500.0
120.0
500.0
500.0
145.0
500.0
500.0
500.0
180.0
121.0
317.0
30.0
500.0
212.0
500.0
234.0
500.0
500.0
500.0
114.0
500.0
296.0
500.0
261.0
310.0
188.0
500.0
258.0
500.0
500.0
151.0
500.0
500.0
228.0
500.0
75.0
500.0
500.0
314.0
467.0
500.0
500.0
500.0
317.0
500.0
393.0
66.0
119.0
500.0
500.0
500.0
202.0
500.0
500.0
384.0
500.0
500.0
500.0
500.0
500.0
500.0
294.0
381.0
181.0
270.0
500.0
237.0
400.0
186.0
500.0
500.0
199.0
500.0
225.0
221.0
212.0
366.0
218.0
264.0
500.0
235.0
130.0
259.0
155.0
206.0
425.0
171.0
63.0
105.0
105.0
357.0
324.0
344.0
500.0
500.0
104.0
473.0
238.0
286.0
252.0
398.0
271.0
122.0
204.0
307.0
453.0
241.0
88.0
287.0
111.0
164.0
500.0
195.0
242.0
342.0
500.0
500.0
500.0
98.0
248.0
202.0
500.0
157.0
114.0
273.0
164.0
110.0
497.0
102.0
500.0
442.0
172.0
200.0
146.0
382.0
140.0
253.0
183.0
385.0
241.0
208.0
213.0
134.0
189.0
201.0
203.0
215.0
310.0
125.0
151.0
214.0
197.0
190.0
52.0
204.0
375.0
167.0
158.0
171.0
232.0
230.0
126.0
271.0
232.0
154.0
289.0
304.0
199.0
236.0
397.0
263.0
427.0
246.0
285.0
235.0
341.0
412.0
147.0
249.0
170.0
194.0
254.0
145.0
152.0
371.0
496.0
415.0
500.0
451.0
500.0
500.0
496.0
500.0
500.0
500.0
500.0
145.0
500.0
471.0
180.0
500.0
500.0
438.0
500.0
500.0
500.0
489.0
500.0
404.0
448.0
500.0
500.0
500.0
500.0
500.0
307.0
407.0
154.0
206.0
108.0
500.0
149.0
201.0
68.0
60.0
176.0
441.0
406.0
47.0
64.0
78.0
183.0
434.0
471.0
142.0
283.0
442.0
106.0
99.0
500.0
500.0
500.0
500.0
500.0
500.0
500.0
500.0
260.0
500.0
500.0
500.0
500.0
500.0
500.0
500.0
500.0
500.0
466.0
500.0
500.0
194.0
500.0
500.0
235.0
500.0
500.0
375.0
500.0
500.0
500.0
406.0
500.0
500.0
500.0
500.0
500.0
500.0
500.0
500.0
500.0
500.0
500.0
500.0
500.0
500.0
500.0
500.0
500.0
500.0
500.0
500.0
500.0
449.0
500.0
500.0
500.0
500.0
500.0
500.0
500.0
500.0
344.0
500.0
222.0
389.0
483.0
404.0
500.0
494.0
293.0
171.0
500.0
330.0
500.0
488.0
500.0
449.0
500.0
500.0
500.0
500.0
500.0
331.0
500.0
244.0
500.0
500.0
301.0
259.0
216.0
500.0
500.0
500.0
500.0
236.0
500.0
500.0
500.0
500.0
500.0
500.0
500.0
177.0
280.0
500.0
500.0
500.0
500.0
500.0
500.0
500.0
500.0
125.0
500.0
500.0
163.0
500.0
125.0
142.0
500.0
500.0
221.0
500.0
220.0
500.0
500.0
500.0
500.0
500.0
500.0
307.0
500.0
500.0
500.0
189.0
500.0
133.0
244.0
235.0
168.0
500.0
268.0
500.0
500.0
500.0
500.0
500.0
500.0
500.0
500.0
500.0
500.0
500.0
500.0
500.0
500.0
500.0
500.0
486.0
233.0
500.0
392.0
116.0
496.0
500.0
500.0
297.0
500.0
132.0
500.0
238.0
470.0
140.0
216.0
238.0
137.0
102.0
453.0
500.0
494.0
500.0
193.0
444.0
163.0
137.0
364.0
188.0
500.0
500.0
106.0
111.0
459.0
500.0
500.0
276.0
268.0
500.0
123.0
158.0
500.0
500.0
500.0
194.0
500.0
500.0
500.0
500.0
500.0
500.0
452.0
500.0
500.0
500.0
500.0
181.0
272.0
500.0
317.0
376.0
500.0
500.0
500.0
500.0
420.0
500.0
500.0
500.0
500.0
500.0
500.0
493.0
500.0
313.0
369.0
275.0
344.0
500.0
500.0
500.0
500.0
192.0
438.0
361.0
345.0
500.0
500.0
500.0
500.0
500.0
396.0
498.0
225.0
30.0
43.0
500.0
500.0
500.0
500.0
119.0
500.0
500.0
500.0
500.0
500.0
500.0
500.0
500.0
500.0
500.0
500.0
277.0
500.0
500.0
500.0
500.0
500.0
500.0
500.0
414.0
500.0
201.0
500.0
500.0
500.0
500.0
500.0
500.0
500.0
366.0
500.0
500.0
500.0
500.0
500.0
500.0
500.0
327.0
500.0
500.0
500.0
500.0
500.0
500.0
500.0
500.0
500.0
500.0
500.0
500.0
500.0
416.0
500.0
500.0
500.0
500.0
500.0
500.0
500.0
500.0
500.0
500.0
500.0
500.0
500.0
500.0
500.0
500.0
500.0
410.0
500.0
500.0
500.0
500.0
500.0
500.0
500.0
500.0
500.0
249.0
500.0
500.0
500.0
500.0
500.0
500.0
500.0
500.0
500.0
187.0
500.0
500.0
500.0
500.0
500.0
417.0
500.0
500.0
500.0
500.0
500.0
500.0
500.0
500.0
500.0
500.0
500.0
321.0
302.0
500.0
500.0
500.0
459.0
500.0
500.0
500.0
500.0
500.0
500.0
500.0
323.0
500.0
500.0
224.0
500.0
296.0
500.0
500.0
500.0
500.0
487.0
500.0
500.0
500.0
500.0
500.0
500.0
500.0
500.0
500.0
500.0
500.0
500.0
500.0
500.0
500.0
500.0
500.0
500.0
500.0
500.0
406.0
500.0
500.0
500.0
500.0
500.0
500.0
500.0
500.0
500.0
500.0
500.0
500.0
500.0
500.0
500.0
500.0
500.0
500.0
500.0
500.0
299.0
500.0
500.0
500.0
500.0
500.0
500.0
500.0
500.0
500.0
500.0
500.0
500.0
500.0
500.0
500.0
500.0
500.0
500.0
307.0
500.0
500.0
500.0
500.0
500.0
500.0
500.0
500.0
500.0
500.0
179.0
500.0
500.0
500.0
500.0
500.0
500.0
500.0
369.0
500.0
500.0
500.0
500.0
500.0
467.0
500.0
500.0
500.0
500.0
500.0
500.0
486.0
500.0
490.0
500.0
500.0
500.0
500.0
500.0
500.0
500.0
500.0
500.0
500.0
500.0
500.0
500.0
500.0
500.0
500.0
403.0
500.0
500.0
500.0
500.0
500.0
500.0
500.0
500.0
500.0
500.0
500.0
133.0
500.0
417.0
500.0
500.0
500.0
500.0
500.0
500.0
500.0
500.0
500.0
500.0
500.0
500.0
500.0
500.0
500.0
500.0
500.0
500.0
500.0
500.0
500.0
500.0
500.0
500.0
500.0
500.0
500.0
500.0
500.0
500.0
500.0
500.0
500.0
500.0
500.0
500.0
500.0
500.0
500.0
232.0
500.0
500.0
500.0
500.0
500.0
500.0
500.0
500.0
500.0
500.0
500.0
500.0
500.0
500.0
500.0
500.0
500.0
500.0
500.0
500.0
500.0
465.0
500.0
222.0
96.0
500.0
261.0
227.0
500.0
342.0
109.0
110.0
403.0
500.0
500.0
122.0
178.0
500.0
500.0
500.0
414.0
500.0
500.0
500.0
500.0
250.0
500.0
500.0
500.0
500.0
500.0
500.0
500.0
500.0
500.0
500.0
500.0
154.0
500.0
500.0
500.0
500.0
500.0
500.0
500.0
500.0
500.0
500.0
213.0
500.0
500.0
500.0
500.0
500.0
500.0
500.0
500.0
500.0
500.0
500.0
500.0
500.0
500.0
500.0
500.0
500.0
500.0
500.0
500.0
500.0
500.0
500.0
500.0
500.0
293.0
500.0
500.0
500.0
500.0
500.0
500.0
500.0
500.0
500.0
500.0
500.0
500.0
500.0
500.0
500.0
500.0
500.0
500.0
500.0
500.0
500.0
500.0
500.0
500.0
500.0
500.0
500.0
500.0
305.0
500.0
500.0
500.0
500.0
500.0
367.0
500.0
500.0
500.0
347.0
500.0
500.0
389.0
500.0
500.0
500.0
500.0
500.0
500.0
442.0
500.0
500.0
500.0
500.0
500.0
500.0
500.0
500.0
500.0
500.0
236.0
500.0
500.0
500.0
426.0
500.0
500.0
500.0
500.0
25.0
155.0
94.0
103.0
500.0
204.0
500.0
276.0
500.0
344.0
500.0
500.0
175.0
152.0
148.0
280.0
500.0
182.0
500.0
500.0
95.0
447.0
407.0
468.0
435.0
195.0
500.0
500.0
500.0
500.0
500.0
500.0
500.0
339.0
500.0
500.0
500.0
500.0
500.0
500.0
500.0
341.0
500.0
500.0
499.0
500.0
500.0
500.0
500.0
433.0
500.0
500.0
500.0
500.0
500.0
500.0
238.0
500.0
480.0
191.0
472.0
496.0
231.0
423.0
500.0
347.0
500.0
491.0
500.0
184.0
500.0
475.0
500.0
299.0
496.0
500.0
473.0
470.0
500.0
463.0
428.0
500.0
443.0
432.0
500.0
500.0
429.0
500.0
500.0
500.0
500.0
500.0
500.0
500.0
500.0
500.0
500.0
471.0
500.0
500.0
500.0
500.0
500.0
500.0
489.0
500.0
500.0
500.0
469.0
500.0
500.0
429.0
500.0
500.0
500.0
500.0
421.0
385.0
500.0
500.0
429.0
500.0
491.0
500.0
500.0
500.0
500.0
500.0
500.0
495.0
500.0
500.0
500.0
500.0
500.0
500.0
500.0
500.0
500.0
500.0
500.0
500.0
500.0
500.0
500.0
500.0
500.0
500.0
500.0
494.0
500.0
475.0
500.0
500.0
500.0
500.0
500.0
500.0
434.0
476.0
500.0
444.0
456.0
500.0
500.0
500.0
489.0
500.0
493.0
466.0
500.0
500.0
454.0
500.0
481.0
500.0
500.0
500.0
500.0
500.0
378.0
500.0
500.0
500.0
413.0
500.0
460.0
448.0
462.0
446.0
500.0
466.0
384.0
500.0
500.0
500.0
493.0
500.0
500.0
406.0
500.0
500.0
500.0
500.0
500.0
500.0
495.0
410.0
500.0
478.0
500.0
495.0
500.0
378.0
500.0
462.0
490.0
500.0
500.0
500.0
500.0
500.0
500.0
500.0
462.0
500.0
500.0
500.0
500.0
500.0
500.0
482.0
500.0
500.0
462.0
500.0
498.0
500.0
490.0
500.0
352.0
439.0
500.0
500.0
500.0
500.0
500.0
500.0
500.0
500.0
500.0
500.0
500.0
500.0
500.0
500.0
500.0
500.0
500.0
500.0
500.0
486.0
500.0
500.0
500.0
500.0
500.0
367.0
500.0
500.0
494.0
500.0
500.0
500.0
500.0
500.0
477.0
500.0
496.0
500.0
500.0
500.0
500.0
500.0
500.0
500.0
500.0
500.0
443.0
500.0
352.0
500.0
479.0
500.0
473.0
500.0
500.0
408.0
460.0
388.0
441.0
343.0
500.0
500.0
435.0
500.0
344.0
500.0
500.0
500.0
485.0
500.0
355.0
500.0
302.0
500.0
472.0
500.0
500.0
357.0
500.0
500.0
500.0
500.0
412.0
473.0
472.0
429.0
361.0
477.0
484.0
500.0
422.0
449.0
500.0
500.0
471.0
500.0
391.0
495.0
359.0
380.0
469.0
451.0
430.0
394.0
311.0
500.0
500.0
500.0
500.0
500.0
378.0
500.0
500.0
500.0
500.0
500.0
500.0
500.0
500.0
500.0
500.0
500.0
500.0
500.0
500.0
500.0
500.0
500.0
500.0
500.0
500.0
500.0
500.0
500.0
500.0
500.0
500.0
500.0
500.0
500.0
500.0
500.0
500.0
500.0
500.0
500.0
500.0
500.0
500.0
500.0
180.0
500.0
500.0
500.0
500.0
500.0
500.0
500.0
500.0
500.0
500.0
500.0
500.0
500.0
500.0
500.0
500.0
500.0
500.0
500.0
500.0
500.0
500.0
500.0
500.0
500.0
500.0
500.0
500.0
500.0
500.0
500.0
500.0
500.0
500.0
500.0
500.0
500.0
500.0
500.0
500.0
500.0
500.0
487.0
500.0
500.0
500.0
500.0
500.0
500.0
500.0
500.0
500.0
500.0
500.0
500.0
500.0
500.0
496.0
500.0
500.0
500.0
500.0
500.0
500.0
500.0
500.0
500.0
500.0
500.0
500.0
500.0
500.0
500.0
500.0
500.0
500.0
500.0
500.0
500.0
500.0
500.0
500.0
500.0
500.0
500.0
500.0
500.0
500.0
500.0
500.0
500.0
500.0
500.0
500.0
500.0
500.0
500.0
500.0
500.0
500.0
500.0
500.0
500.0
500.0
500.0
500.0
500.0
500.0
500.0
500.0
500.0
481.0
500.0
500.0
500.0
500.0
500.0
500.0
500.0
500.0
500.0
500.0
500.0
500.0
500.0
500.0
500.0
500.0
500.0
500.0
500.0
500.0
500.0
500.0
500.0
500.0
500.0
500.0
500.0
500.0
500.0
500.0
500.0
500.0
500.0
500.0
500.0
500.0
500.0
500.0
500.0
500.0
500.0
500.0
500.0
500.0
500.0
475.0
500.0
500.0
500.0
500.0
500.0
500.0
500.0
500.0
500.0
500.0
500.0
491.0
500.0
500.0
500.0
500.0
500.0
500.0
500.0
500.0
500.0
500.0
500.0
500.0
500.0
500.0
500.0
500.0
500.0
500.0
500.0
500.0
500.0
500.0
500.0
500.0
500.0
500.0
500.0
500.0
500.0
500.0
500.0
500.0
500.0
500.0
500.0
500.0
500.0
500.0
500.0
500.0
500.0
500.0
500.0
480.0
500.0
500.0
500.0
500.0
500.0
500.0
500.0
500.0
500.0
500.0
500.0
500.0
500.0
500.0
500.0
500.0
500.0
500.0
500.0
500.0
500.0
500.0
500.0
500.0
500.0
500.0
500.0
500.0
500.0
500.0
500.0
500.0
500.0
492.0
500.0
500.0
500.0
500.0
500.0
500.0
500.0
500.0
500.0
500.0
500.0
460.0
500.0
500.0
500.0
500.0
500.0
500.0
500.0
500.0
500.0
492.0
500.0
500.0
500.0
500.0
500.0
500.0
500.0
500.0
500.0
500.0
500.0
500.0
500.0
500.0
500.0
500.0
500.0
500.0
500.0
498.0
500.0
500.0
500.0
500.0
500.0
500.0
500.0
500.0
500.0
500.0
500.0
500.0
500.0
500.0
500.0
500.0
500.0
500.0
500.0
500.0
500.0
500.0
500.0
500.0
500.0
500.0
500.0
500.0
500.0
500.0
500.0
500.0
500.0
500.0
500.0
500.0
500.0
500.0
500.0
500.0
500.0
500.0
500.0
500.0
500.0
500.0
500.0
500.0
498.0
500.0
500.0
500.0
500.0
494.0
500.0
500.0
500.0
500.0
500.0
500.0
500.0
500.0
500.0
500.0
500.0
500.0
500.0
500.0
500.0
500.0
500.0
500.0
500.0
500.0
500.0
500.0
500.0
500.0
500.0
500.0
500.0
500.0
500.0
474.0
500.0
500.0
499.0
500.0
500.0
483.0
500.0
500.0
500.0
500.0
500.0
500.0
500.0
500.0
500.0
500.0
500.0
500.0
500.0
500.0
500.0
500.0
500.0
500.0
500.0
500.0
500.0
500.0
500.0
500.0
500.0
500.0
500.0
500.0
500.0
500.0
500.0
500.0
500.0
500.0
500.0
495.0
500.0
500.0
500.0
500.0
500.0
500.0
500.0
500.0
500.0
457.0
500.0
500.0
500.0
500.0
500.0
500.0
500.0
500.0
500.0
500.0
500.0
495.0
500.0
500.0
500.0
500.0
500.0
500.0
500.0
500.0
500.0
500.0
500.0
500.0
500.0
500.0
500.0
500.0
500.0
500.0
500.0
500.0
500.0
500.0
500.0
500.0
500.0
500.0
500.0
500.0
500.0
500.0
500.0
500.0
415.0
500.0
500.0
500.0
500.0
500.0
500.0
500.0
500.0
500.0
500.0
500.0
500.0
500.0
500.0
500.0
500.0
500.0
500.0
500.0
500.0
500.0
500.0
440.0
500.0
388.0
370.0
274.0
300.0
402.0
442.0
475.0
448.0
494.0
470.0
454.0
474.0
500.0
500.0
427.0
400.0
500.0
500.0
500.0
500.0
500.0
439.0
460.0
467.0
500.0
500.0
500.0
500.0
469.0
386.0
500.0
487.0
500.0
500.0
500.0
500.0
498.0
406.0
500.0
449.0
500.0
500.0
487.0
500.0
500.0
414.0
500.0
500.0
500.0
500.0
460.0
500.0
465.0
472.0
441.0
400.0
442.0
500.0
500.0
500.0
394.0
500.0
500.0
500.0
500.0
500.0
500.0
500.0
500.0
500.0
500.0
500.0
500.0
446.0
500.0
500.0
456.0
500.0
500.0
500.0
500.0
437.0
476.0
500.0
500.0
446.0
500.0
500.0
500.0
500.0
493.0
500.0
500.0
500.0
500.0
500.0
500.0
500.0
500.0
500.0
498.0
500.0
500.0
500.0
500.0
484.0
478.0
500.0
500.0
500.0
500.0
498.0
500.0
500.0
472.0
500.0
474.0
500.0
500.0
500.0
500.0
481.0
463.0
500.0
500.0
500.0
500.0
459.0
500.0
500.0
479.0
500.0
493.0
500.0
500.0
500.0
500.0
500.0
500.0
500.0
500.0
471.0
438.0
500.0
500.0
500.0
500.0
500.0
483.0
500.0
453.0
500.0
500.0
500.0
500.0
500.0
413.0
500.0
467.0
500.0
492.0
500.0
500.0
500.0
445.0
500.0
500.0
500.0
495.0
419.0
500.0
500.0
500.0
500.0
481.0
500.0
500.0
500.0
500.0
500.0
466.0
500.0
500.0
500.0
467.0
500.0
447.0
500.0
500.0
500.0
500.0
500.0
489.0
500.0
430.0
500.0
500.0
500.0
500.0
500.0
500.0
500.0
500.0
500.0
500.0
500.0
500.0
415.0
500.0
490.0
500.0
500.0
486.0
487.0
500.0
500.0
500.0
484.0
500.0
500.0
470.0
413.0
316.0
464.0
500.0
500.0
399.0
241.0
441.0
500.0
500.0
500.0
500.0
289.0
500.0
500.0
455.0
500.0
500.0
500.0
500.0
421.0
455.0
500.0
442.0
500.0
500.0
500.0
500.0
500.0
471.0
500.0
448.0
358.0
259.0
500.0
500.0
443.0
498.0
500.0
500.0
500.0
500.0
500.0
500.0
500.0
500.0
460.0
500.0
500.0
500.0
500.0
500.0
500.0
500.0
500.0
500.0
500.0
500.0
500.0
500.0
390.0
500.0
500.0
500.0
500.0
500.0
500.0
500.0
500.0
439.0
500.0
460.0
500.0
497.0
453.0
500.0
500.0
500.0
442.0
482.0
500.0
500.0
500.0
500.0
451.0
500.0
477.0
88.0
162.0
355.0
500.0
356.0
500.0
500.0
492.0
350.0
187.0
263.0
237.0
298.0
254.0
264.0
200.0
269.0
284.0
300.0
314.0
294.0
297.0
453.0
460.0
442.0
309.0
500.0
500.0
111.0
388.0
321.0
280.0
500.0
500.0
325.0
231.0
206.0
349.0
213.0
289.0
414.0
324.0
249.0
339.0
265.0
273.0
265.0
196.0
243.0
500.0
386.0
500.0
500.0
294.0
262.0
278.0
231.0
303.0
314.0
326.0
299.0
277.0
293.0
292.0
500.0
283.0
329.0
423.0
335.0
274.0
346.0
355.0
315.0
292.0
82.0
147.0
152.0
500.0
500.0
412.0
385.0
500.0
500.0
500.0
359.0
500.0
336.0
281.0
472.0
372.0
241.0
103.0
94.0
158.0
67.0
51.0
500.0
35.0
262.0
422.0
427.0
500.0
500.0
109.0
66.0
500.0
500.0
500.0
500.0
500.0
379.0
34.0
500.0
500.0
500.0
500.0
500.0
500.0
210.0
500.0
500.0
500.0
500.0
500.0
500.0
190.0
500.0
500.0
500.0
500.0
500.0
500.0
500.0
500.0
500.0
500.0
500.0
500.0
500.0
500.0
500.0
500.0
500.0
500.0
500.0
500.0
500.0
500.0
500.0
500.0
500.0
139.0
500.0
500.0
500.0
500.0
500.0
500.0
500.0
500.0
500.0
500.0
500.0
500.0
500.0
500.0
500.0
500.0
500.0
500.0
500.0
500.0
500.0
500.0
500.0
500.0
500.0
500.0
500.0
500.0
500.0
500.0
500.0
500.0
500.0
500.0
500.0
500.0
500.0
500.0
500.0
500.0
500.0
500.0
500.0
500.0
500.0
500.0
500.0
500.0
500.0
500.0
500.0
500.0
500.0
500.0
500.0
500.0
500.0
500.0
500.0
500.0
500.0
500.0
500.0
500.0
500.0
500.0
500.0
500.0
500.0
500.0
500.0
500.0
500.0
500.0
500.0
500.0
500.0
500.0
500.0
500.0
500.0
500.0
500.0
500.0
500.0
500.0
500.0
500.0
500.0
500.0
500.0
500.0
500.0
500.0
500.0
500.0
500.0
500.0
500.0
500.0
500.0
500.0
500.0
500.0
500.0
500.0
500.0
500.0
500.0
500.0
500.0
500.0
500.0
500.0
439.0
500.0
500.0
500.0
500.0
500.0
500.0
500.0
500.0
500.0
500.0
500.0
500.0
500.0
500.0
500.0
500.0
500.0
500.0
500.0
500.0
500.0
500.0
500.0
500.0
500.0
500.0
500.0
500.0
174.0
500.0
500.0
500.0
500.0
500.0
500.0
500.0
500.0
500.0
500.0
500.0
500.0
500.0
500.0
500.0
500.0
500.0
500.0
500.0
500.0
500.0
500.0
500.0
500.0
500.0
500.0
500.0
500.0
500.0
500.0
500.0
500.0
500.0
500.0
500.0
500.0
500.0
500.0
500.0
500.0
500.0
500.0
500.0
500.0
500.0
500.0
245.0
266.0
500.0
500.0
500.0
500.0
500.0
500.0
500.0
500.0
500.0
500.0
500.0
500.0
500.0
500.0
500.0
500.0
500.0
500.0
500.0
500.0
500.0
386.0
500.0
500.0
500.0
500.0
500.0
500.0
500.0
500.0
500.0
500.0
500.0
500.0
500.0
500.0
500.0
500.0
500.0
500.0
500.0
500.0
500.0
500.0
500.0
500.0
500.0
500.0
500.0
500.0
500.0
500.0
500.0
500.0
500.0
500.0
500.0
500.0
500.0
500.0
500.0
500.0
500.0
500.0
500.0
500.0
500.0
500.0
500.0
500.0
500.0
500.0
500.0
500.0
500.0
500.0
500.0
500.0
500.0
500.0
500.0
500.0
500.0
500.0
500.0
500.0
500.0
500.0
500.0
500.0
500.0
500.0
500.0
500.0
500.0
500.0
500.0
500.0
500.0
500.0
500.0
500.0
500.0
500.0
500.0
500.0
500.0
500.0
500.0
500.0
500.0
500.0
500.0
74.0
202.0
200.0
22.0
18.0
316.0
500.0
304.0
181.0
500.0
381.0
500.0
500.0
500.0
500.0
500.0
134.0
284.0
500.0
468.0
316.0
276.0
500.0
327.0
500.0
500.0
500.0
500.0
500.0
500.0
500.0
500.0
500.0
500.0
500.0
500.0
500.0
500.0
500.0
500.0
316.0
500.0
303.0
500.0
318.0
459.0
373.0
391.0
500.0
364.0
147.0
338.0
393.0
500.0
366.0
373.0
424.0
500.0
431.0
393.0
351.0
405.0
500.0
497.0
300.0
305.0
309.0
500.0
500.0
500.0
500.0
421.0
475.0
418.0
340.0
401.0
465.0
456.0
458.0
444.0
500.0
479.0
464.0
485.0
394.0
433.0
484.0
363.0
367.0
500.0
500.0
449.0
500.0
500.0
500.0
311.0
500.0
350.0
425.0
467.0
484.0
315.0
484.0
500.0
464.0
404.0
319.0
309.0
375.0
446.0
446.0
421.0
500.0
480.0
500.0
440.0
500.0
481.0
334.0
500.0
500.0
500.0
350.0
480.0
463.0
492.0
500.0
500.0
491.0
500.0
500.0
495.0
367.0
470.0
500.0
500.0
500.0
500.0
500.0
500.0
500.0
460.0
500.0
500.0
474.0
500.0
500.0
500.0
500.0
485.0
431.0
500.0
444.0
449.0
500.0
500.0
500.0
398.0
405.0
500.0
500.0
470.0
500.0
500.0
500.0
459.0
500.0
500.0
500.0
20.0
377.0
500.0
500.0
500.0
479.0
500.0
500.0
500.0
455.0
500.0
500.0
500.0
466.0
500.0
455.0
364.0
500.0
500.0
500.0
500.0
500.0
500.0
500.0
500.0
500.0
500.0
500.0
500.0
500.0
500.0
500.0
500.0
500.0
500.0
500.0
500.0
448.0
500.0
451.0
500.0
500.0
385.0
369.0
468.0
500.0
500.0
500.0
500.0
500.0
500.0
500.0
500.0
500.0
500.0
373.0
500.0
411.0
228.0
500.0
500.0
449.0
500.0
441.0
500.0
500.0
101.0
500.0
315.0
145.0
500.0
500.0
500.0
491.0
414.0
500.0
340.0
500.0
500.0
437.0
479.0
500.0
429.0
369.0
397.0
500.0
500.0
500.0
500.0
500.0
500.0
416.0
304.0
402.0
500.0
419.0
500.0
483.0
500.0
500.0
473.0
500.0
500.0
500.0
443.0
500.0
500.0
500.0
487.0
222.0
71.0
345.0
374.0
500.0
500.0
500.0
167.0
169.0
500.0
500.0
348.0
500.0
282.0
347.0
500.0
417.0
500.0
152.0
441.0
500.0
500.0
500.0
500.0
500.0
436.0
500.0
500.0
500.0
500.0
500.0
500.0
500.0
500.0
500.0
500.0
500.0
268.0
500.0
500.0
500.0
500.0
500.0
500.0
500.0
500.0
500.0
500.0
500.0
500.0
495.0
500.0
500.0
500.0
500.0
301.0
500.0
500.0
500.0
500.0
500.0
500.0
500.0
500.0
500.0
500.0
500.0
500.0
500.0
500.0
500.0
500.0
500.0
398.0
500.0
500.0
500.0
500.0
500.0
418.0
500.0
500.0
310.0
280.0
500.0
500.0
500.0
500.0
500.0
500.0
500.0
500.0
123.0
500.0
500.0
500.0
500.0
500.0
500.0
257.0
500.0
187.0
500.0
500.0
500.0
500.0
500.0
500.0
500.0
500.0
500.0
500.0
340.0
500.0
416.0
425.0
500.0
500.0
500.0
500.0
500.0
500.0
500.0
500.0
500.0
500.0
500.0
500.0
500.0
500.0
500.0
279.0
500.0
500.0
112.0
421.0
500.0
477.0
500.0
500.0
500.0
500.0
500.0
500.0
500.0
500.0
500.0
500.0
500.0
500.0
500.0
500.0
500.0
500.0
483.0
500.0
500.0
500.0
500.0
500.0
500.0
500.0
500.0
500.0
500.0
500.0
500.0
500.0
500.0
362.0
500.0
500.0
500.0
500.0
500.0
500.0
500.0
500.0
500.0
500.0
500.0
500.0
500.0
500.0
500.0
500.0
500.0
264.0
500.0
335.0
500.0
500.0
500.0
367.0
148.0
500.0
436.0
500.0
185.0
307.0
500.0
500.0
500.0
500.0
500.0
500.0
500.0
271.0
500.0
207.0
500.0
500.0
336.0
500.0
500.0
500.0
500.0
500.0
484.0
495.0
500.0
356.0
500.0
500.0
500.0
500.0
500.0
458.0
500.0
464.0
326.0
284.0
500.0
500.0
254.0
234.0
445.0
204.0
279.0
482.0
500.0
500.0
500.0
500.0
364.0
500.0
500.0
153.0
176.0
500.0
203.0
500.0
142.0
500.0
334.0
169.0
494.0
119.0
147.0
122.0
325.0
176.0
133.0
187.0
328.0
500.0
310.0
500.0
500.0
372.0
390.0
366.0
315.0
499.0
500.0
266.0
232.0
289.0
500.0
205.0
205.0
450.0
500.0
500.0
500.0
500.0
500.0
500.0
257.0
500.0
500.0
305.0
391.0
500.0
500.0
500.0
485.0
500.0
500.0
500.0
500.0
355.0
500.0
500.0
500.0
136.0
500.0
500.0
500.0
500.0
500.0
76.0
500.0
500.0
500.0
500.0
500.0
500.0
500.0
500.0
500.0
500.0
500.0
500.0
500.0
500.0
357.0
500.0
500.0
500.0
500.0
500.0
500.0
500.0
500.0
500.0
500.0
500.0
500.0
500.0
500.0
500.0
500.0
500.0
500.0
146.0
500.0
500.0
500.0
500.0
500.0
500.0
500.0
500.0
500.0
500.0
500.0
500.0
500.0
500.0
500.0
500.0
500.0
500.0
500.0
500.0
500.0
500.0
500.0
500.0
500.0
500.0
500.0
500.0
500.0
500.0
500.0
500.0
500.0
500.0
51.0
500.0
500.0
500.0
500.0
500.0
500.0
500.0
500.0
500.0
500.0
500.0
500.0
500.0
500.0
500.0
500.0
500.0
500.0
500.0
500.0
500.0
500.0
500.0
500.0
500.0
500.0
500.0
500.0
500.0
500.0
500.0
500.0
500.0
500.0
500.0
500.0
500.0
500.0
500.0
500.0
500.0
500.0
500.0
500.0
500.0
500.0
500.0
500.0
500.0
500.0
500.0
500.0
500.0
405.0
500.0
500.0
119.0
500.0
398.0
500.0
500.0
500.0
500.0
96.0
500.0
390.0
93.0
262.0
71.0
500.0
500.0
500.0
500.0
496.0
225.0
229.0
500.0
242.0
500.0
500.0
500.0
500.0
500.0
500.0
500.0
500.0
500.0
500.0
500.0
500.0
500.0
500.0
224.0
500.0
500.0
500.0
500.0
203.0
408.0
500.0
500.0
126.0
500.0
500.0
500.0
500.0
500.0
500.0
500.0
500.0
500.0
500.0
500.0
500.0
500.0
500.0
500.0
500.0
500.0
500.0
500.0
500.0
238.0
500.0
500.0
500.0
215.0
500.0
500.0
500.0
500.0
500.0
500.0
500.0
500.0
500.0
500.0
500.0
500.0
500.0
500.0
500.0
500.0
500.0
500.0
126.0
500.0
500.0
500.0
500.0
500.0
500.0
500.0
201.0
430.0
500.0
500.0
500.0
500.0
410.0
500.0
500.0
500.0
500.0
500.0
500.0
500.0
500.0
500.0
500.0
500.0
372.0
481.0
500.0
500.0
500.0
500.0
500.0
500.0
500.0
500.0
500.0
500.0
500.0
500.0
500.0
500.0
500.0
500.0
500.0
500.0
500.0
500.0
500.0
213.0
500.0
500.0
500.0
500.0
500.0
500.0
500.0
500.0
500.0
500.0
500.0
500.0
500.0
96.0
500.0
500.0
500.0
500.0
290.0
110.0
500.0
69.0
65.0
500.0
317.0
500.0
337.0
500.0
470.0
500.0
500.0
500.0
294.0
500.0
299.0
363.0
500.0
500.0
484.0
500.0
500.0
500.0
459.0
500.0
500.0
306.0
500.0
500.0
500.0
500.0
500.0
500.0
500.0
500.0
211.0
278.0
500.0
500.0
500.0
334.0
268.0
342.0
408.0
101.0
334.0
328.0
415.0
70.0
319.0
500.0
436.0
344.0
323.0
500.0
426.0
500.0
359.0
346.0
500.0
500.0
500.0
263.0
500.0
194.0
500.0
500.0
179.0
483.0
500.0
125.0
500.0
146.0
500.0
443.0
149.0
322.0
181.0
207.0
208.0
500.0
500.0
72.0
336.0
149.0
500.0
138.0
500.0
500.0
301.0
202.0
500.0
391.0
500.0
245.0
487.0
500.0
500.0
266.0
500.0
142.0
500.0
500.0
321.0
293.0
500.0
229.0
500.0
458.0
500.0
500.0
500.0
500.0
500.0
500.0
390.0
500.0
500.0
500.0
500.0
500.0
500.0
500.0
500.0
500.0
500.0
500.0
500.0
500.0
486.0
500.0
500.0
500.0
500.0
500.0
500.0
500.0
500.0
197.0
430.0
500.0
329.0
111.0
218.0
173.0
143.0
183.0
112.0
500.0
171.0
219.0
195.0
129.0
177.0
500.0
180.0
337.0
500.0
500.0
390.0
176.0
316.0
390.0
296.0
500.0
500.0
363.0
500.0
500.0
94.0
403.0
234.0
178.0
500.0
330.0
500.0
500.0
398.0
500.0
500.0
500.0
500.0
211.0
500.0
386.0
78.0
491.0
500.0
500.0
384.0
500.0
418.0
500.0
500.0
500.0
500.0
453.0
330.0
500.0
480.0
500.0
492.0
133.0
500.0
500.0
500.0
500.0
500.0
500.0
499.0
500.0
500.0
500.0
500.0
336.0
55.0
500.0
500.0
500.0
500.0
500.0
79.0
500.0
500.0
500.0
500.0
53.0
500.0
500.0
500.0
500.0
500.0
500.0
471.0
381.0
493.0
421.0
500.0
371.0
500.0
416.0
500.0
500.0
500.0
359.0
461.0
500.0
500.0
483.0
449.0
500.0
500.0
372.0
404.0
433.0
500.0
446.0
334.0
500.0
359.0
500.0
500.0
452.0
500.0
500.0
500.0
145.0
403.0
426.0
500.0
500.0
500.0
500.0
500.0
500.0
462.0
500.0
500.0
380.0
500.0
500.0
401.0
500.0
500.0
240.0
500.0
500.0
500.0
500.0
500.0
500.0
500.0
500.0
500.0
500.0
500.0
327.0
500.0
500.0
500.0
362.0
500.0
500.0
500.0
500.0
399.0
500.0
500.0
376.0
500.0
500.0
500.0
500.0
500.0
500.0
500.0
500.0
500.0
500.0
500.0
500.0
500.0
500.0
500.0
423.0
500.0
500.0
500.0
500.0
500.0
500.0
432.0
500.0
500.0
500.0
500.0
500.0
500.0
500.0
500.0
500.0
498.0
500.0
500.0
500.0
500.0
500.0
500.0
500.0
500.0
500.0
500.0
500.0
500.0
500.0
500.0
500.0
500.0
500.0
435.0
500.0
477.0
500.0
500.0
352.0
500.0
500.0
500.0
458.0
500.0
500.0
500.0
144.0
500.0
500.0
500.0
500.0
500.0
500.0
500.0
139.0
500.0
184.0
320.0
500.0
500.0
500.0
460.0
500.0
500.0
500.0
500.0
500.0
500.0
500.0
500.0
452.0
500.0
500.0
352.0
500.0
500.0
500.0
500.0
461.0
500.0
464.0
500.0
500.0
221.0
364.0
500.0
500.0
500.0
500.0
500.0
500.0
500.0
500.0
500.0
500.0
500.0
471.0
500.0
390.0
500.0
422.0
500.0
500.0
500.0
500.0
500.0
500.0
500.0
475.0
500.0
500.0
500.0
500.0
500.0
500.0
500.0
500.0
500.0
500.0
500.0
500.0
500.0
464.0
500.0
219.0
500.0
500.0
500.0
500.0
500.0
500.0
500.0
500.0
500.0
500.0
500.0
500.0
500.0
500.0
500.0
496.0
500.0
447.0
236.0
500.0
500.0
345.0
500.0
321.0
242.0
234.0
160.0
429.0
293.0
329.0
500.0
500.0
500.0
500.0
500.0
500.0
500.0
338.0
500.0
500.0
402.0
500.0
356.0
500.0
475.0
388.0
335.0
416.0
500.0
500.0
434.0
500.0
367.0
375.0
449.0
371.0
391.0
500.0
500.0
438.0
397.0
500.0
500.0
397.0
332.0
494.0
500.0
397.0
298.0
500.0
500.0
373.0
500.0
500.0
478.0
163.0
428.0
141.0
500.0
122.0
500.0
500.0
179.0
473.0
500.0
399.0
217.0
177.0
445.0
500.0
500.0
500.0
500.0
278.0
462.0
479.0
460.0
247.0
498.0
500.0
500.0
385.0
500.0
500.0
500.0
500.0
486.0
500.0
500.0
500.0
500.0
500.0
500.0
338.0
500.0
438.0
497.0
498.0
500.0
500.0
500.0
500.0
500.0
491.0
500.0
431.0
360.0
481.0
500.0
497.0
183.0
500.0
350.0
383.0
235.0
500.0
500.0
412.0
500.0
176.0
500.0
439.0
195.0
440.0
373.0
500.0
432.0
165.0
488.0
500.0
500.0
500.0
500.0
500.0
500.0
499.0
341.0
500.0
500.0
475.0
500.0
296.0
500.0
500.0
367.0
485.0
500.0
500.0
138.0
242.0
500.0
500.0
338.0
155.0
500.0
383.0
500.0
468.0
500.0
500.0
500.0
500.0
500.0
164.0
231.0
500.0
500.0
278.0
500.0
325.0
500.0
162.0
388.0
500.0
332.0
115.0
500.0
500.0
22.0
213.0
500.0
500.0
500.0
454.0
500.0
500.0
493.0
500.0
500.0
500.0
500.0
500.0
500.0
500.0
500.0
139.0
500.0
500.0
500.0
500.0
500.0
500.0
500.0
500.0
500.0
500.0
500.0
500.0
500.0
494.0
500.0
430.0
500.0
453.0
500.0
500.0
240.0
425.0
500.0
500.0
444.0
500.0
500.0
500.0
500.0
399.0
500.0
336.0
500.0
353.0
425.0
323.0
403.0
495.0
492.0
300.0
500.0
500.0
500.0
500.0
500.0
467.0
500.0
500.0
500.0
500.0
410.0
436.0
395.0
415.0
500.0
466.0
500.0
390.0
424.0
500.0
394.0
425.0
500.0
500.0
500.0
500.0
346.0
500.0
500.0
318.0
369.0
500.0
500.0
500.0
500.0
460.0
500.0
431.0
425.0
418.0
457.0
345.0
489.0
338.0
418.0
445.0
456.0
357.0
413.0
500.0
361.0
395.0
471.0
429.0
404.0
469.0
344.0
500.0
420.0
444.0
440.0
500.0
500.0
470.0
451.0
433.0
432.0
363.0
500.0
458.0
452.0
500.0
404.0
500.0
435.0
500.0
367.0
500.0
500.0
288.0
500.0
500.0
500.0
500.0
430.0
495.0
500.0
470.0
500.0
500.0
500.0
500.0
500.0
500.0
500.0
500.0
500.0
500.0
500.0
500.0
500.0
194.0
500.0
500.0
500.0
500.0
500.0
500.0
500.0
500.0
500.0
500.0
500.0
500.0
500.0
500.0
500.0
500.0
500.0
500.0
500.0
500.0
500.0
500.0
500.0
500.0
500.0
500.0
500.0
500.0
500.0
500.0
500.0
500.0
500.0
500.0
500.0
500.0
500.0
500.0
500.0
500.0
500.0
500.0
500.0
500.0
500.0
494.0
433.0
322.0
47.0
500.0
452.0
484.0
500.0
500.0
500.0
500.0
500.0
500.0
500.0
500.0
484.0
500.0
500.0
500.0
500.0
500.0
192.0
362.0
500.0
500.0
500.0
370.0
500.0
500.0
500.0
454.0
369.0
404.0
418.0
343.0
500.0
500.0
366.0
500.0
455.0
500.0
492.0
374.0
500.0
500.0
500.0
500.0
500.0
445.0
436.0
500.0
476.0
500.0
393.0
500.0
500.0
447.0
500.0
500.0
500.0
500.0
500.0
500.0
500.0
500.0
500.0
500.0
500.0
500.0
500.0
500.0
500.0
500.0
500.0
500.0
500.0
500.0
500.0
500.0
500.0
500.0
500.0
500.0
500.0
500.0
500.0
500.0
500.0
500.0
500.0
500.0
500.0
500.0
500.0
500.0
500.0
500.0
500.0
500.0
500.0
500.0
500.0
500.0
500.0
500.0
500.0
500.0
500.0
500.0
500.0
500.0
500.0
500.0
500.0
500.0
500.0
500.0
500.0
500.0
500.0
500.0
500.0
500.0
500.0
500.0
500.0
500.0
500.0
500.0
500.0
500.0
500.0
500.0
500.0
500.0
500.0
500.0
500.0
500.0
500.0
500.0
500.0
500.0
500.0
500.0
500.0
500.0
500.0
500.0
500.0
500.0
500.0
500.0
500.0
500.0
500.0
500.0
500.0
500.0
500.0
500.0
500.0
500.0
500.0
500.0
500.0
500.0
500.0
500.0
500.0
500.0
500.0
500.0
500.0
500.0
500.0
500.0
500.0
500.0
500.0
500.0
500.0
500.0
500.0
500.0
500.0
500.0
500.0
500.0
500.0
500.0
500.0
500.0
500.0
500.0
500.0
500.0
500.0
500.0
500.0
500.0
500.0
500.0
500.0
500.0
500.0
500.0
500.0
500.0
500.0
500.0
500.0
500.0
500.0
500.0
500.0
500.0
500.0
500.0
500.0
500.0
500.0
500.0
500.0
500.0
500.0
500.0
500.0
500.0
500.0
500.0
500.0
500.0
500.0
500.0
500.0
500.0
500.0
500.0
500.0
500.0
500.0
500.0
500.0
500.0
500.0
500.0
500.0
500.0
500.0
500.0
500.0
500.0
500.0
500.0
500.0
500.0
500.0
500.0
480.0
500.0
457.0
500.0
500.0
500.0
500.0
312.0
500.0
500.0
444.0
500.0
500.0
500.0
500.0
310.0
500.0
500.0
500.0
460.0
500.0
500.0
500.0
250.0
500.0
500.0
500.0
390.0
222.0
424.0
500.0
276.0
500.0
500.0
500.0
431.0
216.0
500.0
479.0
341.0
500.0
500.0
500.0
500.0
500.0
500.0
500.0
500.0
500.0
500.0
500.0
500.0
500.0
500.0
500.0
500.0
500.0
500.0
500.0
500.0
500.0
500.0
500.0
500.0
500.0
500.0
500.0
500.0
500.0
500.0
500.0
500.0
500.0
500.0
500.0
500.0
346.0
500.0
500.0
436.0
331.0
500.0
394.0
500.0
356.0
500.0
420.0
430.0
500.0
500.0
500.0
364.0
500.0
351.0
500.0
500.0
500.0
378.0
500.0
500.0
500.0
500.0
500.0
500.0
500.0
500.0
500.0
500.0
500.0
500.0
500.0
500.0
500.0
500.0
500.0
500.0
500.0
500.0
500.0
500.0
500.0
500.0
500.0
500.0
500.0
500.0
500.0
500.0
500.0
500.0
500.0
500.0
500.0
500.0
500.0
500.0
500.0
500.0
500.0
500.0
500.0
500.0
466.0
500.0
500.0
500.0
500.0
500.0
500.0
500.0
500.0
500.0
500.0
500.0
500.0
500.0
500.0
500.0
500.0
500.0
500.0
500.0
500.0
500.0
355.0
500.0
500.0
500.0
500.0
500.0
500.0
500.0
500.0
500.0
500.0
500.0
500.0
500.0
500.0
500.0
500.0
500.0
500.0
500.0
500.0
424.0
500.0
500.0
500.0
500.0
500.0
500.0
500.0
500.0
500.0
500.0
500.0
500.0
500.0
500.0
500.0
500.0
500.0
500.0
500.0
500.0
500.0
500.0
500.0
500.0
500.0
500.0
500.0
500.0
500.0
500.0
500.0
500.0
500.0
500.0
500.0
500.0
500.0
500.0
500.0
500.0
500.0
500.0
500.0
500.0
500.0
500.0
500.0
500.0
500.0
500.0
500.0
500.0
500.0
500.0
500.0
500.0
500.0
500.0
500.0
500.0
500.0
500.0
500.0
500.0
500.0
500.0
500.0
500.0
376.0
331.0
500.0
500.0
500.0
472.0
500.0
500.0
500.0
500.0
500.0
500.0
500.0
500.0
500.0
500.0
500.0
500.0
500.0
500.0
500.0
500.0
500.0
500.0
500.0
500.0
500.0
500.0
500.0
500.0
500.0
500.0
500.0
500.0
500.0
500.0
500.0
500.0
500.0
500.0
500.0
500.0
500.0
500.0
500.0
500.0
500.0
500.0
500.0
500.0
500.0
500.0
500.0
500.0
500.0
500.0
500.0
500.0
500.0
500.0
500.0
500.0
500.0
500.0
500.0
500.0
500.0
500.0
500.0
500.0
500.0
500.0
500.0
500.0
500.0
500.0
500.0
500.0
500.0
500.0
500.0
500.0
500.0
500.0
500.0
500.0
500.0
500.0
500.0
500.0
500.0
500.0
500.0
500.0
500.0
500.0
500.0
500.0
500.0
500.0
500.0
500.0
500.0
500.0
500.0
500.0
500.0
500.0
500.0
500.0
500.0
500.0
500.0
500.0
500.0
500.0
500.0
500.0
500.0
500.0
500.0
500.0
500.0
500.0
500.0
500.0
500.0
500.0
500.0
500.0
500.0
500.0
500.0
500.0
500.0
500.0
500.0
500.0
500.0
500.0
500.0
500.0
500.0
500.0
500.0
500.0
500.0
500.0
500.0
500.0
500.0
500.0
500.0
500.0
500.0
500.0
500.0
500.0
500.0
500.0
500.0
500.0
500.0
500.0
500.0
500.0
500.0
500.0
500.0
500.0
500.0
500.0
500.0
500.0
500.0
500.0
500.0
500.0
500.0
500.0
500.0
500.0
500.0
500.0
402.0
500.0
500.0
500.0
500.0
500.0
500.0
500.0
500.0
500.0
500.0
500.0
500.0
500.0
500.0
500.0
500.0
500.0
500.0
500.0
500.0
500.0
500.0
500.0
500.0
500.0
500.0
500.0
500.0
500.0
500.0
500.0
500.0
500.0
500.0
500.0
500.0
500.0
500.0
500.0
500.0
500.0
500.0
500.0
500.0
500.0
500.0
500.0
500.0
500.0
366.0
500.0
500.0
500.0
500.0
500.0
500.0
500.0
500.0
500.0
500.0
181.0
500.0
500.0
500.0
500.0
500.0
500.0
500.0
500.0
500.0
500.0
500.0
500.0
500.0
500.0
500.0
500.0
500.0
500.0
500.0
500.0
500.0
500.0
500.0
500.0
500.0
500.0
500.0
500.0
500.0
500.0
500.0
500.0
500.0
500.0
500.0
500.0
500.0
500.0
500.0
500.0
500.0
500.0
500.0
500.0
500.0
500.0
500.0
500.0
500.0
500.0
406.0
500.0
473.0
500.0
500.0
500.0
500.0
500.0
500.0
364.0
500.0
500.0
500.0
500.0
500.0
460.0
314.0
500.0
500.0
500.0
500.0
500.0
500.0
500.0
500.0
500.0
500.0
500.0
500.0
500.0
500.0
497.0
500.0
500.0
500.0
356.0
500.0
500.0
500.0
500.0
500.0
269.0
500.0
500.0
336.0
500.0
500.0
500.0
500.0
500.0
500.0
500.0
500.0
500.0
500.0
500.0
500.0
500.0
399.0
500.0
500.0
500.0
500.0
500.0
500.0
500.0
500.0
500.0
500.0
500.0
500.0
500.0
500.0
500.0
500.0
500.0
500.0
500.0
500.0
500.0
500.0
303.0
500.0
500.0
500.0
500.0
500.0
500.0
500.0
500.0
500.0
500.0
500.0
500.0
500.0
500.0
500.0
500.0
500.0
500.0
500.0
500.0
412.0
500.0
500.0
500.0
500.0
500.0
500.0
500.0
500.0
500.0
500.0
500.0
500.0
500.0
500.0
500.0
500.0
500.0
500.0
500.0
500.0
500.0
500.0
500.0
500.0
500.0
401.0
283.0
500.0
500.0
500.0
301.0
341.0
500.0
500.0
500.0
500.0
500.0
500.0
500.0
500.0
500.0
500.0
500.0
500.0
500.0
500.0
500.0
500.0
500.0
500.0
500.0
162.0
124.0
500.0
500.0
165.0
500.0
340.0
500.0
54.0
500.0
500.0
500.0
153.0
321.0
379.0
396.0
500.0
500.0
466.0
500.0
500.0
500.0
500.0
271.0
500.0
407.0
500.0
500.0
500.0
500.0
500.0
500.0
500.0
500.0
500.0
500.0
500.0
500.0
500.0
500.0
500.0
500.0
500.0
432.0
500.0
500.0
500.0
500.0
500.0
500.0
500.0
392.0
500.0
500.0
500.0
500.0
500.0
500.0
500.0
500.0
500.0
262.0
500.0
500.0
500.0
500.0
500.0
500.0
500.0
500.0
500.0
500.0
500.0
500.0
500.0
500.0
500.0
500.0
500.0
500.0
500.0
500.0
500.0
500.0
500.0
500.0
500.0
345.0
500.0
500.0
364.0
500.0
500.0
500.0
500.0
500.0
500.0
374.0
500.0
500.0
500.0
500.0
500.0
500.0
500.0
275.0
500.0
500.0
457.0
500.0
500.0
500.0
500.0
500.0
500.0
500.0
500.0
500.0
500.0
500.0
428.0
500.0
500.0
431.0
500.0
500.0
500.0
500.0
500.0
500.0
500.0
500.0
500.0
500.0
500.0
500.0
500.0
500.0
500.0
500.0
500.0
500.0
500.0
500.0
295.0
500.0
500.0
500.0
438.0
500.0
367.0
432.0
500.0
500.0
500.0
500.0
500.0
500.0
500.0
500.0
457.0
500.0
500.0
459.0
500.0
478.0
500.0
397.0
500.0
500.0
500.0
500.0
500.0
500.0
500.0
500.0
500.0
488.0
500.0
500.0
500.0
500.0
500.0
500.0
500.0
415.0
500.0
500.0
500.0
500.0
500.0
500.0
500.0
500.0
500.0
500.0
500.0
500.0
500.0
500.0
500.0
500.0
500.0
464.0
500.0
500.0
341.0
500.0
500.0
439.0
500.0
500.0
500.0
500.0
500.0
500.0
500.0
404.0
397.0
500.0
500.0
500.0
430.0
500.0
500.0
500.0
500.0
446.0
500.0
500.0
500.0
500.0
500.0
429.0
500.0
384.0
500.0
369.0
500.0
500.0
460.0
500.0
438.0
437.0
500.0
500.0
500.0
500.0
500.0
445.0
500.0
465.0
500.0
500.0
500.0
38.0
39.0
500.0
379.0
202.0
500.0
373.0
379.0
87.0
173.0
500.0
500.0
500.0
500.0
500.0
500.0
500.0
500.0
500.0
500.0
500.0
500.0
500.0
500.0
500.0
500.0
500.0
500.0
500.0
500.0
500.0
332.0
228.0
500.0
500.0
226.0
387.0
500.0
500.0
500.0
431.0
476.0
332.0
500.0
500.0
500.0
333.0
289.0
500.0
278.0
288.0
458.0
165.0
447.0
500.0
287.0
500.0
443.0
289.0
500.0
480.0
363.0
298.0
500.0
238.0
459.0
500.0
500.0
349.0
500.0
500.0
191.0
500.0
500.0
266.0
500.0
433.0
180.0
500.0
219.0
364.0
265.0
379.0
500.0
266.0
500.0
450.0
500.0
500.0
500.0
500.0
500.0
500.0
500.0
133.0
500.0
500.0
500.0
500.0
500.0
500.0
492.0
500.0
500.0
365.0
500.0
500.0
500.0
500.0
500.0
473.0
262.0
258.0
365.0
294.0
49.0
280.0
263.0
183.0
340.0
392.0
500.0
340.0
364.0
500.0
258.0
500.0
362.0
500.0
352.0
437.0
500.0
437.0
500.0
262.0
212.0
217.0
386.0
500.0
171.0
245.0
421.0
151.0
500.0
500.0
500.0
500.0
302.0
128.0
500.0
500.0
500.0
448.0
500.0
500.0
500.0
500.0
379.0
500.0
500.0
500.0
500.0
500.0
500.0
500.0
500.0
500.0
500.0
375.0
286.0
500.0
148.0
500.0
500.0
500.0
296.0
500.0
500.0
500.0
500.0
500.0
500.0
500.0
500.0
500.0
382.0
469.0
342.0
245.0
306.0
147.0
500.0
500.0
500.0
224.0
500.0
500.0
456.0
500.0
209.0
500.0
500.0
500.0
470.0
360.0
177.0
429.0
348.0
500.0
500.0
436.0
486.0
500.0
500.0
500.0
500.0
500.0
472.0
500.0
500.0
500.0
500.0
488.0
500.0
431.0
500.0
500.0
500.0
475.0
468.0
500.0
500.0
500.0
500.0
500.0
500.0
500.0
486.0
428.0
500.0
500.0
500.0
500.0
500.0
500.0
500.0
500.0
500.0
500.0
500.0
500.0
500.0
201.0
500.0
196.0
500.0
500.0
500.0
500.0
500.0
500.0
500.0
500.0
500.0
500.0
500.0
500.0
500.0
500.0
500.0
500.0
500.0
500.0
500.0
500.0
500.0
500.0
500.0
500.0
500.0
500.0
500.0
500.0
500.0
500.0
500.0
500.0
500.0
500.0
500.0
500.0
500.0
500.0
362.0
500.0
500.0
500.0
447.0
500.0
500.0
500.0
500.0
500.0
500.0
500.0
500.0
500.0
500.0
500.0
176.0
500.0
500.0
500.0
500.0
500.0
500.0
500.0
500.0
500.0
500.0
500.0
500.0
500.0
500.0
500.0
500.0
442.0
500.0
500.0
500.0
500.0
500.0
500.0
500.0
500.0
500.0
500.0
500.0
500.0
500.0
500.0
500.0
500.0
500.0
500.0
500.0
500.0
500.0
500.0
500.0
500.0
500.0
500.0
500.0
500.0
500.0
454.0
500.0
500.0
500.0
500.0
500.0
500.0
500.0
500.0
500.0
500.0
500.0
500.0
167.0
500.0
500.0
414.0
391.0
500.0
500.0
500.0
500.0
500.0
451.0
500.0
401.0
500.0
500.0
500.0
500.0
500.0
500.0
410.0
404.0
500.0
500.0
423.0
239.0
252.0
304.0
232.0
290.0
405.0
500.0
500.0
499.0
500.0
350.0
500.0
500.0
297.0
355.0
500.0
500.0
500.0
358.0
383.0
300.0
247.0
499.0
300.0
356.0
317.0
317.0
303.0
259.0
274.0
300.0
320.0
234.0
356.0
261.0
202.0
267.0
180.0
312.0
230.0
187.0
233.0
167.0
350.0
209.0
204.0
43.0
293.0
388.0
474.0
265.0
275.0
500.0
500.0
500.0
500.0
500.0
444.0
500.0
310.0
494.0
92.0
410.0
500.0
40.0
500.0
500.0
500.0
500.0
500.0
500.0
500.0
261.0
500.0
500.0
500.0
369.0
500.0
500.0
500.0
500.0
500.0
500.0
500.0
500.0
500.0
500.0
478.0
500.0
500.0
500.0
160.0
500.0
500.0
500.0
500.0
500.0
500.0
500.0
443.0
337.0
500.0
279.0
304.0
146.0
500.0
235.0
353.0
64.0
234.0
500.0
185.0
500.0
500.0
500.0
500.0
500.0
403.0
500.0
500.0
500.0
500.0
500.0
500.0
500.0
500.0
156.0
500.0
500.0
500.0
500.0
500.0
500.0
185.0
500.0
500.0
320.0
500.0
500.0
500.0
500.0
500.0
500.0
500.0
500.0
500.0
500.0
454.0
447.0
500.0
500.0
500.0
500.0
500.0
500.0
500.0
500.0
500.0
500.0
500.0
500.0
500.0
500.0
500.0
500.0
500.0
500.0
500.0
500.0
500.0
500.0
500.0
500.0
500.0
500.0
500.0
500.0
500.0
500.0
500.0
500.0
500.0
500.0
500.0
500.0
500.0
500.0
500.0
500.0
500.0
500.0
500.0
500.0
500.0
500.0
500.0
500.0
500.0
500.0
500.0
500.0
500.0
500.0
500.0
500.0
500.0
500.0
500.0
500.0
500.0
500.0
500.0
500.0
500.0
500.0
500.0
500.0
500.0
500.0
500.0
500.0
500.0
500.0
500.0
500.0
500.0
500.0
500.0
500.0
500.0
500.0
500.0
500.0
500.0
500.0
500.0
500.0
500.0
500.0
500.0
500.0
500.0
500.0
500.0
500.0
500.0
500.0
500.0
500.0
500.0
500.0
500.0
500.0
500.0
500.0
500.0
500.0
500.0
500.0
500.0
500.0
500.0
500.0
500.0
500.0
500.0
500.0
500.0
500.0
500.0
500.0
500.0
500.0
500.0
500.0
500.0
500.0
500.0
500.0
375.0
500.0
500.0
500.0
500.0
238.0
500.0
500.0
326.0
500.0
500.0
150.0
104.0
293.0
136.0
312.0
500.0
192.0
500.0
218.0
168.0
500.0
500.0
500.0
500.0
500.0
500.0
500.0
393.0
500.0
500.0
500.0
500.0
500.0
500.0
500.0
500.0
500.0
500.0
500.0
500.0
500.0
500.0
500.0
500.0
500.0
500.0
500.0
500.0
500.0
500.0
500.0
500.0
500.0
500.0
500.0
500.0
500.0
500.0
500.0
500.0
500.0
500.0
500.0
500.0
500.0
500.0
500.0
500.0
500.0
500.0
500.0
500.0
500.0
500.0
500.0
500.0
500.0
500.0
500.0
500.0
500.0
500.0
500.0
500.0
500.0
500.0
500.0
500.0
500.0
500.0
500.0
500.0
500.0
500.0
500.0
500.0
500.0
500.0
500.0
500.0
500.0
500.0
500.0
500.0
500.0
500.0
500.0
500.0
500.0
500.0
500.0
500.0
500.0
500.0
500.0
500.0
500.0
500.0
500.0
500.0
500.0
500.0
500.0
500.0
500.0
500.0
500.0
500.0
500.0
500.0
500.0
500.0
500.0
500.0
500.0
500.0
500.0
500.0
500.0
500.0
500.0
500.0
500.0
500.0
500.0
500.0
500.0
500.0
500.0
500.0
500.0
500.0
500.0
500.0
500.0
500.0
500.0
500.0
500.0
500.0
500.0
500.0
500.0
500.0
500.0
500.0
500.0
500.0
441.0
500.0
500.0
500.0
500.0
500.0
500.0
500.0
500.0
500.0
500.0
500.0
500.0
500.0
500.0
500.0
500.0
500.0
500.0
500.0
500.0
500.0
500.0
500.0
500.0
500.0
500.0
500.0
500.0
500.0
500.0
500.0
500.0
500.0
500.0
500.0
500.0
500.0
500.0
500.0
500.0
500.0
500.0
500.0
500.0
500.0
500.0
500.0
500.0
500.0
500.0
500.0
500.0
500.0
500.0
500.0
500.0
500.0
500.0
500.0
500.0
500.0
500.0
500.0
500.0
500.0
500.0
500.0
500.0
500.0
500.0
500.0
500.0
500.0
500.0
500.0
500.0
500.0
500.0
500.0
500.0
500.0
500.0
500.0
500.0
399.0
500.0
383.0
500.0
332.0
500.0
198.0
265.0
483.0
468.0
383.0
500.0
500.0
500.0
500.0
500.0
500.0
500.0
500.0
500.0
500.0
500.0
500.0
500.0
500.0
500.0
500.0
500.0
500.0
500.0
500.0
500.0
500.0
500.0
500.0
500.0
500.0
500.0
500.0
500.0
500.0
500.0
500.0
500.0
500.0
500.0
500.0
500.0
500.0
500.0
398.0
390.0
500.0
500.0
500.0
500.0
448.0
181.0
500.0
336.0
218.0
500.0
157.0
325.0
46.0
500.0
500.0
113.0
500.0
276.0
500.0
187.0
500.0
500.0
500.0
500.0
500.0
500.0
500.0
260.0
500.0
179.0
413.0
226.0
166.0
500.0
329.0
221.0
500.0
430.0
500.0
500.0
500.0
500.0
500.0
154.0
497.0
500.0
500.0
382.0
318.0
500.0
500.0
500.0
500.0
500.0
500.0
500.0
500.0
500.0
500.0
500.0
467.0
500.0
500.0
387.0
271.0
500.0
500.0
500.0
500.0
500.0
500.0
500.0
500.0
500.0
500.0
500.0
500.0
500.0
500.0
500.0
500.0
500.0
500.0
500.0
500.0
500.0
500.0
500.0
500.0
500.0
500.0
500.0
500.0
500.0
500.0
500.0
500.0
500.0
500.0
500.0
500.0
500.0
500.0
500.0
500.0
500.0
500.0
500.0
500.0
500.0
500.0
500.0
500.0
500.0
500.0
500.0
47.0
500.0
500.0
500.0
500.0
500.0
500.0
500.0
500.0
500.0
500.0
500.0
500.0
500.0
500.0
500.0
500.0
500.0
500.0
500.0
500.0
500.0
500.0
500.0
500.0
500.0
500.0
500.0
500.0
500.0
500.0
500.0
500.0
500.0
500.0
500.0
500.0
500.0