10.0
10.0
15.0
12.0
12.0
13.0
14.0
14.0
10.0
11.0
16.0
13.0
9.0
12.0
10.0
11.0
10.0
11.0
14.0
13.0
10.0
11.0
9.0
11.0
11.0
11.0
9.0
12.0
11.0
12.0
12.0
17.0
12.0
12.0
14.0
15.0
12.0
14.0
20.0
16.0
13.0
18.0
10.0
13.0
11.0
13.0
15.0
21.0
22.0
17.0
28.0
26.0
26.0
27.0
15.0
35.0
11.0
19.0
30.0
28.0
44.0
24.0
28.0
29.0
25.0
33.0
11.0
31.0
32.0
29.0
33.0
32.0
30.0
33.0
41.0
33.0
33.0
20.0
20.0
31.0
11.0
35.0
53.0
64.0
11.0
24.0
28.0
33.0
96.0
29.0
33.0
19.0
14.0
43.0
94.0
161.0
35.0
61.0
27.0
83.0
75.0
189.0
189.0
134.0
50.0
122.0
228.0
174.0
74.0
91.0
133.0
91.0
55.0
207.0
253.0
116.0
500.0
500.0
172.0
151.0
104.0
160.0
179.0
176.0
111.0
169.0
67.0
289.0
157.0
258.0
165.0
119.0
165.0
137.0
88.0
63.0
73.0
192.0
131.0
99.0
87.0
235.0
277.0
73.0
230.0
221.0
162.0
134.0
238.0
164.0
254.0
174.0
206.0
242.0
75.0
134.0
160.0
500.0
335.0
163.0
333.0
500.0
304.0
207.0
270.0
336.0
182.0
271.0
89.0
329.0
286.0
314.0
262.0
282.0
500.0
105.0
353.0
305.0
155.0
131.0
303.0
302.0
325.0
249.0
235.0
294.0
256.0
327.0
321.0
118.0
178.0
306.0
280.0
274.0
119.0
126.0
297.0
144.0
297.0
409.0
251.0
311.0
261.0
301.0
204.0
344.0
334.0
157.0
127.0
374.0
345.0
136.0
328.0
186.0
247.0
139.0
312.0
391.0
300.0
305.0
219.0
285.0
159.0
283.0
253.0
91.0
96.0
134.0
72.0
84.0
72.0
88.0
357.0
182.0
212.0
170.0
285.0
183.0
200.0
341.0
62.0
162.0
175.0
126.0
122.0
99.0
118.0
124.0
104.0
132.0
69.0
66.0
150.0
161.0
168.0
110.0
175.0
263.0
158.0
118.0
116.0
412.0
189.0
202.0
293.0
181.0
238.0
250.0
255.0
274.0
304.0
218.0
246.0
332.0
257.0
275.0
350.0
111.0
238.0
182.0
277.0
342.0
198.0
136.0
304.0
310.0
306.0
165.0
351.0
142.0
244.0
298.0
237.0
353.0
204.0
401.0
208.0
336.0
164.0
175.0
500.0
248.0
287.0
207.0
280.0
294.0
326.0
244.0
366.0
410.0
148.0
215.0
374.0
318.0
344.0
268.0
247.0
211.0
320.0
270.0
197.0
220.0
183.0
143.0
191.0
151.0
145.0
346.0
318.0
88.0
157.0
213.0
345.0
201.0
235.0
155.0
242.0
218.0
141.0
207.0
148.0
131.0
141.0
193.0
187.0
259.0
288.0
90.0
219.0
116.0
500.0
157.0
266.0
195.0
90.0
280.0
99.0
244.0
201.0
125.0
173.0
128.0
134.0
154.0
201.0
394.0
308.0
258.0
204.0
250.0
142.0
328.0
130.0
150.0
264.0
243.0
208.0
367.0
144.0
222.0
251.0
285.0
223.0
287.0
211.0
97.0
147.0
229.0
349.0
244.0
137.0
262.0
205.0
314.0
121.0
101.0
150.0
159.0
134.0
286.0
202.0
127.0
178.0
288.0
151.0
331.0
303.0
218.0
204.0
272.0
500.0
231.0
176.0
242.0
142.0
164.0
243.0
158.0
314.0
170.0
309.0
342.0
333.0
231.0
157.0
267.0
284.0
144.0
267.0
209.0
176.0
149.0
239.0
314.0
327.0
281.0
159.0
164.0
155.0
255.0
344.0
209.0
163.0
272.0
310.0
189.0
335.0
196.0
249.0
156.0
145.0
178.0
481.0
315.0
320.0
342.0
354.0
265.0
308.0
486.0
265.0
270.0
207.0
127.0
129.0
165.0
188.0
269.0
213.0
165.0
199.0
236.0
259.0
377.0
156.0
256.0
253.0
153.0
281.0
287.0
218.0
225.0
112.0
363.0
290.0
251.0
201.0
284.0
174.0
254.0
205.0
220.0
130.0
500.0
309.0
241.0
265.0
141.0
381.0
160.0
240.0
301.0
182.0
211.0
157.0
166.0
130.0
163.0
189.0
281.0
154.0
500.0
459.0
310.0
184.0
120.0
215.0
184.0
459.0
218.0
251.0
277.0
444.0
205.0
122.0
280.0
264.0
157.0
290.0
204.0
303.0
178.0
189.0
243.0
260.0
344.0
342.0
309.0
290.0
292.0
122.0
195.0
328.0
142.0
207.0
250.0
208.0
116.0
129.0
303.0
333.0
93.0
144.0
339.0
123.0
500.0
143.0
276.0
295.0
137.0
217.0
169.0
222.0
99.0
157.0
171.0
115.0
222.0
96.0
148.0
226.0
139.0
157.0
181.0
114.0
127.0
182.0
222.0
153.0
145.0
193.0
99.0
94.0
140.0
276.0
176.0
333.0
280.0
167.0
241.0
202.0
153.0
135.0
130.0
380.0
171.0
203.0
236.0
228.0
209.0
186.0
140.0
227.0
387.0
212.0
210.0
201.0
251.0
256.0
329.0
238.0
225.0
177.0
219.0
229.0
317.0
265.0
160.0
177.0
122.0
242.0
187.0
221.0
309.0
201.0
297.0
221.0
243.0
369.0
350.0
281.0
429.0
200.0
235.0
261.0
113.0
166.0
356.0
153.0
230.0
107.0
211.0
211.0
211.0
150.0
266.0
198.0
227.0
292.0
228.0
273.0
189.0
229.0
174.0
173.0
149.0
195.0
231.0
156.0
303.0
174.0
287.0
121.0
204.0
188.0
171.0
251.0
133.0
206.0
185.0
253.0
310.0
241.0
289.0
247.0
138.0
208.0
154.0
176.0
267.0
199.0
242.0
124.0
296.0
156.0
193.0
125.0
190.0
154.0
271.0
198.0
136.0
229.0
139.0
353.0
184.0
142.0
163.0
314.0
202.0
121.0
258.0
146.0
259.0
256.0
119.0
118.0
146.0
145.0
117.0
111.0
188.0
227.0
117.0
500.0
212.0
126.0
199.0
230.0
177.0
167.0
190.0
130.0
122.0
138.0
160.0
289.0
145.0
266.0
212.0
170.0
221.0
213.0
298.0
106.0
210.0
193.0
206.0
150.0
164.0
379.0
255.0
297.0
166.0
310.0
203.0
225.0
194.0
168.0
275.0
119.0
264.0
237.0
314.0
240.0
158.0
169.0
199.0
202.0
130.0
177.0
164.0
195.0
164.0
215.0
274.0
127.0
255.0
292.0
280.0
329.0
239.0
256.0
251.0
205.0
191.0
157.0
187.0
200.0
361.0
160.0
140.0
252.0
298.0
281.0
138.0
256.0
222.0
307.0
393.0
141.0
165.0
206.0
275.0
218.0
277.0
231.0
273.0
194.0
281.0
222.0
285.0
111.0
205.0
213.0
328.0
320.0
155.0
140.0
211.0
130.0
242.0
290.0
195.0
163.0
232.0
281.0
188.0
265.0
145.0
288.0
173.0
219.0
199.0
108.0
141.0
190.0
149.0
194.0
273.0
138.0
500.0
316.0
240.0
141.0
154.0
175.0
199.0
157.0
265.0
232.0
285.0
154.0
142.0
167.0
205.0
152.0
265.0
223.0
105.0
335.0
205.0
150.0
156.0
187.0
168.0
200.0
254.0
147.0
115.0
183.0
147.0
235.0
190.0
306.0
314.0
284.0
102.0
174.0
213.0
319.0
104.0
341.0
163.0
248.0
269.0
166.0
208.0
186.0
329.0
196.0
108.0
88.0
368.0
154.0
142.0
222.0
216.0
247.0
269.0
104.0
79.0
136.0
113.0
161.0
195.0
181.0
136.0
64.0
93.0
249.0
161.0
174.0
194.0
222.0
110.0
137.0
159.0
69.0
187.0
130.0
172.0
280.0
140.0
165.0
64.0
216.0
94.0
155.0
115.0
214.0
208.0
104.0
146.0
454.0
115.0
190.0
115.0
500.0
234.0
263.0
118.0
69.0
175.0
231.0
49.0
97.0
146.0
47.0
108.0
266.0
277.0
31.0
43.0
59.0
239.0
500.0
289.0
196.0
185.0
57.0
80.0
119.0
194.0
77.0
82.0
122.0
253.0
97.0
161.0
235.0
189.0
262.0
41.0
153.0
116.0
124.0
280.0
213.0
72.0
33.0
39.0
162.0
186.0
243.0
32.0
43.0
58.0
49.0
86.0
196.0
417.0
264.0
308.0
251.0
354.0
196.0
254.0
328.0
340.0
54.0
158.0
69.0
82.0
52.0
190.0
234.0
500.0
86.0
500.0
206.0
56.0
107.0
73.0
100.0
398.0
130.0
129.0
209.0
203.0
73.0
94.0
424.0
136.0
113.0
273.0
175.0
146.0
178.0
97.0
14.0
59.0
22.0
197.0
289.0
227.0
206.0
43.0
26.0
26.0
325.0
19.0
20.0
18.0
398.0
17.0
25.0
19.0
83.0
183.0
19.0
47.0
28.0
16.0
19.0
12.0
14.0
229.0
29.0
16.0
44.0
23.0
39.0
10.0
10.0
170.0
36.0
24.0
140.0
9.0
30.0
23.0
43.0
47.0
10.0
13.0
21.0
12.0
17.0
281.0
296.0
123.0
15.0
103.0
44.0
101.0
411.0
43.0
31.0
20.0
77.0
22.0
159.0
16.0
96.0
14.0
31.0
12.0
13.0
32.0
39.0
43.0
500.0
11.0
61.0
228.0
146.0
320.0
26.0
500.0
500.0
15.0
401.0
442.0
491.0
38.0
17.0
437.0
23.0
405.0
43.0
37.0
434.0
67.0
353.0
85.0
103.0
386.0
189.0
190.0
137.0
500.0
357.0
166.0
349.0
368.0
354.0
500.0
473.0
253.0
500.0
475.0
336.0
161.0
445.0
190.0
500.0
497.0
500.0
316.0
332.0
369.0
101.0
253.0
17.0
382.0
168.0
209.0
342.0
320.0
109.0
362.0
254.0
446.0
53.0
500.0
475.0
173.0
53.0
141.0
202.0
181.0
367.0
278.0
239.0
105.0
452.0
126.0
106.0
299.0
447.0
225.0
365.0
338.0
268.0
449.0
353.0
464.0
415.0
317.0
313.0
285.0
168.0
358.0
385.0
500.0
285.0
418.0
196.0
46.0
235.0
118.0
121.0
392.0
446.0
163.0
263.0
292.0
188.0
119.0
239.0
180.0
101.0
345.0
188.0
201.0
356.0
311.0
325.0
299.0
290.0
410.0
493.0
183.0
362.0
136.0
304.0
104.0
83.0
144.0
288.0
343.0
447.0
197.0
329.0
230.0
104.0
57.0
281.0
90.0
123.0
274.0
143.0
368.0
500.0
123.0
280.0
438.0
83.0
185.0
107.0
500.0
205.0
500.0
438.0
215.0
197.0
221.0
139.0
500.0
211.0
265.0
398.0
299.0
84.0
76.0
413.0
500.0
500.0
500.0
322.0
85.0
448.0
340.0
480.0
204.0
179.0
269.0
500.0
255.0
188.0
382.0
500.0
183.0
500.0
419.0
77.0
225.0
500.0
410.0
500.0
500.0
500.0
263.0
345.0
339.0
385.0
194.0
472.0
500.0
415.0
188.0
205.0
335.0
500.0
336.0
228.0
255.0
500.0
206.0
381.0
268.0
316.0
500.0
386.0
83.0
500.0
425.0
248.0
500.0
206.0
500.0
52.0
272.0
140.0
308.0
193.0
317.0
500.0
43.0
444.0
255.0
36.0
379.0
500.0
500.0
284.0
500.0
210.0
134.0
124.0
304.0
150.0
95.0
183.0
500.0
137.0
332.0
500.0
142.0
194.0
212.0
475.0
265.0
185.0
500.0
500.0
500.0
156.0
148.0
243.0
500.0
221.0
500.0
500.0
240.0
500.0
204.0
175.0
338.0
500.0
193.0
292.0
198.0
500.0
500.0
500.0
275.0
500.0
500.0
209.0
278.0
395.0
124.0
500.0
260.0
500.0
202.0
500.0
303.0
500.0
178.0
276.0
202.0
450.0
293.0
214.0
432.0
500.0
326.0
500.0
252.0
204.0
232.0
230.0
159.0
377.0
208.0
500.0
246.0
257.0
299.0
166.0
206.0
391.0
324.0
227.0
193.0
176.0
303.0
500.0
169.0
500.0
119.0
276.0
127.0
500.0
500.0
312.0
182.0
230.0
500.0
500.0
138.0
235.0
500.0
321.0
193.0
500.0
318.0
500.0
500.0
311.0
500.0
211.0
500.0
179.0
477.0
199.0
287.0
484.0
198.0
222.0
252.0
297.0
176.0
317.0
244.0
205.0
242.0
197.0
345.0
72.0
306.0
334.0
491.0
172.0
55.0
192.0
321.0
173.0
211.0
152.0
71.0
182.0
181.0
39.0
500.0
156.0
248.0
38.0
55.0
500.0
246.0
36.0
223.0
217.0
177.0
146.0
246.0
197.0
141.0
500.0
88.0
212.0
344.0
307.0
282.0
500.0
239.0
288.0
236.0
194.0
214.0
225.0
229.0
136.0
302.0
201.0
181.0
289.0
128.0
87.0
178.0
291.0
315.0
339.0
500.0
493.0
135.0
500.0
349.0
403.0
399.0
126.0
461.0
474.0
329.0
500.0
353.0
500.0
478.0
152.0
434.0
47.0
200.0
80.0
304.0
445.0
316.0
317.0
222.0
236.0
66.0
322.0
173.0
500.0
139.0
83.0
500.0
197.0
479.0
350.0
23.0
391.0
445.0
273.0
379.0
354.0
365.0
409.0
197.0
191.0
250.0
358.0
397.0
302.0
97.0
76.0
500.0
500.0
97.0
500.0
462.0
500.0
389.0
415.0
500.0
106.0
500.0
500.0
295.0
473.0
500.0
500.0
500.0
500.0
204.0
500.0
476.0
500.0
448.0
500.0
329.0
153.0
500.0
500.0
245.0
500.0
500.0
134.0
287.0
134.0
500.0
500.0
413.0
436.0
173.0
66.0
178.0
500.0
500.0
500.0
500.0
500.0
71.0
500.0
500.0
127.0
67.0
233.0
105.0
471.0
452.0
500.0
410.0
149.0
500.0
500.0
55.0
500.0
185.0
500.0
99.0
130.0
239.0
288.0
500.0
500.0
500.0
500.0
205.0
500.0
500.0
500.0
500.0
500.0
450.0
228.0
155.0
471.0
500.0
486.0
140.0
376.0
500.0
340.0
500.0
484.0
500.0
454.0
390.0
495.0
500.0
192.0
455.0
500.0
450.0
313.0
176.0
477.0
337.0
500.0
323.0
126.0
170.0
245.0
138.0
500.0
491.0
500.0
346.0
438.0
410.0
147.0
417.0
415.0
500.0
187.0
368.0
369.0
500.0
500.0
500.0
500.0
234.0
500.0
500.0
500.0
500.0
332.0
500.0
500.0
500.0
500.0
323.0
403.0
190.0
394.0
426.0
500.0
189.0
385.0
386.0
260.0
500.0
170.0
470.0
287.0
445.0
500.0
219.0
195.0
183.0
361.0
500.0
218.0
182.0
500.0
500.0
500.0
500.0
500.0
314.0
156.0
162.0
111.0
500.0
500.0
221.0
186.0
500.0
500.0
500.0
138.0
500.0
198.0
500.0
159.0
500.0
168.0
264.0
500.0
500.0
500.0
201.0
500.0
500.0
433.0
500.0
500.0
500.0
290.0
500.0
500.0
500.0
500.0
500.0
500.0
500.0
500.0
500.0
500.0
500.0
220.0
500.0
364.0
500.0
500.0
448.0
500.0
73.0
500.0
500.0
500.0
500.0
500.0
500.0
500.0
496.0
500.0
500.0
500.0
500.0
500.0
500.0
500.0
500.0
500.0
38.0
500.0
500.0
500.0
500.0
91.0
500.0
500.0
500.0
500.0
500.0
500.0
297.0
500.0
500.0
500.0
500.0
157.0
500.0
500.0
500.0
500.0
500.0
500.0
500.0
500.0
500.0
500.0
500.0
500.0
500.0
500.0
500.0
500.0
500.0
500.0
500.0
500.0
500.0
500.0
500.0
500.0
500.0
500.0
500.0
500.0
500.0
500.0
500.0
500.0
500.0
500.0
500.0
500.0
500.0
500.0
500.0
500.0
500.0
500.0
500.0
500.0
500.0
500.0
500.0
500.0
500.0
500.0
500.0
500.0
500.0
500.0
500.0
500.0
500.0
500.0
500.0
500.0
500.0
500.0
500.0
500.0
500.0
500.0
500.0
500.0
500.0
500.0
500.0
500.0
500.0
500.0
500.0
500.0
500.0
500.0
500.0
500.0
500.0
500.0
500.0
497.0
500.0
500.0
461.0
500.0
500.0
242.0
487.0
500.0
500.0
500.0
500.0
500.0
500.0
500.0
500.0
500.0
500.0
450.0
400.0
500.0
500.0
500.0
451.0
494.0
454.0
500.0
490.0
478.0
500.0
432.0
500.0
500.0
500.0
468.0
500.0
500.0
500.0
500.0
423.0
452.0
500.0
500.0
500.0
500.0
500.0
500.0
500.0
500.0
450.0
500.0
415.0
500.0
500.0
500.0
500.0
500.0
500.0
243.0
297.0
439.0
500.0
500.0
500.0
500.0
97.0
500.0
116.0
303.0
131.0
500.0
73.0
85.0
47.0
139.0
500.0
200.0
98.0
500.0
500.0
405.0
500.0
500.0
500.0
232.0
500.0
500.0
98.0
500.0
119.0
96.0
500.0
500.0
500.0
363.0
463.0
325.0
244.0
275.0
266.0
245.0
263.0
170.0
400.0
223.0
169.0
278.0
500.0
140.0
184.0
180.0
500.0
230.0
158.0
403.0
215.0
500.0
230.0
123.0
293.0
270.0
286.0
347.0
500.0
64.0
191.0
500.0
368.0
500.0
318.0
500.0
290.0
381.0
375.0
100.0
500.0
500.0
500.0
500.0
236.0
500.0
500.0
334.0
372.0
424.0
500.0
500.0
275.0
151.0
181.0
500.0
320.0
500.0
319.0
279.0
223.0
262.0
309.0
336.0
484.0
441.0
340.0
402.0
390.0
378.0
354.0
303.0
453.0
500.0
352.0
300.0
452.0
338.0
229.0
500.0
500.0
500.0
500.0
391.0
230.0
345.0
500.0
453.0
263.0
316.0
191.0
224.0
500.0
311.0
492.0
280.0
261.0
280.0
185.0
425.0
500.0
404.0
232.0
411.0
324.0
227.0
207.0
270.0
426.0
219.0
500.0
230.0
167.0
165.0
177.0
461.0
103.0
500.0
500.0
294.0
500.0
500.0
500.0
500.0
500.0
500.0
500.0
500.0
500.0
500.0
500.0
500.0
500.0
500.0
500.0
500.0
500.0
500.0
500.0
500.0
500.0
500.0
500.0
500.0
500.0
500.0
438.0
500.0
500.0
500.0
461.0
500.0
500.0
500.0
500.0
232.0
500.0
500.0
71.0
500.0
465.0
466.0
500.0
500.0
500.0
91.0
185.0
500.0
500.0
35.0
474.0
167.0
315.0
370.0
356.0
469.0
249.0
117.0
182.0
383.0
427.0
247.0
223.0
223.0
273.0
163.0
123.0
125.0
212.0
363.0
260.0
321.0
174.0
221.0
500.0
205.0
129.0
419.0
278.0
111.0
500.0
165.0
247.0
500.0
166.0
296.0
317.0
228.0
232.0
165.0
500.0
500.0
220.0
500.0
293.0
261.0
176.0
500.0
135.0
500.0
144.0
255.0
500.0
226.0
500.0
247.0
250.0
296.0
500.0
500.0
333.0
273.0
243.0
283.0
153.0
191.0
500.0
304.0
500.0
366.0
500.0
262.0
423.0
500.0
241.0
500.0
260.0
500.0
500.0
500.0
473.0
500.0
500.0
270.0
342.0
256.0
24.0
500.0
461.0
500.0
500.0
390.0
265.0
221.0
284.0
218.0
500.0
437.0
152.0
500.0
500.0
500.0
269.0
500.0
273.0
278.0
221.0
199.0
500.0
177.0
500.0
191.0
316.0
358.0
500.0
482.0
207.0
276.0
455.0
500.0
471.0
280.0
459.0
179.0
500.0
500.0
500.0
100.0
387.0
234.0
500.0
130.0
274.0
500.0
241.0
223.0
402.0
500.0
442.0
219.0
217.0
500.0
244.0
140.0
228.0
356.0
500.0
217.0
236.0
181.0
500.0
417.0
500.0
234.0
217.0
500.0
500.0
287.0
500.0
500.0
317.0
276.0
500.0
330.0
500.0
106.0
355.0
500.0
373.0
500.0
278.0
500.0
227.0
362.0
500.0
500.0
194.0
500.0
500.0
265.0
500.0
326.0
500.0
175.0
141.0
464.0
500.0
500.0
203.0
500.0
500.0
500.0
113.0
500.0
369.0
500.0
89.0
167.0
170.0
251.0
204.0
258.0
500.0
170.0
120.0
500.0
217.0
221.0
312.0
205.0
238.0
262.0
500.0
500.0
75.0
365.0
214.0
500.0
68.0
146.0
500.0
500.0
156.0
224.0
500.0
157.0
225.0
429.0
500.0
461.0
106.0
500.0
500.0
170.0
500.0
500.0
70.0
129.0
500.0
147.0
263.0
493.0
166.0
500.0
155.0
387.0
235.0
353.0
173.0
125.0
102.0
212.0
500.0
458.0
167.0
500.0
163.0
500.0
500.0
196.0
151.0
500.0
379.0
157.0
171.0
178.0
181.0
339.0
185.0
500.0
86.0
500.0
136.0
500.0
500.0
40.0
207.0
256.0
177.0
481.0
500.0
276.0
231.0
500.0
500.0
197.0
220.0
235.0
245.0
500.0
456.0
500.0
159.0
243.0
221.0
251.0
500.0
316.0
199.0
500.0
334.0
212.0
368.0
329.0
203.0
500.0
206.0
93.0
102.0
117.0
107.0
175.0
199.0
188.0
176.0
140.0
154.0
168.0
165.0
206.0
82.0
127.0
176.0
116.0
227.0
247.0
177.0
151.0
151.0
257.0
145.0
191.0
98.0
30.0
312.0
272.0
374.0
145.0
164.0
214.0
152.0
227.0
278.0
292.0
273.0
223.0
500.0
465.0
144.0
500.0
500.0
500.0
427.0
500.0
175.0
133.0
416.0
210.0
332.0
44.0
300.0
500.0
464.0
429.0
423.0
207.0
355.0
375.0
194.0
193.0
30.0
192.0
308.0
203.0
230.0
38.0
42.0
37.0
37.0
264.0
122.0
45.0
92.0
169.0
198.0
251.0
131.0
147.0
186.0
189.0
197.0
500.0
174.0
172.0
259.0
34.0
264.0
66.0
40.0
239.0
223.0
182.0
36.0
270.0
197.0
167.0
200.0
90.0
74.0
456.0
259.0
500.0
325.0
239.0
194.0
500.0
32.0
213.0
197.0
213.0
200.0
500.0
195.0
87.0
338.0
500.0
119.0
211.0
55.0
500.0
176.0
208.0
45.0
203.0
265.0
500.0
78.0
294.0
265.0
210.0
62.0
66.0
50.0
500.0
500.0
500.0
174.0
241.0
88.0
500.0
47.0
213.0
210.0
500.0
261.0
216.0
500.0
465.0
327.0
420.0
500.0
377.0
500.0
102.0
253.0
500.0
314.0
243.0
500.0
500.0
500.0
358.0
500.0
500.0
500.0
310.0
500.0
323.0
500.0
500.0
209.0
240.0
500.0
124.0
268.0
404.0
95.0
53.0
177.0
120.0
500.0
363.0
283.0
163.0
500.0
280.0
166.0
205.0
264.0
500.0
500.0
500.0
500.0
500.0
500.0
500.0
500.0
500.0
500.0
500.0
500.0
500.0
500.0
500.0
254.0
500.0
198.0
112.0
181.0
418.0
281.0
254.0
270.0
331.0
265.0
115.0
131.0
500.0
300.0
142.0
126.0
247.0
55.0
170.0
500.0
474.0
500.0
167.0
500.0
235.0
121.0
159.0
415.0
135.0
453.0
166.0
109.0
258.0
166.0
500.0
116.0
500.0
227.0
147.0
118.0
500.0
500.0
500.0
74.0
132.0
69.0
500.0
500.0
500.0
500.0
500.0
500.0
73.0
428.0
500.0
500.0
335.0
150.0
177.0
500.0
500.0
278.0
265.0
92.0
39.0
500.0
500.0
326.0
136.0
500.0
160.0
273.0
96.0
425.0
226.0
356.0
500.0
442.0
500.0
500.0
500.0
443.0
160.0
500.0
428.0
500.0
500.0
127.0
158.0
500.0
500.0
500.0
500.0
500.0
500.0
500.0
152.0
500.0
500.0
500.0
500.0
500.0
283.0
500.0
500.0
500.0
500.0
500.0
500.0
500.0
500.0
500.0
500.0
500.0
500.0
500.0
500.0
476.0
196.0
500.0
500.0
500.0
500.0
500.0
500.0
500.0
293.0
500.0
500.0
137.0
500.0
500.0
101.0
429.0
238.0
182.0
124.0
385.0
500.0
229.0
372.0
500.0
500.0
101.0
264.0
500.0
500.0
500.0
118.0
412.0
278.0
118.0
255.0
500.0
343.0
299.0
198.0
500.0
198.0
295.0
301.0
479.0
206.0
466.0
170.0
293.0
386.0
486.0
492.0
441.0
191.0
254.0
387.0
263.0
421.0
222.0
163.0
93.0
409.0
455.0
474.0
500.0
425.0
302.0
125.0
307.0
166.0
90.0
306.0
229.0
441.0
418.0
339.0
316.0
289.0
443.0
371.0
500.0
428.0
343.0
254.0
436.0
441.0
470.0
447.0
344.0
434.0
461.0
500.0
488.0
314.0
500.0
219.0
472.0
393.0
500.0
275.0
500.0
500.0
315.0
500.0
500.0
232.0
500.0
500.0
204.0
500.0
500.0
500.0
500.0
481.0
312.0
500.0
136.0
221.0
500.0
500.0
500.0
500.0
500.0
385.0
500.0
500.0
500.0
498.0
500.0
500.0
500.0
500.0
500.0
500.0
96.0
238.0
500.0
400.0
500.0
345.0
500.0
243.0
500.0
433.0
127.0
500.0
500.0
211.0
500.0
256.0
500.0
189.0
500.0
500.0
500.0
458.0
500.0
497.0
500.0
53.0
500.0
479.0
500.0
500.0
500.0
500.0
500.0
500.0
270.0
500.0
500.0
500.0
500.0
500.0
500.0
500.0
500.0
232.0
500.0
500.0
500.0
182.0
500.0
500.0
376.0
500.0
500.0
159.0
500.0
500.0
177.0
500.0
297.0
500.0
453.0
500.0
500.0
500.0
500.0
500.0
500.0
500.0
327.0
500.0
500.0
500.0
500.0
362.0
500.0
500.0
500.0
180.0
500.0
500.0
500.0
500.0
500.0
500.0
500.0
500.0
500.0
500.0
500.0
500.0
500.0
500.0
500.0
500.0
500.0
490.0
500.0
500.0
500.0
192.0
500.0
109.0
500.0
500.0
208.0
500.0
500.0
500.0
427.0
500.0
500.0
344.0
500.0
500.0
500.0
202.0
500.0
500.0
500.0
500.0
500.0
500.0
500.0
500.0
500.0
500.0
500.0
497.0
500.0
500.0
500.0
500.0
143.0
500.0
500.0
500.0
500.0
500.0
500.0
500.0
500.0
283.0
500.0
500.0
393.0
222.0
414.0
500.0
500.0
500.0
500.0
500.0
305.0
148.0
500.0
500.0
396.0
390.0
500.0
500.0
500.0
500.0
500.0
500.0
500.0
500.0
500.0
500.0
500.0
500.0
500.0
500.0
500.0
500.0
500.0
500.0
500.0
500.0
500.0
500.0
500.0
500.0
500.0
161.0
500.0
500.0
500.0
500.0
500.0
500.0
500.0
500.0
500.0
500.0
500.0
500.0
500.0
500.0
500.0
500.0
500.0
500.0
500.0
500.0
500.0
500.0
332.0
500.0
500.0
500.0
500.0
500.0
255.0
500.0
500.0
500.0
500.0
224.0
500.0
500.0
500.0
500.0
500.0
500.0
500.0
500.0
500.0
500.0
500.0
500.0
500.0
310.0
500.0
500.0
500.0
500.0
500.0
500.0
500.0
500.0
500.0
500.0
500.0
500.0
500.0
500.0
500.0
500.0
500.0
500.0
500.0
500.0
500.0
500.0
500.0
500.0
500.0
500.0
500.0
500.0
500.0
500.0
500.0
500.0
500.0
500.0
500.0
500.0
500.0
500.0
500.0
500.0
500.0
500.0
500.0
500.0
500.0
500.0
500.0
500.0
500.0
500.0
500.0
500.0
500.0
500.0
500.0
500.0
500.0
500.0
500.0
500.0
500.0
500.0
500.0
500.0
500.0
460.0
500.0
426.0
210.0
134.0
160.0
316.0
323.0
161.0
205.0
58.0
100.0
85.0
39.0
263.0
258.0
410.0
286.0
283.0
94.0
309.0
441.0
474.0
318.0
289.0
500.0
500.0
500.0
500.0
292.0
220.0
500.0
264.0
500.0
500.0
500.0
500.0
500.0
500.0
500.0
500.0
500.0
500.0
315.0
500.0
397.0
500.0
500.0
500.0
500.0
500.0
449.0
161.0
500.0
500.0
500.0
500.0
500.0
500.0
500.0
500.0
411.0
500.0
403.0
500.0
331.0
395.0
500.0
395.0
314.0
500.0
500.0
500.0
275.0
338.0
363.0
133.0
500.0
335.0
500.0
500.0
427.0
500.0
500.0
377.0
323.0
500.0
500.0
377.0
500.0
500.0
401.0
500.0
500.0
500.0
215.0
500.0
500.0
477.0
500.0
500.0
500.0
500.0
500.0
500.0
500.0
500.0
500.0
500.0
500.0
500.0
500.0
293.0
500.0
500.0
500.0
500.0
500.0
500.0
408.0
500.0
256.0
436.0
500.0
500.0
306.0
219.0
500.0
500.0
342.0
49.0
436.0
487.0
46.0
178.0
185.0
70.0
207.0
117.0
184.0
500.0
119.0
500.0
500.0
170.0
500.0
500.0
23.0
500.0
247.0
500.0
500.0
500.0
146.0
98.0
226.0
215.0
500.0
500.0
340.0
222.0
178.0
182.0
442.0
500.0
500.0
500.0
500.0
94.0
304.0
500.0
500.0
244.0
500.0
213.0
459.0
190.0
325.0
239.0
213.0
178.0
500.0
201.0
500.0
500.0
500.0
500.0
500.0
500.0
500.0
311.0
500.0
500.0
500.0
500.0
500.0
500.0
500.0
500.0
500.0
500.0
500.0
500.0
500.0
500.0
500.0
500.0
500.0
500.0
500.0
500.0
317.0
210.0
232.0
500.0
500.0
500.0
500.0
500.0
500.0
500.0
294.0
500.0
500.0
500.0
500.0
500.0
500.0
500.0
500.0
500.0
500.0
500.0
500.0
500.0
500.0
500.0
500.0
500.0
500.0
500.0
500.0
500.0
500.0
500.0
500.0
500.0
500.0
500.0
500.0
500.0
500.0
295.0
500.0
454.0
500.0
500.0
500.0
274.0
244.0
500.0
500.0
500.0
315.0
196.0
500.0
341.0
500.0
500.0
500.0
160.0
500.0
160.0
500.0
310.0
500.0
500.0
269.0
139.0
500.0
155.0
154.0
500.0
44.0
177.0
205.0
178.0
500.0
173.0
500.0
438.0
500.0
214.0
196.0
500.0
159.0
500.0
500.0
500.0
500.0
500.0
500.0
500.0
500.0
500.0
206.0
500.0
500.0
500.0
500.0
500.0
242.0
500.0
156.0
116.0
500.0
181.0
500.0
500.0
246.0
180.0
500.0
500.0
500.0
500.0
500.0
500.0
165.0
119.0
500.0
500.0
218.0
500.0
156.0
500.0
182.0
500.0
500.0
500.0
500.0
185.0
207.0
500.0
500.0
500.0
433.0
159.0
500.0
500.0
191.0
500.0
171.0
500.0
500.0
333.0
500.0
284.0
400.0
221.0
500.0
500.0
220.0
500.0
500.0
185.0
500.0
500.0
500.0
206.0
500.0
500.0
25.0
225.0
280.0
194.0
500.0
500.0
500.0
500.0
500.0
500.0
500.0
500.0
500.0
500.0
233.0
500.0
500.0
173.0
500.0
500.0
193.0
500.0
500.0
500.0
217.0
500.0
500.0
500.0
277.0
500.0
500.0
500.0
500.0
500.0
500.0
500.0
500.0
500.0
500.0
500.0
124.0
500.0
500.0
500.0
500.0
500.0
500.0
500.0
500.0
500.0
500.0
500.0
147.0
215.0
223.0
500.0
325.0
500.0
500.0
500.0
500.0
326.0
500.0
500.0
500.0
500.0
500.0
500.0
500.0
500.0
500.0
500.0
500.0
500.0
500.0
500.0
91.0
500.0
500.0
500.0
500.0
500.0
500.0
125.0
111.0
244.0
177.0
500.0
500.0
500.0
115.0
500.0
500.0
500.0
500.0
500.0
500.0
226.0
344.0
500.0
500.0
183.0
13.0
500.0
500.0
347.0
184.0
500.0
500.0
259.0
500.0
500.0
289.0
194.0
66.0
221.0
317.0
269.0
20.0
193.0
352.0
56.0
314.0
84.0
500.0
330.0
500.0
500.0
423.0
22.0
500.0
500.0
22.0
500.0
500.0
360.0
500.0
492.0
497.0
19.0
500.0
500.0
500.0
500.0
288.0
467.0
448.0
500.0
500.0
451.0
255.0
474.0
500.0
500.0
446.0
500.0
452.0
448.0
357.0
370.0
500.0
465.0
475.0
500.0
500.0
500.0
500.0
73.0
500.0
86.0
500.0
500.0
500.0
500.0
392.0
500.0
213.0
500.0
234.0
176.0
192.0
201.0
500.0
184.0
377.0
500.0
432.0
500.0
500.0
424.0
166.0
500.0
215.0
500.0
216.0
500.0
278.0
185.0
500.0
393.0
205.0
222.0
152.0
500.0
445.0
237.0
257.0
402.0
241.0
170.0
132.0
178.0
195.0
280.0
201.0
500.0
258.0
294.0
404.0
500.0
500.0
176.0
188.0
500.0
203.0
194.0
298.0
281.0
500.0
500.0
264.0
152.0
500.0
180.0
206.0
202.0
245.0
500.0
500.0
244.0
145.0
150.0
382.0
114.0
294.0
500.0
412.0
328.0
249.0
500.0
281.0
223.0
241.0
500.0
208.0
285.0
172.0
500.0
117.0
347.0
308.0
150.0
205.0
500.0
220.0
500.0
437.0
267.0
152.0
500.0
277.0
296.0
248.0
500.0
500.0
500.0
157.0
150.0
325.0
500.0
295.0
500.0
500.0
345.0
329.0
500.0
469.0
320.0
262.0
500.0
243.0
500.0
500.0
500.0
500.0
198.0
306.0
500.0
248.0
230.0
255.0
500.0
126.0
262.0
265.0
292.0
284.0
500.0
500.0
500.0
407.0
500.0
500.0
500.0
194.0
500.0
500.0
500.0
500.0
500.0
500.0
500.0
500.0
500.0
500.0
481.0
500.0
260.0
368.0
369.0
319.0
500.0
500.0
500.0
500.0
363.0
366.0
418.0
500.0
328.0
312.0
461.0
500.0
489.0
374.0
500.0
500.0
424.0
500.0
500.0
500.0
500.0
500.0
488.0
500.0
500.0
500.0
500.0
497.0
500.0
466.0
429.0
474.0
500.0
435.0
412.0
500.0
500.0
500.0
424.0
500.0
500.0
500.0
500.0
500.0
500.0
500.0
126.0
500.0
500.0
500.0
500.0
500.0
500.0
500.0
500.0
488.0
493.0
500.0
500.0
500.0
500.0
500.0
497.0
500.0
500.0
500.0
500.0
500.0
500.0
500.0
500.0
500.0
500.0
500.0
500.0
500.0
500.0
500.0
496.0
500.0
500.0
500.0
464.0
500.0
500.0
500.0
500.0
500.0
500.0
500.0
500.0
500.0
480.0
500.0
500.0
500.0
494.0
500.0
500.0
475.0
152.0
402.0
500.0
500.0
410.0
295.0
500.0
500.0
500.0
500.0
500.0
500.0
500.0
500.0
500.0
500.0
500.0
477.0
500.0
386.0
500.0
500.0
500.0
345.0
500.0
500.0
500.0
310.0
485.0
424.0
401.0
84.0
287.0
384.0
312.0
254.0
240.0
350.0
382.0
389.0
404.0
395.0
407.0
325.0
304.0
404.0
395.0
499.0
500.0
500.0
500.0
476.0
321.0
123.0
315.0
338.0
356.0
416.0
260.0
322.0
248.0
241.0
290.0
355.0
455.0
367.0
255.0
248.0
299.0
500.0
368.0
284.0
253.0
251.0
244.0
500.0
361.0
347.0
353.0
149.0
334.0
297.0
446.0
264.0
160.0
192.0
338.0
176.0
281.0
215.0
274.0
220.0
212.0
179.0
422.0
246.0
209.0
67.0
250.0
301.0
290.0
77.0
203.0
279.0
229.0
252.0
253.0
247.0
294.0
309.0
256.0
252.0
261.0
231.0
273.0
231.0
237.0
275.0
158.0
292.0
229.0
101.0
250.0
246.0
288.0
255.0
271.0
278.0
210.0
262.0
320.0
231.0
300.0
263.0
313.0
500.0
411.0
500.0
301.0
348.0
245.0
283.0
279.0
315.0
304.0
358.0
359.0
264.0
295.0
300.0
350.0
346.0
216.0
232.0
280.0
324.0
257.0
334.0
376.0
346.0
330.0
196.0
500.0
69.0
233.0
107.0
317.0
332.0
180.0
500.0
325.0
172.0
412.0
472.0
374.0
423.0
367.0
384.0
320.0
419.0
500.0
423.0
414.0
332.0
500.0
500.0
500.0
307.0
346.0
414.0
332.0
419.0
406.0
406.0
381.0
373.0
391.0
380.0
364.0
432.0
428.0
500.0
405.0
338.0
338.0
390.0
500.0
92.0
147.0
329.0
80.0
121.0
96.0
127.0
156.0
258.0
102.0
122.0
127.0
488.0
115.0
86.0
133.0
401.0
318.0
148.0
105.0
99.0
92.0
89.0
77.0
367.0
105.0
111.0
210.0
186.0
177.0
143.0
410.0
364.0
92.0
218.0
105.0
334.0
341.0
500.0
449.0
500.0
471.0
500.0
500.0
378.0
500.0
218.0
80.0
206.0
313.0
280.0
292.0
117.0
436.0
500.0
500.0
500.0
421.0
500.0
500.0
452.0
500.0
313.0
500.0
500.0
500.0
500.0
500.0
500.0
500.0
500.0
500.0
500.0
117.0
82.0
104.0
500.0
500.0
500.0
500.0
500.0
500.0
494.0
500.0
500.0
500.0
483.0
500.0
500.0
500.0
500.0
500.0
500.0
500.0
500.0
500.0
500.0
500.0
500.0
500.0
500.0
500.0
494.0
500.0
500.0
500.0
500.0
500.0
500.0
500.0
500.0
500.0
500.0
500.0
467.0
305.0
414.0
500.0
500.0
326.0
500.0
500.0
458.0
500.0
500.0
500.0
500.0
500.0
500.0
500.0
500.0
500.0
500.0
426.0
500.0
500.0
500.0
500.0
437.0
39.0
348.0
500.0
42.0
500.0
126.0
103.0
500.0
500.0
500.0
500.0
500.0
500.0
500.0
326.0
471.0
500.0
500.0
500.0
500.0
500.0
500.0
500.0
500.0
500.0
500.0
350.0
454.0
500.0
500.0
500.0
490.0
500.0
500.0
418.0
52.0
156.0
439.0
500.0
500.0
142.0
458.0
500.0
453.0
460.0
43.0
500.0
158.0
448.0
500.0
491.0
500.0
500.0
479.0
139.0
121.0
149.0
500.0
500.0
500.0
500.0
139.0
160.0
500.0
229.0
128.0
500.0
500.0
436.0
203.0
500.0
88.0
500.0
57.0
245.0
500.0
500.0
500.0
89.0
500.0
415.0
500.0
500.0
346.0
350.0
51.0
460.0
452.0
54.0
68.0
160.0
48.0
152.0
500.0
295.0
500.0
104.0
500.0
33.0
38.0
500.0
500.0
381.0
160.0
500.0
500.0
500.0
500.0
243.0
500.0
454.0
477.0
124.0
257.0
104.0
78.0
500.0
39.0
500.0
500.0
500.0
500.0
500.0
497.0
500.0
449.0
341.0
397.0
500.0
500.0
445.0
500.0
500.0
500.0
500.0
202.0
500.0
500.0
500.0
500.0
500.0
500.0
500.0
404.0
500.0
500.0
500.0
500.0
388.0
500.0
500.0
500.0
500.0
386.0
500.0
500.0
500.0
500.0
500.0
500.0
500.0
500.0
500.0
500.0
64.0
500.0
500.0
174.0
500.0
325.0
500.0
500.0
500.0
500.0
195.0
500.0
500.0
31.0
278.0
500.0
500.0
332.0
161.0
293.0
47.0
500.0
500.0
500.0
500.0
500.0
500.0
500.0
500.0
500.0
500.0
500.0
500.0
500.0
500.0
500.0
500.0
500.0
500.0
500.0
123.0
500.0
500.0
500.0
500.0
500.0
500.0
500.0
500.0
500.0
500.0
500.0
500.0
500.0
500.0
500.0
457.0
112.0
500.0
500.0
171.0
500.0
500.0
500.0
500.0
500.0
500.0
500.0
500.0
500.0
500.0
500.0
500.0
500.0
500.0
456.0
500.0
500.0
500.0
500.0
500.0
500.0
500.0
500.0
500.0
500.0
500.0
500.0
500.0
500.0
500.0
500.0
500.0
500.0
291.0
500.0
500.0
500.0
500.0
500.0
500.0
500.0
500.0
176.0
500.0
500.0
500.0
328.0
500.0
500.0
500.0
500.0
500.0
500.0
138.0
500.0
441.0
500.0
500.0
500.0
500.0
500.0
500.0
500.0
500.0
500.0
500.0
500.0
500.0
500.0
500.0
500.0
500.0
500.0
500.0
500.0
500.0
154.0
500.0
500.0
286.0
500.0
500.0
500.0
500.0
500.0
442.0
500.0
500.0
500.0
500.0
500.0
500.0
500.0
500.0
500.0
500.0
500.0
500.0
500.0
500.0
500.0
500.0
500.0
500.0
500.0
429.0
500.0
500.0
500.0
500.0
500.0
500.0
500.0
500.0
500.0
500.0
500.0
500.0
500.0
500.0
500.0
500.0
500.0
500.0
500.0
500.0
500.0
500.0
500.0
500.0
500.0
462.0
500.0
500.0
500.0
500.0
500.0
500.0
500.0
500.0
500.0
500.0
500.0
500.0
500.0
500.0
500.0
500.0
273.0
500.0
500.0
218.0
500.0
139.0
500.0
146.0
341.0
500.0
500.0
500.0
500.0
403.0
500.0
500.0
500.0
500.0
378.0
500.0
500.0
500.0
500.0
500.0
500.0
500.0
500.0
369.0
239.0
500.0
500.0
500.0
500.0
500.0
500.0
500.0
500.0
500.0
464.0
500.0
500.0
500.0
500.0
500.0
500.0
453.0
500.0
500.0
490.0
500.0
500.0
195.0
500.0
500.0
500.0
500.0
500.0
358.0
500.0
500.0
500.0
500.0
500.0
405.0
500.0
500.0
500.0
457.0
500.0
500.0
394.0
500.0
222.0
500.0
500.0
500.0
500.0
500.0
500.0
268.0
500.0
500.0
500.0
500.0
500.0
500.0
500.0
500.0
500.0
500.0
500.0
500.0
500.0
500.0
500.0
500.0
500.0
500.0
500.0
500.0
500.0
500.0
500.0
186.0
500.0
500.0
239.0
500.0
431.0
500.0
500.0
500.0
500.0
49.0
500.0
500.0
500.0
500.0
500.0
500.0
157.0
500.0
500.0
500.0
500.0
500.0
500.0
500.0
495.0
500.0
500.0
489.0
500.0
500.0
500.0
500.0
500.0
500.0
500.0
500.0
500.0
500.0
500.0
500.0
500.0
500.0
500.0
339.0
428.0
262.0
500.0
500.0
500.0
500.0
500.0
500.0
500.0
500.0
500.0
500.0
500.0
500.0
500.0
500.0
500.0
500.0
500.0
500.0
500.0
500.0
500.0
500.0
500.0
500.0
500.0
500.0
500.0
500.0
500.0
500.0
500.0
500.0
500.0
500.0
500.0
500.0
500.0
500.0
500.0
500.0
500.0
500.0
500.0
500.0
500.0
500.0
500.0
500.0
500.0
500.0
500.0
500.0
500.0
500.0
500.0
500.0
500.0
500.0
500.0
500.0
500.0
500.0
500.0
500.0
500.0
500.0
500.0
500.0
500.0
500.0
500.0
500.0
500.0
500.0
500.0
500.0
500.0
500.0
500.0
339.0
500.0
500.0
500.0
500.0
500.0
500.0
500.0
500.0
500.0
500.0
500.0
500.0
500.0
500.0
500.0
500.0
500.0
500.0
500.0
500.0
500.0
500.0
500.0
500.0
500.0
500.0
500.0
500.0
500.0
500.0
500.0
500.0
500.0
500.0
500.0
500.0
500.0
500.0
500.0
500.0
500.0
500.0
500.0
500.0
500.0
500.0
500.0
500.0
500.0
500.0
500.0
500.0
500.0
500.0
500.0
500.0
500.0
500.0
500.0
500.0
500.0
500.0
500.0
500.0
500.0
500.0
500.0
500.0
500.0
500.0
500.0
500.0
500.0
500.0
500.0
500.0
500.0
411.0
500.0
500.0
500.0
500.0
500.0
500.0
500.0
500.0
500.0
500.0
500.0
500.0
500.0
500.0
500.0
500.0
500.0
500.0
500.0
500.0
500.0
500.0
500.0
500.0
500.0
500.0
500.0
500.0
500.0
500.0
500.0
500.0
500.0
500.0
500.0
500.0
500.0
500.0
500.0
500.0
500.0
500.0
500.0
500.0
500.0
500.0
500.0
500.0
500.0
500.0
500.0
500.0
500.0
500.0
500.0
500.0
500.0
500.0
500.0
500.0
500.0
500.0
500.0
500.0
500.0
500.0
500.0
500.0
500.0
500.0
500.0
500.0
500.0
500.0
500.0
500.0
500.0
500.0
500.0
500.0
500.0
500.0
500.0
500.0
500.0
500.0
500.0
500.0
500.0
500.0
500.0
500.0
500.0
500.0
500.0
500.0
500.0
500.0
500.0
500.0
500.0
500.0
500.0
500.0
500.0
500.0
500.0
500.0
500.0
500.0
500.0
500.0
500.0
500.0
500.0
296.0
425.0
500.0
500.0
500.0
500.0
500.0
500.0
500.0
452.0
493.0
500.0
500.0
500.0
500.0
500.0
500.0
500.0
500.0
500.0
500.0
500.0
411.0
500.0
344.0
500.0
352.0
124.0
408.0
64.0
60.0
244.0
170.0
347.0
48.0
185.0
95.0
147.0
307.0
320.0
266.0
59.0
193.0
143.0
246.0
247.0
281.0
261.0
500.0
152.0
357.0
412.0
338.0
125.0
252.0
266.0
234.0
500.0
346.0
387.0
230.0
174.0
418.0
236.0
149.0
370.0
260.0
475.0
242.0
336.0
242.0
254.0
264.0
79.0
460.0
106.0
500.0
230.0
260.0
266.0
500.0
268.0
360.0
299.0
226.0
244.0
310.0
134.0
118.0
354.0
157.0
237.0
267.0
300.0
228.0
201.0
159.0
225.0
252.0
97.0
260.0
241.0
223.0
248.0
498.0
197.0
247.0
235.0
270.0
453.0
330.0
356.0
346.0
310.0
238.0
246.0
362.0
322.0
383.0
328.0
240.0
361.0
258.0
366.0
246.0
284.0
368.0
308.0
211.0
135.0
500.0
266.0
234.0
220.0
189.0
354.0
205.0
326.0
248.0
384.0
176.0
310.0
138.0
200.0
312.0
288.0
260.0
272.0
309.0
158.0
238.0
282.0
236.0
124.0
204.0
282.0
500.0
122.0
308.0
74.0
216.0
500.0
472.0
226.0
213.0
345.0
238.0
412.0
300.0
415.0
434.0
232.0
397.0
13.0
251.0
124.0
342.0
387.0
461.0
93.0
101.0
344.0
259.0
391.0
227.0
279.0
204.0
95.0
500.0
500.0
500.0
267.0
367.0
438.0
147.0
298.0
271.0
329.0
468.0
500.0
398.0
371.0
281.0
500.0
468.0
294.0
374.0
219.0
318.0
323.0
334.0
252.0
396.0
223.0
370.0
363.0
305.0
227.0
350.0
249.0
466.0
416.0
309.0
434.0
324.0
377.0
369.0
433.0
334.0
436.0
456.0
443.0
278.0
365.0
341.0
346.0
500.0
257.0
233.0
210.0
185.0
315.0
471.0
275.0
428.0
320.0
247.0
500.0
500.0
359.0
372.0
500.0
348.0
230.0
500.0
374.0
336.0
368.0
500.0
349.0
250.0
500.0
298.0
337.0
332.0
266.0
300.0
500.0
500.0
360.0
479.0
359.0
330.0
413.0
303.0
381.0
500.0
500.0
448.0
371.0
265.0
429.0
325.0
239.0
375.0
500.0
500.0
500.0
500.0
409.0
500.0
419.0
500.0
442.0
500.0
500.0
500.0
500.0
500.0
500.0
496.0
500.0
500.0
500.0
500.0
500.0
500.0
500.0
500.0
500.0
464.0
500.0
363.0
346.0
500.0
500.0
500.0
500.0
321.0
500.0
500.0
500.0
500.0
500.0
500.0
500.0
500.0
500.0
500.0
500.0
500.0
408.0
500.0
500.0
500.0
500.0
276.0
500.0
500.0
500.0
287.0
500.0
260.0
365.0
196.0
216.0
381.0
396.0
500.0
182.0
358.0
239.0
500.0
338.0
495.0
296.0
279.0
208.0
500.0
500.0
334.0
500.0
500.0
500.0
264.0
404.0
253.0
500.0
220.0
324.0
500.0
95.0
343.0
500.0
462.0
500.0
500.0
330.0
500.0
332.0
500.0
500.0
355.0
297.0
126.0
410.0
500.0
500.0
500.0
368.0
500.0
417.0
500.0
500.0
500.0
280.0
434.0
500.0
500.0
500.0
500.0
500.0
361.0
500.0
466.0
500.0
414.0
383.0
500.0
309.0
318.0
500.0
500.0
500.0
500.0
327.0
334.0
500.0
339.0
325.0
224.0
500.0
500.0
121.0
97.0
475.0
194.0
217.0
156.0
353.0
425.0
267.0
247.0
235.0
194.0
234.0
495.0
500.0
138.0
65.0
369.0
500.0
500.0
213.0
249.0
81.0
180.0
107.0
500.0
500.0
500.0
500.0
500.0
369.0
500.0
399.0
355.0
382.0
500.0
500.0
373.0
370.0
500.0
311.0
500.0
500.0
500.0
404.0
254.0
500.0
500.0
500.0
500.0
500.0
500.0
500.0
272.0
500.0
500.0
500.0
500.0
500.0
500.0
500.0
500.0
500.0
500.0
500.0
500.0
500.0
500.0
500.0
500.0
500.0
500.0
500.0
500.0
500.0
500.0
500.0
313.0
500.0
500.0
500.0
500.0
500.0
500.0
500.0
500.0
500.0
500.0
500.0
500.0
500.0
500.0
427.0
498.0
500.0
281.0
340.0
417.0
500.0
491.0
500.0
500.0
500.0
500.0
500.0
500.0
396.0
444.0
500.0
500.0
500.0
500.0
474.0
500.0
500.0
500.0
500.0
500.0
500.0
500.0
500.0
500.0
500.0
443.0
500.0
500.0
500.0
500.0
500.0
500.0
500.0
500.0
500.0
500.0
500.0
500.0
500.0
356.0
500.0
500.0
500.0
500.0
500.0
500.0
500.0
500.0
500.0
500.0
500.0
500.0
500.0
500.0
500.0
500.0
500.0
500.0
500.0
500.0
500.0
500.0
500.0
374.0
500.0
500.0
500.0
500.0
500.0
500.0
500.0
450.0
500.0
417.0
500.0
500.0
500.0
500.0
500.0
500.0
500.0
500.0
500.0
500.0
500.0
500.0
500.0
500.0
500.0
500.0
500.0
500.0
500.0
500.0
500.0
500.0
441.0
285.0
359.0
500.0
500.0
279.0
282.0
182.0
439.0
500.0
500.0
500.0
411.0
500.0
500.0
500.0
448.0
389.0
500.0
500.0
500.0
500.0
500.0
443.0
476.0
500.0
334.0
500.0
500.0
225.0
500.0
202.0
430.0
318.0
500.0
385.0
500.0
500.0
484.0
500.0
500.0
500.0
434.0
500.0
500.0
500.0
500.0
500.0
473.0
419.0
500.0
323.0
500.0
500.0
500.0
500.0
500.0
500.0
368.0
500.0
237.0
500.0
500.0
500.0
500.0
434.0
500.0
500.0
500.0
500.0
500.0
313.0
500.0
459.0
409.0
500.0
500.0
500.0
485.0
500.0
500.0
500.0
500.0
500.0
430.0
327.0
500.0
488.0
500.0
500.0
500.0
476.0
492.0
274.0
500.0
500.0
500.0
243.0
500.0
500.0
500.0
301.0
218.0
500.0
387.0
282.0
213.0
389.0
500.0
259.0
500.0
500.0
500.0
348.0
410.0
500.0
500.0
500.0
500.0
483.0
500.0
500.0
500.0
447.0
500.0
500.0
416.0
378.0
500.0
500.0
500.0
500.0
465.0
436.0
500.0
500.0
500.0
500.0
458.0
364.0
500.0
500.0
500.0
500.0
430.0
500.0
500.0
500.0
500.0
500.0
500.0
500.0
499.0
500.0
500.0
500.0
500.0
500.0
500.0
500.0
500.0
251.0
245.0
500.0
500.0
500.0
222.0
500.0
218.0
500.0
500.0
500.0
236.0
500.0
275.0
245.0
486.0
500.0
500.0
500.0
265.0
352.0
500.0
500.0
422.0
500.0
500.0
311.0
500.0
499.0
500.0
500.0
500.0
500.0
500.0
325.0
479.0
281.0
275.0
220.0
176.0
360.0
268.0
500.0
184.0
118.0
287.0
274.0
95.0
500.0
60.0
138.0
145.0
500.0
311.0
134.0
63.0
181.0
189.0
500.0
500.0
500.0
500.0
500.0
500.0
157.0
500.0
345.0
500.0
359.0
500.0
211.0
157.0
58.0
500.0
500.0
109.0
143.0
197.0
500.0
89.0
500.0
500.0
500.0
500.0
57.0
500.0
276.0
500.0
162.0
373.0
500.0
500.0
500.0
500.0
500.0
500.0
500.0
422.0
500.0
46.0
500.0
500.0
215.0
500.0
500.0
500.0
500.0
78.0
500.0
500.0
500.0
500.0
500.0
69.0
500.0
500.0
500.0
500.0
500.0
500.0
500.0
500.0
500.0
500.0
67.0
383.0
500.0
500.0
500.0
500.0
500.0
500.0
500.0
500.0
500.0
500.0
500.0
500.0
500.0
500.0
500.0
500.0
500.0
500.0
500.0
500.0
500.0
500.0
500.0
500.0
500.0
500.0
500.0
500.0
500.0
500.0
500.0
500.0
500.0
500.0
500.0
500.0
377.0
500.0
500.0
500.0
500.0
500.0
500.0
500.0
500.0
500.0
500.0
500.0
130.0
500.0
500.0
500.0
500.0
500.0
500.0
500.0
500.0
500.0
500.0
500.0
500.0
500.0
500.0
500.0
500.0
500.0
500.0
324.0
500.0
500.0
500.0
500.0
500.0
500.0
500.0
500.0
500.0
500.0
500.0
500.0
500.0
396.0
500.0
500.0
500.0
500.0
500.0
48.0
500.0
500.0
302.0
220.0
347.0
50.0
103.0
500.0
500.0
202.0
169.0
95.0
500.0
71.0
500.0
500.0
500.0
500.0
375.0
47.0
329.0
401.0
500.0
376.0
475.0
500.0
391.0
287.0
448.0
444.0
234.0
443.0
260.0
262.0
329.0
293.0
410.0
238.0
273.0
379.0
265.0
318.0
340.0
324.0
339.0
213.0
158.0
215.0
244.0
309.0
321.0
159.0
210.0
226.0
155.0
176.0
286.0
198.0
252.0
342.0
296.0
299.0
246.0
206.0
179.0
142.0
119.0
138.0
112.0
123.0
150.0
131.0
146.0
125.0
183.0
185.0
88.0
184.0
96.0
139.0
73.0
92.0
194.0
124.0
231.0
135.0
156.0
123.0
135.0
218.0
140.0
160.0
195.0
281.0
175.0
114.0
241.0
78.0
145.0
99.0
212.0
211.0
96.0
101.0
161.0
297.0
217.0
132.0
124.0
122.0
145.0
175.0
241.0
207.0
125.0
267.0
162.0
226.0
249.0
148.0
170.0
198.0
127.0
223.0
95.0
236.0
186.0
127.0
180.0
131.0
241.0
198.0
140.0
154.0
94.0
134.0
120.0
106.0
160.0
166.0
124.0
139.0
217.0
130.0
198.0
36.0
149.0
146.0
233.0
129.0
121.0
162.0
98.0
20.0
363.0
162.0
100.0
146.0
500.0
500.0
222.0
137.0
104.0
110.0
154.0
164.0
244.0
127.0
153.0
220.0
132.0
500.0
500.0
329.0
457.0
318.0
340.0
139.0
131.0
500.0
169.0
102.0
433.0
186.0
223.0
128.0
143.0
104.0
93.0
119.0
400.0
135.0
238.0
111.0
272.0
248.0
176.0
218.0
166.0
232.0
120.0
193.0
420.0
345.0
104.0
152.0
143.0
84.0
308.0
170.0
500.0
97.0
113.0
107.0
500.0
193.0
390.0
199.0
433.0
155.0
164.0
162.0
204.0
308.0
145.0
397.0
136.0
320.0
243.0
186.0
95.0
371.0
179.0
161.0
158.0
127.0
244.0
237.0
500.0
284.0
500.0
338.0
123.0
152.0
230.0
157.0
219.0
195.0
206.0
98.0
215.0
96.0
500.0
279.0
112.0
344.0
389.0
114.0
310.0
500.0
275.0
500.0
278.0
359.0
500.0
203.0
284.0
382.0
500.0
366.0
500.0
403.0
284.0
500.0
429.0
500.0
500.0
500.0
500.0
500.0
500.0
500.0
500.0
500.0
500.0
500.0
500.0
39.0
23.0
361.0
500.0
238.0
143.0
500.0
500.0
500.0
182.0
500.0
500.0
500.0
228.0
244.0
142.0
286.0
500.0
500.0
500.0
379.0
199.0
500.0
445.0
500.0
500.0
500.0
500.0
500.0
500.0
500.0
500.0
500.0
500.0
361.0
500.0
500.0
500.0
500.0
500.0
500.0
500.0
500.0
500.0
250.0
500.0
500.0
500.0
500.0
500.0
500.0
500.0
232.0
500.0
500.0
296.0
500.0
500.0
500.0
500.0
500.0
500.0
182.0
500.0
500.0
500.0
500.0
500.0
500.0
500.0
500.0
363.0
500.0
500.0
500.0
500.0
500.0
500.0
500.0
500.0
500.0
500.0
267.0
500.0
486.0
500.0
500.0
500.0
500.0
316.0
500.0
500.0
500.0
500.0
500.0
500.0
172.0
500.0
310.0
500.0
500.0
500.0
500.0
500.0
282.0
33.0
301.0
156.0
500.0
500.0
500.0
156.0
394.0
483.0
500.0
500.0
500.0
494.0
500.0
500.0
500.0
486.0
500.0
500.0
346.0
123.0
500.0
300.0
500.0
385.0
500.0
500.0
500.0
500.0
500.0
500.0
500.0
500.0
500.0
500.0
500.0
500.0
500.0
500.0
500.0
159.0
376.0
480.0
500.0
500.0
292.0
500.0
500.0
238.0
500.0
500.0
500.0
500.0
500.0
500.0
500.0
500.0
500.0
500.0
500.0
500.0
500.0
500.0
500.0
500.0
500.0
500.0
500.0
500.0
500.0
500.0
500.0
500.0
500.0
361.0
500.0
500.0
500.0
500.0
500.0
500.0
500.0
500.0
500.0
500.0
500.0
500.0
500.0
500.0
388.0
245.0
172.0
500.0
500.0
500.0
500.0
500.0
196.0
500.0
246.0
500.0
500.0
500.0
500.0
500.0
500.0
500.0
500.0
500.0
500.0
500.0
500.0
369.0
500.0
500.0
500.0
500.0
500.0
500.0
500.0
500.0
500.0
500.0
500.0
500.0
500.0
500.0
500.0
500.0
500.0
500.0
500.0
500.0
500.0
500.0
500.0
500.0
500.0
500.0
500.0
500.0
500.0
212.0
43.0
500.0
343.0
119.0
500.0
150.0
500.0
500.0
376.0
500.0
500.0
500.0
500.0
500.0
500.0
500.0
500.0
500.0
500.0
500.0
500.0
500.0
500.0
500.0
500.0
500.0
500.0
500.0
500.0
500.0
215.0
294.0
500.0
134.0
139.0
500.0
139.0
206.0
274.0
142.0
233.0
500.0
325.0
424.0
431.0
500.0
316.0
500.0
417.0
30.0
500.0
500.0
500.0
500.0
500.0
48.0
152.0
210.0
22.0
82.0
500.0
500.0
464.0
500.0
500.0
300.0
500.0
500.0
500.0
500.0
500.0
500.0
500.0
500.0
500.0
221.0
500.0
500.0
500.0
500.0
241.0
500.0
56.0
500.0
500.0
500.0
500.0
500.0
500.0
500.0
500.0
500.0
500.0
500.0
500.0
500.0
500.0
468.0
500.0
500.0
500.0
136.0
18.0
500.0
500.0
500.0
500.0
500.0
286.0
500.0
500.0
500.0
500.0
500.0
413.0
500.0
500.0
500.0
500.0
500.0
500.0
500.0
500.0
500.0
500.0
500.0
192.0
500.0
500.0
500.0
500.0
500.0
500.0
500.0
500.0
156.0
500.0
500.0
500.0
500.0
500.0
500.0
500.0
500.0
500.0
500.0
238.0
500.0
500.0
500.0
317.0
500.0
500.0
500.0
500.0
500.0
500.0
500.0
500.0
500.0
500.0
234.0
500.0
500.0
500.0
500.0
500.0
500.0
500.0
500.0
450.0
500.0
500.0
428.0
500.0
500.0
256.0
500.0
500.0
500.0
500.0
500.0
500.0
500.0
500.0
500.0
475.0
500.0
104.0
500.0
500.0
500.0
500.0
500.0
500.0
500.0
500.0
500.0
500.0
500.0
500.0
500.0
500.0
500.0
500.0
500.0
500.0
500.0
500.0
500.0
500.0
500.0
500.0
500.0
500.0
500.0
500.0
500.0
500.0
500.0
500.0
500.0
500.0
500.0
500.0
500.0
134.0
500.0
500.0
500.0
500.0
500.0
500.0
500.0
435.0
500.0
500.0
500.0
500.0
500.0
500.0
500.0
500.0
166.0
500.0
500.0
500.0
500.0
500.0
500.0
500.0
500.0
500.0
500.0
500.0
500.0
500.0
500.0
500.0
500.0
500.0
500.0
500.0
500.0
500.0
500.0
500.0
500.0
436.0
500.0
500.0
296.0
500.0
116.0
500.0
364.0
51.0
500.0
500.0
500.0
500.0
500.0
278.0
500.0
500.0
500.0
500.0
500.0
500.0
500.0
500.0
500.0
500.0
500.0
500.0
108.0
329.0
254.0
134.0
500.0
500.0
500.0
500.0
500.0
500.0
500.0
456.0
500.0
500.0
500.0
500.0
500.0
500.0
500.0
500.0
313.0
394.0
500.0
500.0
500.0
500.0
500.0
500.0
500.0
500.0
500.0
500.0
500.0
500.0
500.0
500.0
500.0
500.0
500.0
500.0
126.0
500.0
500.0
500.0
104.0
500.0
500.0
500.0
182.0
500.0
500.0
500.0
500.0
500.0
500.0
500.0
500.0
500.0
500.0
500.0
500.0
500.0
500.0
500.0
500.0
500.0
185.0
500.0
280.0
500.0
500.0
500.0
500.0
500.0
36.0
500.0
500.0
164.0
500.0
500.0
500.0
500.0
500.0
500.0
500.0
500.0
500.0
500.0
500.0
459.0
200.0
500.0
500.0
500.0
500.0
500.0
500.0
465.0
500.0
500.0
417.0
125.0
500.0
500.0
500.0
500.0
446.0
392.0
500.0
500.0
500.0
473.0
470.0
470.0
500.0
249.0
500.0
500.0
500.0
500.0
500.0
482.0
500.0
500.0
500.0
321.0
389.0
500.0
500.0
500.0
500.0
500.0
500.0
500.0
500.0
500.0
500.0
500.0
500.0
500.0
500.0
500.0
500.0
500.0
217.0
261.0
273.0
500.0
262.0
500.0
500.0
297.0
216.0
500.0
500.0
258.0
427.0
208.0
500.0
500.0
351.0
500.0
500.0
293.0
359.0
331.0
218.0
500.0
500.0
500.0
500.0
500.0
284.0
237.0
379.0
500.0
236.0
500.0
500.0
228.0
500.0
500.0
310.0
500.0
500.0
288.0
443.0
500.0
307.0
500.0
500.0
500.0
194.0
275.0
214.0
500.0
500.0
500.0
500.0
500.0
229.0
500.0
500.0
213.0
500.0
299.0
247.0
300.0
274.0
224.0
500.0
434.0
260.0
244.0
500.0
438.0
368.0
500.0
297.0
500.0
348.0
500.0
428.0
500.0
500.0
500.0
225.0
500.0
313.0
237.0
500.0
500.0
343.0
500.0
349.0
172.0
320.0
257.0
228.0
107.0
184.0
178.0
363.0
328.0
311.0
500.0
158.0
457.0
500.0
301.0
500.0
500.0
500.0
500.0
500.0
500.0
500.0
500.0
500.0
500.0
500.0
500.0
500.0
500.0
500.0
500.0
500.0
500.0
500.0
500.0
500.0
500.0
193.0
500.0
500.0
500.0
500.0
500.0
500.0
500.0
500.0
500.0
500.0
472.0
500.0
500.0
500.0
500.0
500.0
500.0
500.0
500.0
500.0
500.0
500.0
500.0
500.0
500.0
500.0
500.0
500.0
500.0
406.0
489.0
500.0
500.0
500.0
500.0
500.0
488.0
500.0
500.0
500.0
339.0
500.0
500.0
500.0
500.0
500.0
500.0
335.0
281.0
500.0
500.0
411.0
242.0
326.0
465.0
500.0
421.0
286.0
500.0
500.0
500.0
500.0
500.0
500.0
500.0
500.0
500.0
384.0
431.0
500.0
500.0
500.0
265.0
478.0
500.0
498.0
470.0
485.0
239.0
500.0
500.0
487.0
500.0
500.0
500.0
500.0
453.0
237.0
321.0
437.0
298.0
500.0
378.0
382.0
461.0
335.0
500.0
470.0
500.0
500.0
405.0
500.0
296.0
500.0
500.0
331.0
500.0
210.0
500.0
332.0
378.0
233.0
173.0
500.0
490.0
500.0
500.0
226.0
500.0
500.0
387.0
337.0
372.0
500.0
277.0
500.0
500.0
500.0
500.0
446.0
252.0
500.0
500.0
500.0
323.0
500.0
500.0
233.0
261.0
124.0
500.0
500.0
242.0
500.0
500.0
500.0
500.0
385.0
133.0
500.0
500.0
324.0
223.0
500.0
500.0
493.0
500.0
500.0
374.0
228.0
301.0
129.0
500.0
500.0
279.0
500.0
253.0
500.0
500.0
500.0
500.0
500.0
500.0
500.0
493.0
319.0
500.0
500.0
360.0
458.0
239.0
406.0
474.0
311.0
442.0
500.0
371.0
405.0
500.0
500.0
82.0
469.0
500.0
500.0
334.0
412.0
428.0
500.0
332.0
382.0
382.0
406.0
500.0
322.0
500.0
304.0
493.0
500.0
235.0
334.0
264.0
500.0
286.0
223.0
500.0
349.0
212.0
41.0
111.0
126.0
242.0
87.0
500.0
381.0
67.0
258.0
375.0
500.0
104.0
60.0
500.0
241.0
500.0
492.0
303.0
130.0
281.0
403.0
381.0
500.0
500.0
378.0
500.0
500.0
500.0
500.0
500.0
500.0
500.0
500.0
449.0
500.0
500.0
500.0
500.0
500.0
500.0
500.0
500.0
457.0
286.0
473.0
500.0
500.0
500.0
500.0
500.0
489.0
252.0
500.0
500.0
456.0
500.0
486.0
500.0
491.0
500.0
500.0
500.0
419.0
203.0
68.0
500.0
311.0
396.0
500.0
332.0
386.0
500.0
333.0
446.0
500.0
500.0
423.0
500.0
500.0
322.0
212.0
500.0
281.0
265.0
365.0
500.0
262.0
186.0
290.0
243.0
228.0
201.0
230.0
500.0
185.0
231.0
322.0
197.0
419.0
500.0
500.0
256.0
410.0
286.0
217.0
134.0
284.0
494.0
500.0
500.0
500.0
500.0
500.0
500.0
354.0
500.0
479.0
500.0
500.0
445.0
294.0
413.0
298.0
500.0
500.0
270.0
500.0
500.0
500.0
500.0
400.0
500.0
500.0
500.0
319.0
272.0
393.0
491.0
286.0
436.0
215.0
500.0
500.0
266.0
500.0
476.0
394.0
223.0
500.0
425.0
500.0
500.0
111.0
329.0
500.0
500.0
312.0
500.0
373.0
269.0
220.0
410.0
500.0
497.0
500.0
283.0
296.0
367.0
428.0
500.0
500.0
392.0
253.0
439.0
192.0
338.0
193.0
250.0
282.0
348.0
500.0
340.0
468.0
500.0
500.0
292.0
500.0
500.0
500.0
500.0
500.0
310.0
500.0
283.0
500.0
470.0
500.0
248.0
340.0
371.0
500.0
273.0
299.0
500.0
500.0
500.0
500.0
208.0
500.0
500.0
500.0
500.0
276.0
321.0
500.0
370.0
500.0
500.0
467.0
500.0
500.0
500.0
170.0
500.0
432.0
500.0
500.0
500.0
110.0
376.0
415.0
272.0
426.0
500.0
500.0
256.0
286.0
500.0
263.0
500.0
217.0
500.0
500.0
273.0
500.0
500.0
500.0
500.0
500.0
500.0
239.0
500.0
321.0
172.0
254.0
500.0
143.0
500.0
346.0
390.0
500.0
500.0
500.0
337.0
366.0
252.0
262.0
457.0
293.0
500.0
330.0
311.0
380.0
500.0
176.0
272.0
500.0
130.0
500.0
141.0
270.0
250.0
500.0
262.0
267.0
306.0
500.0
500.0
500.0
500.0
267.0
500.0
408.0
487.0
500.0
305.0
78.0
500.0
500.0
500.0
500.0
500.0
500.0
500.0
432.0
232.0
206.0
500.0
164.0
305.0
473.0
320.0
234.0
219.0
314.0
210.0
244.0
42.0
211.0
500.0
500.0
482.0
500.0
500.0
439.0
227.0
365.0
206.0
241.0
478.0
500.0
500.0
500.0
500.0
146.0
174.0
284.0
239.0
274.0
500.0
500.0
328.0
281.0
232.0
202.0
142.0
228.0
190.0
244.0
282.0
221.0
157.0
500.0
135.0
213.0
188.0
287.0
196.0
260.0
288.0
217.0
170.0
269.0
399.0
192.0
242.0
208.0
112.0
168.0
401.0
459.0
224.0
288.0
194.0
223.0
261.0
179.0
180.0
148.0
342.0
171.0
190.0
500.0
186.0
444.0
250.0
259.0
242.0
160.0
139.0
325.0
336.0
229.0
153.0
260.0
241.0
161.0
220.0
195.0
218.0
236.0
136.0
192.0
212.0
232.0
135.0
199.0
218.0
278.0
191.0
227.0
438.0
500.0
296.0
223.0
200.0
257.0
207.0
201.0
368.0
169.0
294.0
383.0
259.0
500.0
500.0
500.0
500.0
345.0
249.0
270.0
236.0
252.0
250.0
74.0
243.0
115.0
66.0
211.0
204.0
214.0
500.0
292.0
198.0
253.0
324.0
128.0
114.0
500.0
238.0
176.0
134.0
432.0
500.0
500.0
168.0
385.0
480.0
336.0
78.0
203.0
500.0
435.0
500.0
500.0
500.0
209.0
438.0
500.0
500.0
162.0
500.0
322.0
500.0
500.0
500.0
60.0
500.0
500.0
500.0
500.0
500.0
500.0
500.0
500.0
500.0
500.0
500.0
500.0
500.0
500.0
500.0
500.0
500.0
500.0
500.0
500.0
500.0
500.0
500.0
500.0
500.0
500.0
500.0
500.0
500.0
500.0
500.0
500.0
500.0
500.0
500.0
500.0
500.0
500.0
500.0
500.0
500.0
500.0
500.0
500.0
412.0
500.0
500.0
500.0
500.0
500.0
500.0
500.0
500.0
500.0
500.0
500.0
500.0
500.0
80.0
500.0
500.0
500.0
500.0
500.0
500.0
500.0
500.0
22.0
79.0
500.0
500.0
458.0
350.0
500.0
484.0
340.0
389.0
363.0
500.0
500.0
500.0
500.0
332.0
195.0
301.0
332.0
277.0
354.0
267.0
500.0
476.0
500.0
500.0
433.0
460.0
500.0
500.0
500.0
500.0
368.0
500.0
357.0
500.0
500.0
500.0
440.0
500.0
500.0
378.0
275.0
500.0
386.0
389.0
493.0
275.0
371.0
331.0
23.0
462.0
500.0
325.0
356.0
457.0
405.0
453.0
343.0
239.0
500.0
368.0
362.0
336.0
500.0
135.0
500.0
500.0
500.0
500.0
500.0
500.0
500.0
500.0
500.0
449.0
500.0
500.0
465.0
351.0
455.0
391.0
500.0
315.0
417.0
500.0
500.0
476.0
500.0
500.0
393.0
500.0
479.0
395.0
500.0
352.0
500.0
500.0
500.0
500.0
421.0
488.0
500.0
500.0
427.0
428.0
500.0
463.0
500.0
382.0
500.0
500.0
500.0
500.0
372.0
500.0
500.0
500.0
427.0
500.0
384.0
500.0
500.0
500.0
446.0
500.0
440.0
420.0
426.0
500.0
500.0
500.0
116.0
495.0
500.0
500.0
500.0
500.0
500.0
404.0
174.0
456.0
201.0
500.0
289.0
500.0
189.0
237.0
500.0
500.0
500.0
500.0
500.0
461.0
282.0
500.0
500.0
188.0
500.0
230.0
500.0
329.0
216.0
341.0
500.0
500.0
500.0
441.0
500.0
201.0
500.0
500.0
332.0
500.0
438.0
322.0
430.0
500.0
229.0
500.0
412.0
500.0
500.0
500.0
265.0
500.0
500.0
500.0
500.0
500.0
500.0
500.0
500.0
500.0
500.0
500.0
390.0
500.0
500.0
258.0
500.0
500.0
500.0
500.0
500.0
500.0
500.0
500.0
500.0
500.0
500.0
266.0
500.0
500.0
500.0
460.0
500.0
500.0
500.0
500.0
500.0
500.0
245.0
177.0
500.0
500.0
500.0
500.0
410.0
240.0
500.0
500.0
421.0
500.0
500.0
500.0
500.0
490.0
414.0
353.0
500.0
500.0
500.0
393.0
306.0
500.0
500.0
370.0
418.0
475.0
500.0
500.0
243.0
500.0
500.0
366.0
181.0
500.0
251.0
349.0
249.0
500.0
500.0
500.0
500.0
500.0
500.0
500.0
198.0
500.0
500.0
322.0
500.0
155.0
206.0
500.0
355.0
500.0
500.0
500.0
231.0
377.0
449.0
109.0
204.0
396.0
160.0
224.0
297.0
333.0
391.0
308.0
120.0
107.0
138.0
500.0
410.0
400.0
104.0
147.0
369.0
188.0
161.0
500.0
401.0
273.0
113.0
346.0
500.0
132.0
174.0
299.0
184.0
263.0
219.0
247.0
326.0
280.0
266.0
500.0
252.0
193.0
336.0
268.0
500.0
411.0
95.0
108.0
150.0
305.0
150.0
276.0
146.0
222.0
214.0
222.0
500.0
91.0
314.0
380.0
223.0
308.0
284.0
405.0
66.0
113.0
136.0
259.0
68.0
125.0
493.0
477.0
500.0
500.0
337.0
367.0
346.0
428.0
500.0
354.0
312.0
500.0
118.0
500.0
112.0
499.0
183.0
96.0
111.0
403.0
500.0
370.0
332.0
382.0
214.0
380.0
385.0
500.0
238.0
268.0
319.0
338.0
500.0
150.0
118.0
420.0
500.0
347.0
141.0
93.0
158.0
500.0
59.0
121.0
426.0
491.0
484.0
317.0
500.0
500.0
323.0
383.0
206.0
284.0
263.0
332.0
429.0
330.0
500.0
500.0
408.0
465.0
322.0
500.0
129.0
500.0
500.0
500.0
288.0
500.0
500.0
500.0
500.0
500.0
500.0
500.0
500.0
500.0
214.0
217.0
317.0
500.0
100.0
97.0
500.0
450.0
500.0
500.0
242.0
500.0
500.0
500.0
425.0
213.0
61.0
65.0
500.0
115.0
99.0
93.0
136.0
500.0
500.0
500.0
500.0
500.0
500.0
500.0
500.0
500.0
500.0
500.0
500.0
500.0
500.0
500.0
500.0
500.0
500.0
500.0
500.0
500.0
500.0
500.0
500.0
500.0
500.0
500.0
500.0
500.0
500.0
500.0
500.0
500.0
500.0
500.0
500.0
500.0
500.0
500.0
500.0
500.0
500.0
500.0
500.0
500.0
500.0
500.0
500.0
500.0
500.0
500.0
500.0
500.0
500.0
500.0
500.0
500.0
500.0
500.0
500.0
500.0
500.0
500.0
500.0
500.0
500.0
500.0
500.0
500.0
500.0
500.0
500.0
500.0
500.0
500.0
500.0
500.0
500.0
500.0
500.0
500.0
500.0
46.0
500.0
425.0
500.0
500.0
500.0
500.0
500.0
500.0
500.0
403.0
500.0
165.0
225.0
500.0
460.0
500.0
486.0
369.0
472.0
478.0
244.0
500.0
500.0
385.0
500.0
205.0
199.0
409.0
237.0
375.0
486.0
370.0
235.0
244.0
251.0
270.0
247.0
212.0
275.0
500.0
217.0
313.0
365.0
333.0
231.0
268.0
500.0
244.0
312.0
299.0
80.0
204.0
258.0
104.0
250.0
142.0
500.0
211.0
374.0
244.0
320.0
141.0
500.0
198.0
361.0
328.0
201.0
242.0
459.0
199.0
500.0
237.0
153.0
448.0
267.0
66.0
500.0
123.0
72.0
500.0
136.0
265.0
500.0
500.0
238.0
496.0
500.0
246.0
388.0
500.0
305.0
500.0
500.0
500.0
500.0
500.0
240.0
119.0
462.0
266.0
494.0
300.0
149.0
458.0
500.0
145.0
165.0
208.0
331.0
155.0
222.0
453.0
165.0
459.0
314.0
412.0
500.0
251.0
278.0
220.0
500.0
213.0
166.0
220.0
335.0
286.0
252.0
469.0
223.0
500.0
231.0
500.0
242.0
419.0
389.0
270.0
500.0
120.0
196.0
404.0
500.0
379.0
266.0
409.0
500.0
391.0
500.0
500.0
478.0
500.0
500.0
500.0
500.0
500.0
500.0
500.0
500.0
500.0
400.0
337.0
406.0
400.0
368.0
500.0
500.0
500.0
384.0
404.0
270.0
500.0
500.0
500.0
500.0
204.0
500.0
500.0
500.0
224.0
500.0
500.0
500.0
449.0
500.0
500.0
488.0
500.0
500.0
307.0
252.0
500.0
500.0
500.0
430.0
500.0
500.0
500.0
500.0
289.0
500.0
194.0
24.0
500.0
376.0
453.0
273.0
227.0
204.0
226.0
238.0
170.0
257.0
217.0
229.0
266.0
235.0
415.0
151.0
500.0
500.0
225.0
200.0
500.0
435.0
267.0
172.0
165.0
122.0
294.0
336.0
46.0
111.0
473.0
53.0
172.0
285.0
211.0
500.0
259.0
500.0
500.0
500.0
232.0
442.0
490.0
149.0
141.0
203.0
145.0
231.0
223.0
238.0
428.0
321.0
187.0
360.0
500.0
490.0
285.0
247.0
500.0
500.0
425.0
253.0
373.0
477.0
328.0
69.0
347.0
309.0
286.0
260.0
342.0
268.0
260.0
235.0
500.0
406.0
472.0
343.0
275.0
235.0
335.0
335.0
395.0
329.0
285.0
330.0
177.0
434.0
366.0
448.0
327.0
251.0
286.0
271.0
281.0
277.0
347.0
315.0
340.0
296.0
221.0
345.0
208.0
382.0
278.0
233.0
406.0
236.0
269.0
306.0
302.0
465.0
299.0
396.0
349.0
292.0
212.0
264.0
230.0
356.0
197.0
342.0
302.0
202.0
329.0
177.0
347.0
282.0
318.0
288.0
421.0
322.0
221.0
497.0
212.0
219.0
234.0
225.0
280.0
310.0
296.0
246.0
369.0
280.0
434.0
287.0
450.0
281.0
358.0
225.0
461.0
251.0
421.0
321.0
414.0
224.0
311.0
419.0
384.0
278.0
313.0
429.0
226.0
294.0
269.0
315.0
248.0
303.0
359.0
324.0
202.0
249.0
401.0
194.0
245.0
401.0
414.0
378.0
269.0
500.0
500.0
360.0
301.0
422.0
277.0
270.0
243.0
277.0
406.0
330.0
306.0
500.0
400.0
185.0
209.0
429.0
269.0
166.0
453.0
234.0
171.0
463.0
500.0
275.0
213.0
245.0
152.0
173.0
500.0
242.0
355.0
165.0
463.0
290.0
256.0
398.0
372.0
349.0
254.0
500.0
279.0
500.0
500.0
297.0
344.0
471.0
198.0
469.0
260.0
191.0
293.0
252.0
360.0
226.0
258.0
248.0
169.0
209.0
271.0
500.0
291.0
186.0
190.0
269.0
221.0
500.0
256.0
266.0
169.0
259.0
197.0
361.0
319.0
261.0
500.0
249.0
500.0
431.0
317.0
247.0
416.0
247.0
500.0
290.0
170.0
275.0
208.0
287.0
281.0
264.0
356.0
395.0
418.0
248.0
500.0
317.0
179.0
174.0
393.0
252.0
318.0
349.0
500.0
263.0
141.0
250.0
180.0
149.0
255.0
210.0
247.0
214.0
173.0
154.0
339.0
261.0
302.0
365.0
206.0
192.0
500.0
290.0
322.0
282.0
166.0
158.0
227.0
170.0
362.0
215.0
258.0
218.0
317.0
211.0
133.0
184.0
205.0
197.0
140.0
263.0
375.0
170.0
500.0
223.0
293.0
264.0
232.0
127.0
177.0
219.0
136.0
249.0
244.0
158.0
142.0
151.0
341.0
185.0
152.0
131.0
246.0
373.0
253.0
166.0
180.0
136.0
297.0
270.0
351.0
121.0
346.0
230.0
173.0
166.0
211.0
207.0
206.0
164.0
139.0
153.0
149.0
168.0
228.0
121.0
187.0
244.0
237.0
340.0
212.0
366.0
188.0
304.0
168.0
203.0
213.0
154.0
167.0
245.0
195.0
336.0
191.0
320.0
234.0
327.0
241.0
179.0
239.0
234.0
173.0
251.0
273.0
326.0
339.0
202.0
288.0
223.0
112.0
399.0
261.0
169.0
234.0
215.0
256.0
208.0
27.0
349.0
265.0
287.0
129.0
125.0
351.0
307.0
213.0
131.0
235.0
191.0
228.0
193.0
191.0
298.0
352.0
196.0
176.0
182.0
174.0
196.0
148.0
172.0
117.0
103.0
327.0
105.0
73.0
71.0
155.0
500.0
195.0
160.0
187.0
207.0
304.0
201.0
125.0
134.0
287.0
212.0
55.0
500.0
500.0
500.0
162.0
500.0
447.0
500.0
209.0
339.0
500.0
169.0
478.0
178.0
157.0
500.0
394.0
500.0
304.0
347.0
482.0
159.0
176.0
500.0
500.0
203.0
132.0
187.0
500.0
206.0
500.0
221.0
259.0
500.0
495.0
379.0
396.0
109.0
294.0
367.0
237.0
159.0
57.0
209.0
500.0
500.0
433.0
500.0
500.0
464.0
238.0
500.0
344.0
373.0
266.0
329.0
202.0
215.0
283.0
311.0
212.0
500.0
400.0
423.0
181.0
184.0
285.0
301.0
277.0
144.0
249.0
293.0
196.0
117.0
127.0
235.0
137.0
275.0
128.0
56.0
142.0
423.0
159.0
500.0
126.0
147.0
136.0
464.0
338.0
313.0
222.0
100.0
152.0
402.0
302.0
246.0
316.0
192.0
292.0
140.0
500.0
231.0
203.0
292.0
410.0
197.0
115.0
244.0
500.0
500.0
259.0
500.0
339.0
333.0
345.0
461.0
137.0
213.0
228.0
198.0
198.0
143.0
225.0
219.0
209.0
141.0
174.0
136.0
453.0
210.0
182.0
286.0
285.0
182.0
158.0
122.0
245.0
151.0
202.0
298.0
133.0
230.0
325.0
173.0
260.0
313.0
268.0
500.0
234.0
118.0
200.0
296.0
200.0
191.0
268.0
171.0
271.0
214.0
415.0
75.0
332.0
270.0
203.0
231.0
249.0
345.0
317.0
179.0
432.0
256.0
193.0
182.0
285.0
340.0
207.0
54.0
173.0
455.0
500.0
219.0
209.0
271.0
500.0
291.0
326.0
269.0
297.0
197.0
302.0
283.0
226.0
193.0
306.0
185.0
369.0
349.0
314.0
497.0
138.0
140.0
430.0
240.0
234.0
238.0
437.0
157.0
222.0
217.0
411.0
116.0
243.0
55.0
123.0
241.0
154.0
397.0
170.0
193.0
172.0
129.0
237.0
166.0
163.0
206.0
203.0
451.0
289.0
336.0
245.0
135.0
165.0
167.0
245.0
356.0
195.0
141.0
196.0
177.0
187.0
315.0
309.0
131.0
152.0
148.0
126.0
500.0
131.0
153.0
302.0
261.0
202.0
208.0
153.0
189.0
265.0
75.0
38.0
41.0
60.0
184.0
177.0
41.0
500.0
127.0
81.0
78.0
106.0
270.0
46.0
500.0
335.0
500.0
500.0
500.0
399.0
500.0
200.0
447.0
500.0
500.0
500.0
500.0
500.0
500.0
28.0
251.0
500.0
500.0
500.0
500.0
500.0
311.0
500.0
500.0
353.0
500.0
500.0
452.0
307.0
500.0
500.0
500.0
291.0
500.0
500.0
500.0
500.0
500.0
500.0
500.0
500.0
500.0
500.0
500.0
500.0
500.0
500.0
500.0
500.0
500.0
98.0
500.0
500.0
100.0
500.0
500.0
500.0
500.0
499.0
500.0
97.0
500.0
110.0
500.0
500.0
94.0
500.0
430.0
500.0
273.0
271.0
201.0
51.0
289.0
500.0
500.0
500.0
500.0
172.0
500.0
500.0
63.0
500.0
500.0
99.0
265.0
205.0
500.0
338.0
500.0
500.0
500.0
500.0
377.0
346.0
195.0
50.0
500.0
500.0
500.0
500.0
500.0
500.0
500.0
500.0
500.0
500.0
500.0
500.0
500.0
500.0
500.0
500.0
500.0
500.0
500.0
500.0
500.0
500.0
500.0
500.0
500.0
500.0
500.0
500.0
500.0
500.0
500.0
500.0
500.0
500.0
500.0
500.0
500.0
500.0
472.0
500.0
500.0
500.0
500.0
500.0
334.0
500.0
500.0
500.0
500.0
500.0
500.0
500.0
500.0
500.0
500.0
500.0
500.0
500.0
500.0
390.0
500.0
500.0
470.0
229.0
500.0
500.0
500.0
379.0
500.0
500.0
500.0
213.0
197.0
171.0
221.0
182.0
93.0
500.0
500.0
500.0
173.0
172.0
500.0
500.0
258.0
173.0
200.0
500.0
500.0
269.0
313.0
299.0
332.0
168.0
129.0
301.0
178.0
69.0
247.0
37.0
51.0
500.0
143.0
169.0
215.0
156.0
500.0
205.0
500.0
500.0
397.0
500.0
500.0
472.0
415.0
500.0
500.0
500.0
500.0
189.0
293.0
366.0
500.0
500.0
500.0
500.0
419.0
389.0
500.0
500.0
276.0
157.0
402.0
330.0
424.0
500.0
500.0
500.0
386.0
500.0
461.0
234.0
359.0
500.0
500.0
500.0
500.0
500.0
426.0
419.0
500.0
432.0
206.0
500.0
208.0
174.0
394.0
267.0
500.0
432.0
226.0
396.0
58.0
273.0
80.0
300.0
241.0
220.0
199.0
264.0
233.0
251.0
243.0
54.0
72.0
59.0
155.0
183.0
55.0
176.0
260.0
202.0
253.0
500.0
159.0
160.0
159.0
213.0
500.0
500.0
500.0
500.0
266.0
500.0
500.0
500.0
191.0
238.0
285.0
233.0
253.0
500.0
223.0
224.0
254.0
122.0
198.0
500.0
275.0
219.0
261.0
295.0
309.0
193.0
202.0
164.0
201.0
300.0
191.0
500.0
453.0
141.0
206.0
330.0
191.0
143.0
251.0
184.0
139.0
180.0
260.0
240.0
117.0
199.0
169.0
257.0
500.0
178.0
215.0
253.0
500.0
500.0
203.0
220.0
500.0
197.0
237.0
325.0
250.0
203.0
192.0
500.0
439.0
323.0
275.0
194.0
500.0
500.0
233.0
289.0
196.0
186.0
500.0
317.0
206.0
241.0
108.0
500.0
263.0
350.0
273.0
289.0
500.0
244.0
400.0
263.0
406.0
359.0
500.0
349.0
306.0
500.0
500.0
271.0
291.0
329.0
252.0
500.0
258.0
456.0
363.0
302.0
248.0
351.0
256.0
170.0
426.0
478.0
233.0
256.0
294.0
500.0
328.0
306.0
285.0
500.0
258.0
312.0
325.0
288.0
319.0
358.0
298.0
266.0
245.0
261.0
310.0
243.0
351.0
10.0
181.0
368.0
444.0
298.0
500.0
257.0
385.0
500.0
398.0
500.0
477.0
278.0
241.0
257.0
295.0
320.0
253.0
297.0
185.0
233.0
249.0
361.0
320.0
256.0
237.0
195.0
500.0
193.0
193.0
385.0
211.0
293.0
306.0
330.0
225.0
160.0
295.0
217.0
315.0
282.0
294.0
199.0
165.0
500.0
303.0
346.0
184.0
216.0
287.0
309.0
289.0
259.0
315.0
326.0
199.0
500.0
236.0
277.0
257.0
258.0
343.0
184.0
216.0
229.0
201.0
304.0
194.0
319.0
304.0
264.0
199.0
231.0
219.0
248.0
221.0
226.0
206.0
204.0
167.0
196.0
364.0
500.0
136.0
251.0
188.0
262.0
75.0
217.0
183.0
176.0
248.0
236.0
148.0
236.0
255.0
221.0
255.0
115.0
374.0
187.0
276.0
301.0
246.0
218.0
293.0
153.0
193.0
290.0
334.0
247.0
241.0
215.0
247.0
137.0