9.0
9.0
8.0
10.0
9.0
8.0
10.0
9.0
9.0
9.0
9.0
9.0
13.0
9.0
11.0
9.0
10.0
11.0
11.0
12.0
11.0
10.0
12.0
13.0
11.0
14.0
14.0
13.0
12.0
17.0
13.0
13.0
10.0
18.0
18.0
10.0
22.0
12.0
22.0
35.0
37.0
10.0
19.0
22.0
34.0
22.0
43.0
27.0
37.0
33.0
22.0
35.0
20.0
44.0
45.0
57.0
38.0
42.0
50.0
52.0
52.0
11.0
38.0
34.0
40.0
46.0
10.0
63.0
57.0
237.0
71.0
40.0
36.0
85.0
124.0
30.0
28.0
44.0
47.0
38.0
55.0
85.0
93.0
209.0
59.0
53.0
32.0
155.0
138.0
54.0
74.0
37.0
59.0
63.0
129.0
49.0
112.0
164.0
99.0
26.0
67.0
69.0
40.0
134.0
120.0
223.0
500.0
68.0
36.0
148.0
156.0
346.0
114.0
163.0
70.0
64.0
42.0
36.0
146.0
122.0
217.0
163.0
500.0
500.0
46.0
500.0
139.0
146.0
116.0
196.0
161.0
83.0
254.0
227.0
168.0
364.0
244.0
102.0
98.0
148.0
184.0
102.0
84.0
202.0
60.0
94.0
192.0
126.0
246.0
144.0
90.0
155.0
239.0
77.0
276.0
143.0
113.0
147.0
77.0
139.0
73.0
197.0
131.0
199.0
362.0
215.0
104.0
264.0
170.0
99.0
140.0
93.0
250.0
187.0
167.0
159.0
247.0
191.0
232.0
171.0
275.0
226.0
235.0
325.0
239.0
201.0
238.0
249.0
203.0
234.0
227.0
318.0
280.0
268.0
365.0
319.0
236.0
178.0
240.0
294.0
167.0
224.0
122.0
349.0
160.0
238.0
104.0
308.0
265.0
222.0
353.0
190.0
276.0
272.0
243.0
386.0
206.0
264.0
343.0
190.0
238.0
267.0
272.0
186.0
262.0
377.0
199.0
181.0
179.0
251.0
342.0
218.0
179.0
232.0
285.0
240.0
263.0
447.0
201.0
200.0
195.0
274.0
165.0
204.0
217.0
275.0
290.0
313.0
238.0
237.0
307.0
308.0
248.0
294.0
270.0
345.0
244.0
221.0
287.0
291.0
238.0
319.0
195.0
295.0
258.0
235.0
316.0
230.0
164.0
134.0
155.0
96.0
202.0
140.0
218.0
308.0
234.0
93.0
239.0
301.0
223.0
276.0
177.0
111.0
131.0
115.0
239.0
252.0
235.0
150.0
200.0
227.0
205.0
328.0
114.0
200.0
113.0
143.0
271.0
257.0
275.0
261.0
149.0
325.0
257.0
114.0
500.0
176.0
219.0
257.0
249.0
238.0
293.0
251.0
311.0
168.0
221.0
162.0
154.0
282.0
106.0
251.0
244.0
117.0
210.0
226.0
284.0
206.0
298.0
299.0
97.0
170.0
87.0
269.0
191.0
298.0
193.0
109.0
220.0
142.0
141.0
193.0
241.0
158.0
405.0
256.0
259.0
216.0
246.0
194.0
198.0
202.0
264.0
120.0
127.0
161.0
220.0
159.0
229.0
217.0
362.0
131.0
219.0
244.0
232.0
204.0
116.0
286.0
217.0
191.0
196.0
175.0
272.0
227.0
230.0
218.0
245.0
260.0
234.0
147.0
227.0
255.0
172.0
183.0
170.0
159.0
213.0
95.0
263.0
154.0
203.0
227.0
143.0
166.0
200.0
168.0
240.0
180.0
197.0
188.0
158.0
272.0
167.0
194.0
144.0
230.0
161.0
109.0
204.0
267.0
257.0
95.0
207.0
255.0
141.0
200.0
111.0
169.0
229.0
299.0
129.0
215.0
168.0
209.0
240.0
149.0
242.0
198.0
235.0
121.0
159.0
217.0
198.0
217.0
118.0
384.0
168.0
106.0
327.0
236.0
261.0
152.0
161.0
141.0
180.0
250.0
284.0
183.0
223.0
133.0
239.0
248.0
153.0
244.0
174.0
388.0
156.0
214.0
236.0
166.0
359.0
281.0
338.0
144.0
167.0
163.0
252.0
216.0
145.0
146.0
186.0
205.0
362.0
306.0
231.0
216.0
275.0
134.0
209.0
172.0
202.0
231.0
235.0
332.0
277.0
191.0
252.0
295.0
301.0
212.0
249.0
235.0
267.0
257.0
117.0
180.0
223.0
154.0
153.0
117.0
201.0
114.0
255.0
239.0
192.0
174.0
268.0
322.0
213.0
310.0
204.0
257.0
292.0
246.0
288.0
196.0
115.0
157.0
164.0
115.0
183.0
178.0
212.0
235.0
128.0
190.0
230.0
233.0
212.0
226.0
129.0
107.0
175.0
175.0
267.0
288.0
172.0
210.0
170.0
167.0
214.0
174.0
304.0
154.0
224.0
227.0
193.0
249.0
113.0
144.0
140.0
210.0
329.0
204.0
203.0
165.0
195.0
220.0
142.0
304.0
202.0
192.0
143.0
151.0
230.0
130.0
354.0
125.0
121.0
203.0
127.0
207.0
230.0
140.0
115.0
162.0
220.0
119.0
156.0
182.0
131.0
170.0
235.0
126.0
254.0
148.0
219.0
174.0
188.0
262.0
230.0
138.0
197.0
222.0
197.0
140.0
183.0
260.0
404.0
221.0
201.0
219.0
219.0
282.0
214.0
165.0
156.0
174.0
369.0
220.0
138.0
290.0
178.0
215.0
239.0
206.0
232.0
216.0
270.0
158.0
137.0
241.0
250.0
269.0
345.0
286.0
152.0
151.0
128.0
275.0
186.0
231.0
194.0
146.0
155.0
221.0
193.0
110.0
219.0
122.0
97.0
230.0
226.0
161.0
116.0
110.0
142.0
192.0
236.0
130.0
225.0
311.0
169.0
204.0
165.0
212.0
244.0
160.0
327.0
101.0
170.0
175.0
193.0
171.0
149.0
80.0
103.0
87.0
177.0
106.0
123.0
90.0
149.0
220.0
226.0
138.0
116.0
96.0
156.0
77.0
244.0
202.0
237.0
160.0
100.0
155.0
226.0
100.0
144.0
223.0
56.0
217.0
105.0
166.0
102.0
96.0
44.0
162.0
146.0
126.0
126.0
123.0
242.0
157.0
68.0
70.0
109.0
91.0
50.0
129.0
247.0
136.0
101.0
248.0
128.0
82.0
68.0
165.0
43.0
57.0
288.0
85.0
77.0
29.0
97.0
135.0
59.0
32.0
97.0
142.0
112.0
144.0
63.0
87.0
112.0
113.0
87.0
42.0
145.0
45.0
25.0
43.0
34.0
28.0
35.0
35.0
26.0
33.0
41.0
33.0
29.0
41.0
22.0
19.0
39.0
38.0
37.0
19.0
18.0
27.0
23.0
35.0
31.0
23.0
33.0
66.0
149.0
155.0
25.0
25.0
25.0
84.0
25.0
17.0
16.0
20.0
14.0
20.0
20.0
9.0
9.0
15.0
18.0
86.0
18.0
11.0
41.0
24.0
14.0
16.0
21.0
17.0
31.0
44.0
53.0
70.0
104.0
21.0
18.0
11.0
142.0
97.0
18.0
254.0
153.0
10.0
174.0
333.0
500.0
28.0
80.0
483.0
303.0
278.0
277.0
292.0
356.0
12.0
403.0
337.0
305.0
274.0
352.0
336.0
281.0
250.0
272.0
315.0
285.0
243.0
316.0
353.0
89.0
353.0
335.0
350.0
286.0
328.0
65.0
253.0
254.0
360.0
334.0
193.0
158.0
147.0
205.0
207.0
111.0
227.0
425.0
423.0
192.0
149.0
134.0
140.0
292.0
210.0
190.0
254.0
262.0
320.0
215.0
184.0
288.0
500.0
469.0
500.0
500.0
359.0
500.0
192.0
284.0
204.0
449.0
333.0
195.0
76.0
95.0
84.0
84.0
170.0
261.0
109.0
500.0
500.0
86.0
330.0
249.0
106.0
479.0
90.0
157.0
500.0
379.0
500.0
500.0
500.0
400.0
193.0
142.0
308.0
421.0
500.0
380.0
286.0
348.0
409.0
382.0
500.0
357.0
455.0
489.0
500.0
500.0
500.0
500.0
127.0
271.0
356.0
500.0
341.0
305.0
89.0
127.0
149.0
111.0
187.0
112.0
339.0
150.0
145.0
30.0
321.0
222.0
49.0
75.0
114.0
78.0
103.0
371.0
500.0
500.0
62.0
390.0
491.0
500.0
500.0
500.0
252.0
500.0
125.0
500.0
500.0
500.0
500.0
35.0
500.0
500.0
380.0
479.0
500.0
246.0
52.0
247.0
246.0
500.0
69.0
356.0
308.0
500.0
258.0
295.0
276.0
40.0
500.0
130.0
248.0
268.0
292.0
396.0
165.0
386.0
331.0
192.0
492.0
180.0
44.0
500.0
356.0
500.0
500.0
352.0
368.0
500.0
141.0
161.0
253.0
202.0
162.0
295.0
219.0
193.0
231.0
276.0
236.0
196.0
170.0
206.0
226.0
276.0
132.0
185.0
232.0
44.0
298.0
238.0
30.0
32.0
344.0
255.0
276.0
174.0
266.0
500.0
356.0
185.0
256.0
383.0
313.0
242.0
294.0
220.0
500.0
500.0
203.0
485.0
50.0
433.0
243.0
255.0
213.0
40.0
307.0
259.0
42.0
430.0
500.0
265.0
260.0
256.0
341.0
265.0
226.0
328.0
325.0
264.0
335.0
388.0
307.0
500.0
500.0
417.0
233.0
456.0
500.0
500.0
381.0
500.0
500.0
430.0
425.0
314.0
163.0
500.0
61.0
242.0
264.0
383.0
500.0
264.0
500.0
426.0
398.0
45.0
309.0
249.0
500.0
41.0
337.0
500.0
491.0
313.0
326.0
276.0
230.0
483.0
500.0
492.0
375.0
289.0
500.0
435.0
500.0
239.0
368.0
38.0
263.0
301.0
225.0
429.0
500.0
273.0
243.0
38.0
52.0
500.0
380.0
500.0
500.0
500.0
313.0
500.0
500.0
500.0
500.0
460.0
500.0
37.0
500.0
500.0
116.0
500.0
202.0
262.0
251.0
500.0
327.0
500.0
182.0
186.0
370.0
138.0
181.0
147.0
178.0
439.0
300.0
188.0
336.0
500.0
500.0
500.0
500.0
377.0
190.0
274.0
500.0
500.0
500.0
354.0
500.0
356.0
264.0
241.0
500.0
246.0
356.0
500.0
500.0
500.0
500.0
116.0
500.0
429.0
500.0
471.0
500.0
500.0
209.0
55.0
500.0
207.0
500.0
246.0
329.0
500.0
500.0
500.0
500.0
500.0
500.0
316.0
500.0
500.0
293.0
500.0
227.0
500.0
226.0
500.0
500.0
326.0
138.0
500.0
500.0
500.0
500.0
399.0
495.0
500.0
201.0
500.0
269.0
272.0
500.0
500.0
500.0
500.0
500.0
500.0
223.0
500.0
105.0
201.0
500.0
500.0
500.0
500.0
500.0
202.0
447.0
415.0
500.0
318.0
500.0
500.0
452.0
500.0
500.0
500.0
160.0
500.0
500.0
500.0
500.0
500.0
500.0
500.0
497.0
500.0
500.0
500.0
500.0
296.0
345.0
500.0
500.0
500.0
500.0
500.0
500.0
500.0
500.0
481.0
500.0
500.0
432.0
449.0
485.0
273.0
500.0
500.0
500.0
500.0
500.0
500.0
500.0
152.0
500.0
481.0
500.0
500.0
406.0
500.0
500.0
500.0
500.0
500.0
500.0
222.0
500.0
500.0
383.0
500.0
500.0
256.0
500.0
337.0
500.0
500.0
170.0
500.0
500.0
206.0
500.0
201.0
500.0
194.0
284.0
168.0
500.0
500.0
500.0
447.0
500.0
500.0
500.0
500.0
500.0
500.0
500.0
179.0
233.0
205.0
500.0
226.0
500.0
352.0
500.0
500.0
500.0
500.0
500.0
500.0
500.0
500.0
500.0
500.0
500.0
500.0
500.0
500.0
500.0
500.0
500.0
325.0
500.0
500.0
500.0
246.0
500.0
191.0
500.0
500.0
500.0
500.0
410.0
500.0
340.0
500.0
500.0
166.0
500.0
500.0
500.0
500.0
500.0
500.0
500.0
500.0
500.0
404.0
500.0
500.0
500.0
500.0
500.0
500.0
500.0
500.0
500.0
500.0
500.0
500.0
275.0
500.0
500.0
500.0
198.0
247.0
454.0
500.0
500.0
436.0
234.0
500.0
500.0
500.0
400.0
500.0
500.0
262.0
500.0
500.0
500.0
500.0
500.0
500.0
378.0
248.0
500.0
500.0
500.0
497.0
500.0
500.0
500.0
413.0
500.0
288.0
327.0
500.0
500.0
500.0
500.0
500.0
291.0
500.0
395.0
500.0
244.0
500.0
500.0
500.0
500.0
500.0
398.0
500.0
500.0
500.0
500.0
500.0
321.0
500.0
500.0
290.0
500.0
500.0
500.0
500.0
500.0
474.0
500.0
440.0
341.0
479.0
500.0
500.0
500.0
500.0
500.0
500.0
500.0
150.0
457.0
500.0
500.0
500.0
422.0
500.0
500.0
500.0
500.0
218.0
438.0
500.0
500.0
500.0
500.0
500.0
500.0
500.0
500.0
500.0
500.0
500.0
500.0
500.0
500.0
270.0
500.0
500.0
500.0
500.0
500.0
500.0
500.0
500.0
500.0
500.0
500.0
500.0
500.0
500.0
347.0
500.0
500.0
500.0
500.0
500.0
478.0
500.0
439.0
500.0
500.0
299.0
500.0
500.0
500.0
500.0
500.0
500.0
500.0
500.0
500.0
500.0
410.0
500.0
500.0
500.0
500.0
500.0
500.0
500.0
500.0
418.0
498.0
500.0
275.0
500.0
500.0
372.0
500.0
500.0
500.0
500.0
500.0
500.0
500.0
500.0
500.0
500.0
500.0
500.0
500.0
350.0
500.0
475.0
500.0
500.0
500.0
500.0
500.0
500.0
500.0
500.0
500.0
500.0
500.0
500.0
500.0
319.0
437.0
500.0
500.0
500.0
500.0
500.0
389.0
152.0
500.0
500.0
500.0
500.0
500.0
488.0
354.0
500.0
403.0
500.0
500.0
500.0
190.0
303.0
500.0
500.0
168.0
218.0
198.0
259.0
247.0
356.0
281.0
288.0
350.0
174.0
248.0
196.0
300.0
301.0
155.0
488.0
425.0
500.0
227.0
443.0
500.0
500.0
500.0
500.0
500.0
356.0
500.0
500.0
500.0
293.0
500.0
500.0
321.0
500.0
255.0
249.0
240.0
389.0
500.0
155.0
500.0
500.0
500.0
500.0
500.0
500.0
500.0
262.0
312.0
500.0
500.0
229.0
500.0
500.0
230.0
500.0
301.0
500.0
252.0
500.0
393.0
396.0
500.0
191.0
204.0
185.0
135.0
500.0
500.0
500.0
500.0
247.0
500.0
500.0
500.0
500.0
195.0
475.0
312.0
269.0
305.0
500.0
500.0
500.0
139.0
145.0
500.0
288.0
362.0
500.0
500.0
270.0
144.0
500.0
381.0
500.0
500.0
446.0
314.0
500.0
500.0
132.0
233.0
500.0
500.0
298.0
500.0
500.0
500.0
222.0
208.0
184.0
160.0
500.0
232.0
500.0
500.0
500.0
500.0
233.0
164.0
255.0
215.0
500.0
252.0
203.0
255.0
500.0
500.0
500.0
239.0
500.0
500.0
202.0
500.0
500.0
194.0
500.0
500.0
500.0
500.0
265.0
500.0
408.0
500.0
334.0
156.0
500.0
500.0
500.0
500.0
500.0
258.0
214.0
500.0
500.0
500.0
500.0
500.0
500.0
500.0
500.0
500.0
500.0
261.0
425.0
500.0
500.0
259.0
500.0
500.0
500.0
296.0
500.0
500.0
500.0
500.0
285.0
500.0
500.0
500.0
500.0
500.0
181.0
500.0
500.0
500.0
245.0
190.0
341.0
500.0
500.0
283.0
500.0
500.0
500.0
500.0
500.0
186.0
500.0
319.0
500.0
440.0
232.0
500.0
500.0
500.0
500.0
500.0
500.0
500.0
500.0
500.0
500.0
278.0
500.0
500.0
500.0
500.0
500.0
500.0
500.0
500.0
500.0
281.0
112.0
500.0
500.0
500.0
500.0
500.0
253.0
500.0
500.0
500.0
500.0
500.0
500.0
500.0
278.0
500.0
500.0
500.0
254.0
349.0
500.0
247.0
500.0
280.0
500.0
500.0
500.0
500.0
500.0
268.0
500.0
500.0
500.0
500.0
500.0
158.0
500.0
500.0
500.0
500.0
412.0
500.0
200.0
500.0
500.0
402.0
500.0
500.0
421.0
500.0
500.0
500.0
500.0
290.0
500.0
500.0
500.0
500.0
500.0
181.0
500.0
253.0
500.0
500.0
101.0
204.0
259.0
500.0
500.0
500.0
500.0
500.0
500.0
500.0
500.0
500.0
500.0
500.0
500.0
500.0
203.0
500.0
500.0
270.0
500.0
500.0
409.0
500.0
500.0
500.0
500.0
500.0
500.0
500.0
500.0
500.0
500.0
500.0
500.0
500.0
454.0
247.0
220.0
500.0
500.0
500.0
500.0
500.0
410.0
500.0
500.0
500.0
500.0
500.0
500.0
329.0
500.0
500.0
500.0
390.0
500.0
500.0
500.0
500.0
500.0
500.0
500.0
500.0
500.0
500.0
500.0
500.0
500.0
233.0
500.0
500.0
168.0
500.0
500.0
500.0
500.0
500.0
153.0
500.0
500.0
500.0
109.0
500.0
500.0
500.0
500.0
500.0
500.0
500.0
500.0
500.0
500.0
500.0
500.0
500.0
500.0
500.0
500.0
500.0
228.0
500.0
360.0
269.0
500.0
500.0
500.0
500.0
435.0
500.0
500.0
500.0
500.0
500.0
500.0
500.0
500.0
500.0
500.0
500.0
500.0
205.0
500.0
245.0
500.0
500.0
500.0
500.0
500.0
500.0
491.0
500.0
500.0
500.0
500.0
500.0
500.0
331.0
500.0
152.0
500.0
500.0
500.0
500.0
500.0
500.0
500.0
286.0
500.0
500.0
500.0
500.0
500.0
500.0
500.0
500.0
500.0
500.0
500.0
500.0
500.0
500.0
500.0
184.0
500.0
500.0
500.0
144.0
500.0
173.0
500.0
500.0
500.0
500.0
500.0
166.0
500.0
500.0
500.0
500.0
500.0
500.0
500.0
500.0
500.0
500.0
500.0
500.0
203.0
500.0
500.0
478.0
500.0
500.0
500.0
500.0
500.0
500.0
500.0
500.0
500.0
500.0
221.0
500.0
500.0
500.0
500.0
500.0
500.0
500.0
206.0
500.0
500.0
500.0
500.0
500.0
500.0
500.0
464.0
500.0
500.0
500.0
257.0
500.0
500.0
500.0
159.0
372.0
500.0
241.0
500.0
500.0
500.0
200.0
500.0
500.0
497.0
173.0
377.0
500.0
478.0
486.0
187.0
349.0
303.0
429.0
149.0
358.0
493.0
500.0
293.0
500.0
389.0
366.0
500.0
500.0
393.0
500.0
500.0
355.0
500.0
416.0
500.0
163.0
217.0
500.0
237.0
500.0
204.0
500.0
416.0
457.0
500.0
500.0
500.0
262.0
452.0
500.0
500.0
207.0
500.0
500.0
381.0
500.0
500.0
278.0
500.0
499.0
500.0
500.0
500.0
257.0
500.0
500.0
383.0
500.0
500.0
500.0
500.0
460.0
500.0
500.0
132.0
500.0
500.0
500.0
500.0
270.0
315.0
350.0
500.0
255.0
352.0
500.0
500.0
273.0
280.0
500.0
500.0
500.0
164.0
500.0
500.0
500.0
500.0
416.0
500.0
500.0
500.0
500.0
183.0
500.0
245.0
500.0
500.0
500.0
500.0
281.0
363.0
273.0
147.0
500.0
123.0
403.0
500.0
271.0
151.0
500.0
260.0
500.0
500.0
500.0
422.0
500.0
500.0
500.0
500.0
500.0
500.0
500.0
367.0
374.0
317.0
500.0
311.0
344.0
500.0
500.0
500.0
500.0
500.0
261.0
500.0
500.0
500.0
500.0
461.0
252.0
191.0
500.0
500.0
500.0
334.0
256.0
201.0
500.0
500.0
500.0
500.0
259.0
162.0
454.0
500.0
340.0
500.0
500.0
500.0
500.0
500.0
500.0
500.0
488.0
234.0
218.0
500.0
185.0
486.0
500.0
500.0
500.0
206.0
500.0
500.0
500.0
171.0
500.0
280.0
273.0
500.0
500.0
500.0
265.0
500.0
500.0
500.0
500.0
500.0
500.0
500.0
500.0
500.0
344.0
193.0
500.0
500.0
385.0
178.0
500.0
403.0
500.0
241.0
360.0
162.0
500.0
302.0
350.0
460.0
500.0
500.0
159.0
500.0
500.0
500.0
500.0
500.0
500.0
500.0
350.0
500.0
316.0
500.0
402.0
500.0
500.0
305.0
500.0
500.0
500.0
500.0
326.0
500.0
198.0
500.0
169.0
500.0
500.0
500.0
500.0
312.0
381.0
500.0
500.0
500.0
500.0
268.0
273.0
500.0
500.0
500.0
175.0
312.0
500.0
192.0
500.0
242.0
156.0
500.0
500.0
500.0
498.0
500.0
500.0
207.0
173.0
500.0
284.0
500.0
223.0
500.0
500.0
500.0
464.0
382.0
500.0
330.0
500.0
276.0
500.0
261.0
500.0
500.0
500.0
295.0
500.0
500.0
500.0
500.0
500.0
285.0
500.0
500.0
500.0
143.0
500.0
201.0
500.0
232.0
327.0
500.0
295.0
500.0
275.0
500.0
285.0
500.0
159.0
500.0
500.0
500.0
500.0
500.0
500.0
500.0
500.0
165.0
217.0
310.0
139.0
500.0
359.0
500.0
500.0
500.0
500.0
500.0
500.0
500.0
191.0
500.0
500.0
500.0
500.0
500.0
500.0
500.0
500.0
373.0
500.0
500.0
500.0
500.0
500.0
422.0
376.0
500.0
145.0
500.0
500.0
500.0
417.0
178.0
149.0
185.0
420.0
500.0
500.0
414.0
500.0
500.0
207.0
500.0
500.0
500.0
255.0
500.0
499.0
500.0
462.0
500.0
500.0
500.0
500.0
187.0
500.0
500.0
500.0
131.0
500.0
398.0
500.0
500.0
475.0
500.0
500.0
500.0
500.0
500.0
500.0
500.0
500.0
424.0
465.0
500.0
500.0
500.0
409.0
500.0
500.0
405.0
453.0
500.0
500.0
271.0
500.0
206.0
141.0
500.0
500.0
500.0
209.0
122.0
219.0
500.0
500.0
95.0
170.0
260.0
208.0
500.0
176.0
500.0
101.0
500.0
265.0
288.0
500.0
500.0
500.0
500.0
500.0
203.0
500.0
192.0
320.0
500.0
204.0
153.0
500.0
137.0
173.0
125.0
400.0
500.0
249.0
166.0
327.0
320.0
209.0
500.0
162.0
500.0
500.0
500.0
239.0
245.0
304.0
387.0
262.0
500.0
187.0
158.0
500.0
195.0
303.0
500.0
500.0
419.0
295.0
231.0
313.0
67.0
137.0
196.0
500.0
128.0
500.0
500.0
272.0
337.0
500.0
500.0
500.0
500.0
248.0
500.0
500.0
67.0
71.0
500.0
500.0
500.0
500.0
145.0
500.0
389.0
430.0
500.0
195.0
500.0
500.0
177.0
500.0
75.0
127.0
326.0
309.0
220.0
229.0
340.0
500.0
500.0
388.0
224.0
93.0
80.0
500.0
258.0
164.0
157.0
116.0
166.0
298.0
234.0
500.0
248.0
238.0
232.0
286.0
500.0
500.0
500.0
199.0
500.0
149.0
311.0
500.0
61.0
500.0
463.0
500.0
361.0
274.0
310.0
183.0
246.0
500.0
318.0
164.0
89.0
500.0
500.0
267.0
281.0
257.0
362.0
500.0
276.0
216.0
500.0
253.0
186.0
347.0
500.0
144.0
500.0
500.0
180.0
500.0
500.0
134.0
201.0
201.0
131.0
163.0
500.0
500.0
236.0
228.0
144.0
227.0
500.0
154.0
500.0
500.0
297.0
443.0
246.0
500.0
132.0
500.0
500.0
500.0
500.0
228.0
137.0
408.0
355.0
167.0
210.0
142.0
500.0
384.0
97.0
189.0
500.0
182.0
168.0
415.0
403.0
174.0
418.0
206.0
500.0
338.0
349.0
173.0
500.0
196.0
500.0
500.0
128.0
168.0
154.0
254.0
209.0
243.0
133.0
134.0
500.0
180.0
225.0
399.0
296.0
155.0
125.0
437.0
154.0
327.0
188.0
278.0
311.0
243.0
500.0
500.0
500.0
177.0
292.0
500.0
315.0
151.0
500.0
500.0
500.0
224.0
147.0
500.0
368.0
60.0
500.0
500.0
226.0
168.0
500.0
500.0
457.0
384.0
246.0
500.0
500.0
315.0
500.0
500.0
500.0
277.0
123.0
500.0
444.0
412.0
500.0
139.0
238.0
500.0
500.0
169.0
171.0
500.0
194.0
343.0
500.0
500.0
500.0
500.0
500.0
500.0
500.0
500.0
361.0
342.0
180.0
500.0
397.0
221.0
500.0
399.0
296.0
500.0
229.0
500.0
395.0
149.0
500.0
500.0
213.0
500.0
417.0
500.0
500.0
500.0
500.0
500.0
155.0
500.0
500.0
393.0
409.0
500.0
500.0
500.0
500.0
116.0
500.0
150.0
126.0
372.0
94.0
253.0
500.0
164.0
414.0
500.0
500.0
500.0
500.0
500.0
414.0
97.0
162.0
72.0
160.0
159.0
76.0
341.0
446.0
226.0
333.0
182.0
500.0
450.0
477.0
364.0
471.0
311.0
469.0
341.0
92.0
500.0
500.0
500.0
333.0
500.0
437.0
500.0
356.0
437.0
500.0
163.0
500.0
131.0
435.0
500.0
500.0
360.0
500.0
234.0
500.0
500.0
500.0
391.0
282.0
187.0
138.0
384.0
500.0
490.0
438.0
361.0
458.0
143.0
500.0
434.0
226.0
227.0
500.0
283.0
349.0
500.0
417.0
500.0
381.0
408.0
435.0
297.0
215.0
500.0
500.0
467.0
264.0
447.0
500.0
469.0
500.0
245.0
382.0
264.0
290.0
414.0
488.0
378.0
73.0
161.0
500.0
500.0
500.0
469.0
500.0
283.0
307.0
500.0
500.0
500.0
267.0
143.0
178.0
199.0
174.0
256.0
131.0
136.0
127.0
500.0
188.0
262.0
300.0
192.0
131.0
500.0
199.0
195.0
453.0
500.0
239.0
138.0
238.0
500.0
377.0
500.0
311.0
132.0
396.0
28.0
243.0
327.0
134.0
147.0
264.0
143.0
388.0
288.0
91.0
180.0
223.0
97.0
364.0
272.0
116.0
263.0
490.0
449.0
289.0
69.0
316.0
334.0
302.0
370.0
130.0
315.0
277.0
500.0
361.0
310.0
182.0
305.0
496.0
319.0
378.0
159.0
422.0
373.0
102.0
65.0
256.0
211.0
277.0
349.0
500.0
500.0
306.0
99.0
390.0
446.0
104.0
324.0
117.0
249.0
303.0
212.0
500.0
354.0
308.0
456.0
297.0
322.0
366.0
358.0
427.0
162.0
193.0
449.0
146.0
453.0
179.0
146.0
95.0
99.0
320.0
312.0
426.0
82.0
348.0
212.0
88.0
160.0
99.0
340.0
100.0
271.0
393.0
238.0
457.0
463.0
324.0
389.0
392.0
155.0
220.0
262.0
36.0
432.0
21.0
279.0
339.0
146.0
330.0
224.0
157.0
28.0
500.0
227.0
390.0
371.0
362.0
113.0
340.0
431.0
78.0
257.0
120.0
228.0
500.0
500.0
323.0
395.0
294.0
333.0
339.0
270.0
281.0
400.0
413.0
500.0
288.0
399.0
423.0
500.0
500.0
358.0
367.0
385.0
151.0
351.0
500.0
500.0
373.0
261.0
445.0
500.0
356.0
500.0
282.0
500.0
260.0
86.0
335.0
363.0
331.0
424.0
399.0
420.0
378.0
398.0
372.0
404.0
433.0
500.0
500.0
338.0
450.0
500.0
282.0
344.0
285.0
287.0
382.0
417.0
345.0
390.0
380.0
344.0
313.0
318.0
317.0
257.0
320.0
343.0
308.0
394.0
245.0
341.0
338.0
332.0
376.0
449.0
393.0
281.0
461.0
354.0
265.0
383.0
369.0
376.0
367.0
496.0
500.0
261.0
427.0
275.0
445.0
433.0
308.0
240.0
296.0
377.0
265.0
347.0
408.0
462.0
362.0
344.0
133.0
270.0
296.0
319.0
332.0
403.0
307.0
312.0
340.0
272.0
394.0
316.0
352.0
375.0
200.0
400.0
114.0
335.0
380.0
394.0
438.0
500.0
368.0
335.0
500.0
84.0
403.0
356.0
295.0
310.0
399.0
388.0
251.0
390.0
500.0
412.0
337.0
457.0
379.0
348.0
379.0
353.0
211.0
227.0
74.0
141.0
414.0
428.0
358.0
237.0
355.0
154.0
271.0
321.0
338.0
248.0
304.0
368.0
430.0
299.0
366.0
378.0
354.0
369.0
299.0
319.0
243.0
388.0
389.0
234.0
373.0
133.0
194.0
352.0
179.0
429.0
198.0
362.0
302.0
242.0
359.0
472.0
233.0
350.0
378.0
316.0
318.0
244.0
316.0
356.0
362.0
204.0
321.0
323.0
309.0
364.0
307.0
409.0
337.0
196.0
343.0
334.0
148.0
290.0
456.0
345.0
221.0
351.0
150.0
380.0
303.0
324.0
353.0
311.0
362.0
308.0
353.0
382.0
257.0
22.0
159.0
365.0
326.0
378.0
326.0
285.0
316.0
356.0
338.0
384.0
281.0
265.0
289.0
394.0
288.0
500.0
312.0
359.0
338.0
230.0
312.0
333.0
327.0
223.0
402.0
262.0
222.0
300.0
289.0
452.0
480.0
339.0
243.0
338.0
369.0
297.0
229.0
288.0
363.0
305.0
285.0
315.0
397.0
214.0
204.0
400.0
430.0
238.0
261.0
390.0
275.0
356.0
112.0
144.0
500.0
207.0
162.0
96.0
207.0
205.0
185.0
269.0
208.0
286.0
98.0
210.0
80.0
62.0
71.0
62.0
146.0
322.0
123.0
500.0
203.0
183.0
115.0
198.0
280.0
86.0
114.0
111.0
183.0
271.0
147.0
102.0
238.0
162.0
370.0
127.0
363.0
262.0
148.0
188.0
98.0
140.0
109.0
224.0
105.0
172.0
151.0
167.0
145.0
243.0
240.0
196.0
200.0
88.0
157.0
500.0
377.0
229.0
233.0
267.0
207.0
327.0
218.0
500.0
248.0
319.0
245.0
207.0
265.0
500.0
248.0
241.0
54.0
225.0
216.0
127.0
363.0
311.0
191.0
269.0
249.0
375.0
155.0
344.0
141.0
266.0
267.0
211.0
205.0
500.0
239.0
378.0
337.0
356.0
278.0
490.0
178.0
361.0
260.0
88.0
469.0
384.0
360.0
242.0
188.0
195.0
212.0
171.0
132.0
193.0
101.0
134.0
86.0
105.0
126.0
360.0
82.0
151.0
168.0
308.0
128.0
181.0
258.0
269.0
272.0
194.0
233.0
233.0
188.0
177.0
351.0
169.0
200.0
251.0
181.0
150.0
333.0
327.0
356.0
448.0
271.0
251.0
275.0
200.0
227.0
249.0
184.0
300.0
252.0
305.0
203.0
307.0
341.0
317.0
359.0
316.0
148.0
185.0
86.0
166.0
115.0
110.0
304.0
239.0
498.0
185.0
154.0
210.0
142.0
111.0
276.0
279.0
329.0
288.0
189.0
201.0
308.0
228.0
306.0
247.0
223.0
207.0
278.0
111.0
137.0
262.0
249.0
205.0
159.0
196.0
226.0
107.0
276.0
240.0
257.0
100.0
191.0
234.0
124.0
145.0
173.0
165.0
159.0
203.0
232.0
207.0
130.0
224.0
123.0
176.0
167.0
139.0
307.0
79.0
191.0
198.0
125.0
87.0
176.0
187.0
126.0
202.0
118.0
282.0
206.0
194.0
289.0
311.0
158.0
260.0
80.0
71.0
241.0
341.0
369.0
106.0
138.0
302.0
132.0
113.0
144.0
106.0
116.0
197.0
165.0
163.0
197.0
119.0
185.0
201.0
123.0
226.0
293.0
154.0
190.0
225.0
138.0
140.0
145.0
120.0
185.0
182.0
200.0
218.0
187.0
223.0
98.0
191.0
239.0
167.0
103.0
179.0
172.0
85.0
427.0
165.0
111.0
271.0
267.0
125.0
299.0
167.0
172.0
202.0
228.0
227.0
109.0
278.0
211.0
221.0
199.0
129.0
179.0
177.0
139.0
180.0
153.0
205.0
104.0
103.0
141.0
335.0
282.0
151.0
165.0
123.0
114.0
330.0
106.0
221.0
143.0
263.0
173.0
242.0
149.0
186.0
148.0
233.0
127.0
150.0
151.0
162.0
302.0
145.0
179.0
146.0
218.0
219.0
254.0
166.0
204.0
175.0
170.0
243.0
165.0
203.0
235.0
170.0
142.0
142.0
80.0
171.0
152.0
225.0
147.0
129.0
139.0
189.0
231.0
138.0
143.0
69.0
226.0
145.0
152.0
76.0
105.0
183.0
172.0
111.0
188.0
168.0
72.0
155.0
189.0
121.0
105.0
322.0
140.0
202.0
133.0
176.0
185.0
145.0
129.0
204.0
127.0
221.0
220.0
165.0
177.0
152.0
253.0
164.0
137.0
171.0
135.0
199.0
151.0
228.0
142.0
138.0
130.0
184.0
135.0
236.0
164.0
238.0
155.0
154.0
145.0
119.0
156.0
132.0
220.0
141.0
145.0
181.0
193.0
164.0
336.0
188.0
137.0
140.0
193.0
147.0
157.0
320.0
169.0
104.0
240.0
157.0
185.0
158.0
162.0
139.0
135.0
181.0
159.0
206.0
167.0
175.0
194.0
222.0
208.0
178.0
202.0
160.0
180.0
176.0
145.0
220.0
216.0
149.0
288.0
222.0
143.0
140.0
209.0
92.0
137.0
269.0
197.0
139.0
202.0
192.0
272.0
133.0
205.0
182.0
196.0
243.0
167.0
259.0
157.0
160.0
201.0
189.0
135.0
143.0
184.0
163.0
173.0
145.0
156.0
237.0
282.0
69.0
102.0
96.0
80.0
111.0
320.0
161.0
81.0
104.0
79.0
132.0
125.0
148.0
126.0
203.0
121.0
252.0
147.0
74.0
198.0
178.0
176.0
96.0
130.0
140.0
360.0
104.0
160.0
77.0
130.0
249.0
153.0
203.0
244.0
92.0
206.0
128.0
165.0
146.0
223.0
117.0
148.0
126.0
285.0
179.0
116.0
137.0
191.0
186.0
107.0
141.0
146.0
162.0
185.0
198.0
85.0
162.0
194.0
148.0
118.0
152.0
134.0
161.0
197.0
110.0
134.0
126.0
170.0
100.0
188.0
128.0
293.0
181.0
81.0
248.0
197.0
153.0
181.0
180.0
103.0
235.0
186.0
152.0
230.0
184.0
170.0
116.0
143.0
150.0
162.0
222.0
141.0
186.0
255.0
146.0
353.0
235.0
230.0
156.0
159.0
163.0
150.0
207.0
216.0
216.0
152.0
154.0
357.0
149.0
187.0
221.0
196.0
172.0
139.0
158.0
268.0
115.0
144.0
146.0
228.0
231.0
185.0
131.0
170.0
202.0
220.0
313.0
118.0
173.0
228.0
91.0
101.0
213.0
63.0
217.0
139.0
80.0
170.0
240.0
122.0
220.0
79.0
170.0
146.0
66.0
238.0
295.0
137.0
173.0
109.0
327.0
165.0
154.0
135.0
161.0
225.0
164.0
165.0
205.0
108.0
149.0
166.0
255.0
159.0
146.0
157.0
177.0
206.0
259.0
150.0
119.0
98.0
158.0
142.0
229.0
129.0
279.0
166.0
142.0
282.0
128.0
149.0
172.0
169.0
148.0
265.0
235.0
130.0
138.0
156.0
183.0
159.0
181.0
212.0
152.0
158.0
191.0
147.0
129.0
229.0
113.0
348.0
204.0
134.0
192.0
147.0
129.0
227.0
150.0
163.0
134.0
184.0
150.0
187.0
89.0
269.0
99.0
161.0
262.0
168.0
186.0
246.0
185.0
150.0
162.0
187.0
205.0
128.0
110.0
136.0
214.0
146.0
284.0
147.0
187.0
115.0
155.0
173.0
179.0
90.0
117.0
244.0
178.0
177.0
116.0
194.0
152.0
151.0
102.0
160.0
209.0
156.0
181.0
144.0
189.0
144.0
195.0
145.0
117.0
136.0
189.0
129.0
259.0
121.0
330.0
181.0
163.0
206.0
133.0
155.0
137.0
147.0
130.0
328.0
142.0
131.0
186.0
203.0
218.0
191.0
184.0
308.0
316.0
176.0
326.0
430.0
386.0
281.0
164.0
228.0
254.0
264.0
279.0
284.0
348.0
426.0
300.0
447.0
399.0
500.0
129.0
338.0
118.0
132.0
500.0
500.0
500.0
210.0
500.0
118.0
248.0
500.0
357.0
165.0
500.0
339.0
426.0
292.0
500.0
390.0
496.0
500.0
500.0
500.0
500.0
500.0
500.0
500.0
500.0
500.0
500.0
500.0
500.0
129.0
196.0
82.0
500.0
340.0
256.0
296.0
332.0
494.0
332.0
399.0
400.0
349.0
419.0
387.0
456.0
349.0
367.0
500.0
500.0
457.0
14.0
500.0
500.0
195.0
378.0
265.0
109.0
128.0
140.0
85.0
71.0
158.0
56.0
60.0
107.0
250.0
50.0
73.0
45.0
116.0
375.0
48.0
131.0
123.0
53.0
216.0
56.0
206.0
172.0
347.0
107.0
144.0
175.0
89.0
368.0
144.0
366.0
184.0
174.0
229.0
133.0
156.0
129.0
292.0
109.0
120.0
268.0
106.0
316.0
81.0
273.0
324.0
166.0
177.0
331.0
185.0
235.0
70.0
267.0
180.0
500.0
293.0
69.0
500.0
415.0
303.0
286.0
15.0
351.0
385.0
415.0
120.0
353.0
151.0
389.0
122.0
130.0
222.0
205.0
145.0
162.0
183.0
138.0
281.0
109.0
145.0
186.0
221.0
183.0
226.0
220.0
139.0
227.0
278.0
156.0
259.0
219.0
128.0
233.0
265.0
169.0
321.0
288.0
163.0
301.0
232.0
348.0
234.0
230.0
211.0
280.0
199.0
225.0
189.0
215.0
169.0
213.0
276.0
159.0
190.0
174.0
225.0
283.0
152.0
132.0
196.0
265.0
259.0
222.0
309.0
164.0
209.0
178.0
197.0
193.0
284.0
261.0
173.0
240.0
372.0
214.0
165.0
154.0
200.0
191.0
196.0
210.0
167.0
156.0
255.0
145.0
246.0
182.0
257.0
192.0
178.0
191.0
277.0
224.0
241.0
153.0
251.0
253.0
208.0
237.0
204.0
137.0
280.0
187.0
277.0
201.0
159.0
221.0
222.0
252.0
204.0
208.0
154.0
206.0
249.0
150.0
160.0
246.0
244.0
208.0
91.0
110.0
179.0
303.0
155.0
171.0
146.0
153.0
170.0
217.0
159.0
264.0
236.0
190.0
251.0
234.0
225.0
164.0
191.0
168.0
210.0
236.0
214.0
204.0
227.0
156.0
274.0
223.0
178.0
164.0
195.0
242.0
150.0
350.0
214.0
192.0
259.0
200.0
326.0
147.0
200.0
204.0
210.0
216.0
440.0
191.0
216.0
207.0
168.0
235.0
204.0
194.0
249.0
181.0
224.0
183.0
194.0
254.0
181.0
284.0
242.0
358.0
303.0
154.0
198.0
223.0
184.0
176.0
258.0
165.0
236.0
270.0
275.0
241.0
237.0
189.0
221.0
179.0
228.0
233.0
179.0
158.0
154.0
271.0
229.0
157.0
211.0
194.0
172.0
168.0
220.0
198.0
274.0
271.0
254.0
178.0
218.0
240.0
204.0
343.0
214.0
228.0
239.0
338.0
424.0
203.0
245.0
143.0
210.0
303.0
193.0
224.0
293.0
194.0
252.0
178.0
228.0
487.0
177.0
290.0
244.0
184.0
258.0
258.0
157.0
225.0
326.0
250.0
224.0
226.0
151.0
234.0
203.0
232.0
197.0
200.0
251.0
161.0
233.0
196.0
287.0
158.0
249.0
223.0
222.0
196.0
174.0
276.0
249.0
262.0
319.0
254.0
190.0
178.0
238.0
171.0
200.0
223.0
212.0
157.0
184.0
230.0
221.0
128.0
97.0
190.0
159.0
152.0
94.0
213.0
150.0
169.0
270.0
187.0
171.0
262.0
52.0
82.0
145.0
216.0
21.0
132.0
156.0
230.0
138.0
200.0
203.0
148.0
199.0
210.0
207.0
207.0
224.0
188.0
272.0
201.0
238.0
208.0
230.0
296.0
194.0
229.0
77.0
199.0
233.0
144.0
182.0
134.0
242.0
165.0
143.0
100.0
137.0
249.0
144.0
185.0
100.0
209.0
160.0
137.0
183.0
76.0
138.0
250.0
191.0
192.0
226.0
144.0
204.0
166.0
126.0
232.0
251.0
158.0
170.0
222.0
212.0
242.0
143.0
172.0
298.0
157.0
159.0
182.0
289.0
208.0
168.0
236.0
141.0
156.0
203.0
143.0
244.0
210.0
190.0
170.0
279.0
201.0
143.0
202.0
234.0
339.0
216.0
161.0
188.0
241.0
236.0
252.0
200.0
55.0
72.0
73.0
81.0
119.0
67.0
434.0
45.0
155.0
125.0
178.0
151.0
171.0
168.0
82.0
390.0
234.0
203.0
248.0
248.0
142.0
174.0
235.0
192.0
222.0
305.0
174.0
150.0
79.0
229.0
250.0
270.0
145.0
200.0
184.0
150.0
155.0
131.0
245.0
289.0
90.0
299.0
225.0
150.0
500.0
230.0
326.0
192.0
199.0
354.0
145.0
138.0
166.0
150.0
200.0
149.0
213.0
130.0
365.0
192.0
246.0
345.0
218.0
216.0
146.0
168.0
268.0
157.0
164.0
264.0
137.0
183.0
158.0
145.0
96.0
255.0
89.0
164.0
162.0
143.0
129.0
142.0
35.0
205.0
227.0
76.0
178.0
289.0
174.0
200.0
304.0
220.0
73.0
166.0
248.0
172.0
199.0
63.0
197.0
167.0
224.0
238.0
69.0
214.0
100.0
151.0
170.0
246.0
197.0
240.0
180.0
128.0
179.0
203.0
125.0
104.0
168.0
192.0
200.0
67.0
233.0
150.0
294.0
79.0
286.0
226.0
318.0
312.0
160.0
301.0
324.0
367.0
353.0
356.0
253.0
500.0
293.0
359.0
186.0
305.0
274.0
211.0
170.0
363.0
370.0
92.0
280.0
283.0
305.0
295.0
136.0
325.0
339.0
170.0
225.0
183.0
212.0
276.0
392.0
323.0
361.0
389.0
346.0
442.0
345.0
348.0
237.0
146.0
89.0
386.0
500.0
301.0
276.0
337.0
245.0
387.0
374.0
142.0
309.0
500.0
396.0
319.0
163.0
347.0
377.0
500.0
369.0
272.0
500.0
346.0
419.0
374.0
295.0
455.0
406.0
500.0
328.0
278.0
284.0
186.0
168.0
494.0
262.0
109.0
500.0
500.0
500.0
500.0
500.0
500.0
500.0
500.0
500.0
500.0
500.0
500.0
500.0
500.0
500.0
500.0
487.0
500.0
500.0
500.0
482.0
500.0
500.0
500.0
500.0
142.0
500.0
500.0
500.0
435.0
500.0
500.0
500.0
500.0
500.0
500.0
500.0
434.0
500.0
500.0
500.0
500.0
500.0
500.0
500.0
500.0
500.0
500.0
500.0
500.0
500.0
500.0
500.0
500.0
397.0
500.0
500.0
500.0
500.0
257.0
500.0
462.0
409.0
500.0
499.0
489.0
500.0
500.0
500.0
500.0
500.0
500.0
490.0
500.0
456.0
500.0
500.0
478.0
500.0
500.0
500.0
64.0
461.0
500.0
500.0
455.0
500.0
500.0
500.0
500.0
500.0
461.0
500.0
500.0
500.0
500.0
500.0
464.0
500.0
500.0
63.0
500.0
500.0
500.0
500.0
500.0
500.0
500.0
500.0
285.0
500.0
500.0
500.0
500.0
500.0
500.0
500.0
500.0
500.0
500.0
500.0
500.0
500.0
481.0
500.0
500.0
500.0
500.0
500.0
500.0
487.0
500.0
500.0
500.0
500.0
500.0
500.0
238.0
500.0
500.0
500.0
500.0
500.0
500.0
500.0
500.0
500.0
500.0
500.0
500.0
500.0
500.0
500.0
500.0
500.0
500.0
500.0
500.0
500.0
500.0
500.0
500.0
500.0
500.0
500.0
500.0
443.0
500.0
500.0
500.0
500.0
500.0
500.0
500.0
500.0
500.0
500.0
500.0
500.0
500.0
500.0
500.0
500.0
500.0
184.0
500.0
500.0
500.0
500.0
500.0
500.0
500.0
500.0
500.0
500.0
500.0
500.0
500.0
500.0
500.0
500.0
500.0
500.0
500.0
500.0
190.0
322.0
500.0
500.0
500.0
500.0
500.0
500.0
500.0
500.0
500.0
500.0
175.0
500.0
500.0
500.0
500.0
500.0
500.0
500.0
500.0
500.0
500.0
500.0
500.0
500.0
262.0
500.0
500.0
500.0
500.0
500.0
500.0
500.0
500.0
500.0
170.0
500.0
500.0
500.0
500.0
500.0
500.0
500.0
500.0
441.0
500.0
500.0
500.0
500.0
500.0
500.0
500.0
500.0
500.0
500.0
500.0
154.0
500.0
500.0
500.0
500.0
500.0
500.0
500.0
500.0
500.0
500.0
500.0
500.0
500.0
500.0
500.0
500.0
500.0
500.0
140.0
500.0
500.0
500.0
500.0
500.0
500.0
415.0
500.0
500.0
500.0
500.0
500.0
500.0
459.0
500.0
500.0
500.0
500.0
500.0
500.0
500.0
500.0
500.0
500.0
500.0
500.0
500.0
500.0
500.0
500.0
500.0
500.0
500.0
500.0
500.0
500.0
500.0
500.0
500.0
500.0
500.0
500.0
500.0
500.0
500.0
500.0
66.0
500.0
500.0
500.0
500.0
500.0
376.0
500.0
500.0
500.0
500.0
500.0
500.0
500.0
500.0
500.0
263.0
500.0
500.0
500.0
366.0
500.0
500.0
500.0
500.0
500.0
500.0
500.0
500.0
500.0
500.0
500.0
500.0
500.0
500.0
500.0
500.0
500.0
500.0
500.0
500.0
500.0
500.0
500.0
500.0
500.0
500.0
500.0
500.0
500.0
500.0
500.0
500.0
500.0
500.0
500.0
500.0
500.0
500.0
500.0
500.0
500.0
500.0
500.0
500.0
500.0
500.0
500.0
500.0
500.0
500.0
500.0
500.0
211.0
500.0
500.0
500.0
500.0
500.0
500.0
500.0
500.0
500.0
199.0
500.0
500.0
500.0
500.0
500.0
500.0
500.0
500.0
500.0
500.0
500.0
500.0
500.0
500.0
500.0
500.0
500.0
500.0
149.0
500.0
500.0
500.0
500.0
500.0
500.0
500.0
500.0
500.0
500.0
500.0
500.0
500.0
275.0
500.0
500.0
500.0
500.0
500.0
500.0
500.0
500.0
500.0
500.0
500.0
500.0
500.0
500.0
500.0
500.0
500.0
500.0
500.0
500.0
500.0
500.0
500.0
500.0
500.0
500.0
500.0
500.0
496.0
500.0
500.0
500.0
500.0
500.0
500.0
500.0
500.0
500.0
500.0
500.0
500.0
500.0
500.0
500.0
500.0
500.0
500.0
500.0
462.0
500.0
500.0
500.0
500.0
500.0
500.0
500.0
500.0
500.0
500.0
500.0
500.0
500.0
500.0
500.0
484.0
500.0
500.0
500.0
500.0
337.0
500.0
500.0
500.0
500.0
500.0
500.0
500.0
500.0
500.0
500.0
500.0
500.0
500.0
500.0
500.0
500.0
500.0
500.0
142.0
500.0
500.0
500.0
500.0
500.0
500.0
500.0
500.0
500.0
500.0
500.0
500.0
500.0
500.0
500.0
500.0
500.0
500.0
500.0
496.0
500.0
500.0
500.0
500.0
500.0
500.0
500.0
500.0
500.0
500.0
500.0
500.0
500.0
484.0
500.0
500.0
500.0
500.0
500.0
500.0
157.0
500.0
500.0
462.0
500.0
500.0
500.0
500.0
500.0
500.0
500.0
500.0
500.0
438.0
500.0
500.0
500.0
500.0
500.0
500.0
500.0
500.0
500.0
500.0
500.0
500.0
500.0
500.0
500.0
500.0
500.0
500.0
500.0
500.0
500.0
324.0
500.0
500.0
500.0
500.0
500.0
500.0
500.0
500.0
500.0
485.0
500.0
500.0
500.0
500.0
500.0
500.0
500.0
500.0
500.0
500.0
500.0
500.0
500.0
500.0
116.0
500.0
500.0
235.0
500.0
500.0
500.0
254.0
500.0
500.0
500.0
500.0
500.0
500.0
500.0
500.0
500.0
500.0
500.0
500.0
500.0
500.0
500.0
500.0
500.0
435.0
500.0
500.0
500.0
500.0
500.0
500.0
500.0
500.0
500.0
500.0
500.0
500.0
443.0
500.0
500.0
500.0
500.0
500.0
500.0
500.0
500.0
500.0
500.0
453.0
362.0
500.0
500.0
500.0
500.0
500.0
500.0
500.0
65.0
500.0
500.0
500.0
500.0
500.0
500.0
500.0
357.0
500.0
500.0
500.0
500.0
500.0
500.0
148.0
500.0
500.0
500.0
500.0
500.0
284.0
500.0
500.0
500.0
500.0
500.0
500.0
500.0
500.0
500.0
500.0
500.0
500.0
500.0
500.0
500.0
500.0
500.0
500.0
500.0
500.0
500.0
500.0
500.0
500.0
500.0
425.0
500.0
500.0
500.0
500.0
500.0
500.0
500.0
500.0
500.0
488.0
500.0
500.0
500.0
178.0
500.0
500.0
500.0
500.0
500.0
500.0
500.0
500.0
500.0
94.0
500.0
500.0
500.0
500.0
500.0
500.0
500.0
500.0
500.0
500.0
500.0
500.0
500.0
500.0
500.0
500.0
206.0
500.0
500.0
500.0
490.0
140.0
500.0
500.0
500.0
500.0
500.0
500.0
500.0
500.0
500.0
500.0
500.0
500.0
500.0
500.0
500.0
500.0
500.0
500.0
216.0
500.0
500.0
500.0
500.0
500.0
500.0
500.0
500.0
500.0
500.0
500.0
500.0
500.0
500.0
500.0
500.0
500.0
500.0
500.0
500.0
500.0
500.0
500.0
500.0
500.0
500.0
500.0
500.0
500.0
500.0
500.0
231.0
500.0
500.0
500.0
500.0
500.0
500.0
500.0
500.0
500.0
500.0
500.0
500.0
500.0
500.0
500.0
500.0
500.0
500.0
500.0
454.0
500.0
500.0
500.0
500.0
500.0
500.0
500.0
500.0
500.0
500.0
500.0
500.0
483.0
500.0
500.0
500.0
500.0
500.0
500.0
500.0
500.0
84.0
500.0
500.0
500.0
500.0
500.0
500.0
500.0
500.0
500.0
500.0
500.0
500.0
500.0
500.0
500.0
500.0
473.0
500.0
495.0
500.0
500.0
500.0
500.0
500.0
500.0
500.0
500.0
500.0
500.0
500.0
500.0
500.0
500.0
500.0
500.0
500.0
500.0
500.0
500.0
500.0
500.0
500.0
500.0
500.0
500.0
500.0
500.0
500.0
500.0
500.0
500.0
500.0
500.0
500.0
500.0
500.0
500.0
500.0
500.0
500.0
500.0
500.0
500.0
500.0
500.0
500.0
322.0
500.0
500.0
500.0
500.0
500.0
500.0
500.0
183.0
500.0
500.0
500.0
500.0
500.0
500.0
500.0
500.0
500.0
500.0
500.0
500.0
500.0
500.0
500.0
376.0
500.0
500.0
408.0
500.0
500.0
500.0
500.0
500.0
500.0
500.0
500.0
500.0
500.0
500.0
500.0
500.0
500.0
500.0
131.0
500.0
386.0
500.0
367.0
500.0
500.0
500.0
500.0
500.0
500.0
500.0
500.0
500.0
500.0
500.0
500.0
500.0
500.0
500.0
500.0
500.0
500.0
500.0
500.0
500.0
500.0
500.0
500.0
500.0
500.0
500.0
500.0
500.0
500.0
500.0
500.0
500.0
500.0
500.0
466.0
500.0
500.0
500.0
500.0
500.0
500.0
500.0
500.0
500.0
500.0
500.0
500.0
500.0
500.0
500.0
432.0
500.0
500.0
500.0
500.0
500.0
500.0
500.0
500.0
500.0
500.0
500.0
500.0
500.0
500.0
500.0
500.0
500.0
500.0
500.0
500.0
500.0
500.0
500.0
500.0
500.0
500.0
500.0
500.0
500.0
500.0
500.0
500.0
500.0
500.0
500.0
500.0
500.0
500.0
500.0
194.0
500.0
500.0
500.0
500.0
500.0
500.0
500.0
500.0
500.0
500.0
500.0
500.0
500.0
500.0
500.0
500.0
500.0
500.0
500.0
500.0
500.0
500.0
500.0
500.0
500.0
500.0
500.0
500.0
500.0
500.0
500.0
500.0
500.0
500.0
500.0
500.0
500.0
467.0
500.0
500.0
500.0
500.0
500.0
500.0
500.0
500.0
475.0
500.0
500.0
500.0
500.0
500.0
500.0
500.0
500.0
500.0
500.0
500.0
500.0
500.0
500.0
500.0
500.0
500.0
500.0
500.0
500.0
500.0
500.0
500.0
500.0
500.0
500.0
146.0
500.0
500.0
500.0
500.0
379.0
500.0
500.0
500.0
500.0
500.0
500.0
500.0
500.0
500.0
500.0
500.0
500.0
500.0
500.0
500.0
500.0
434.0
500.0
500.0
500.0
500.0
500.0
500.0
331.0
500.0
500.0
500.0
500.0
500.0
500.0
500.0
500.0
500.0
500.0
500.0
500.0
500.0
500.0
500.0
500.0
500.0
500.0
500.0
500.0
489.0
500.0
500.0
500.0
500.0
500.0
500.0
500.0
500.0
500.0
479.0
500.0
500.0
500.0
500.0
500.0
500.0
500.0
500.0
500.0
500.0
455.0
500.0
157.0
500.0
500.0
500.0
500.0
500.0
500.0
500.0
500.0
500.0
444.0
497.0
500.0
500.0
500.0
500.0
500.0
500.0
500.0
500.0
500.0
500.0
500.0
500.0
500.0
500.0
500.0
500.0
500.0
500.0
500.0
149.0
500.0
427.0
500.0
500.0
500.0
500.0
500.0
500.0
500.0
500.0
500.0
500.0
500.0
500.0
500.0
500.0
500.0
500.0
500.0
173.0
500.0
500.0
500.0
500.0
500.0
500.0
500.0
500.0
500.0
500.0
500.0
500.0
500.0
500.0
500.0
500.0
500.0
500.0
500.0
500.0
500.0
500.0
500.0
500.0
500.0
500.0
500.0
500.0
500.0
500.0
500.0
500.0
500.0
500.0
500.0
500.0
500.0
500.0
500.0
500.0
500.0
500.0
500.0
500.0
500.0
500.0
500.0
500.0
500.0
500.0
500.0
500.0
500.0
500.0
500.0
500.0
500.0
500.0
500.0
500.0
500.0
500.0
500.0
345.0
500.0
500.0
500.0
500.0
500.0
500.0
500.0
500.0
500.0
500.0
500.0
500.0
500.0
500.0
500.0
500.0
500.0
500.0
500.0
500.0
500.0
500.0
500.0
500.0
500.0
500.0
500.0
500.0
500.0
500.0
500.0
500.0
500.0
500.0
245.0
500.0
500.0
500.0
500.0
500.0
500.0
500.0
500.0
500.0
500.0
332.0
458.0
500.0
500.0
500.0
500.0
500.0
500.0
396.0
500.0
500.0
500.0
500.0
500.0
500.0
500.0
500.0
500.0
500.0
500.0
500.0
500.0
500.0
500.0
500.0
500.0
500.0
150.0
500.0
500.0
500.0
500.0
500.0
500.0
500.0
500.0
500.0
500.0
500.0
500.0
132.0
500.0
500.0
282.0
321.0
494.0
500.0
500.0
500.0
500.0
500.0
500.0
500.0
500.0
499.0
500.0
500.0
500.0
500.0
500.0
500.0
433.0
500.0
500.0
500.0
500.0
254.0
500.0
500.0
500.0
500.0
500.0
500.0
500.0
385.0
500.0
500.0
500.0
500.0
500.0
500.0
500.0
500.0
500.0
500.0
500.0
500.0
500.0
500.0
500.0
500.0
500.0
500.0
500.0
500.0
500.0
500.0
500.0
500.0
500.0
500.0
500.0
500.0
500.0
500.0
500.0
448.0
500.0
500.0
500.0
500.0
500.0
500.0
500.0
500.0
500.0
500.0
500.0
500.0
500.0
500.0
500.0
500.0
500.0
457.0
500.0
500.0
496.0
500.0
500.0
500.0
500.0
500.0
500.0
500.0
500.0
500.0
500.0
500.0
500.0
247.0
292.0
500.0
496.0
500.0
500.0
500.0
500.0
500.0
500.0
500.0
500.0
500.0
386.0
500.0
500.0
500.0
500.0
500.0
500.0
500.0
500.0
500.0
500.0
500.0
500.0
500.0
500.0
500.0
500.0
239.0
500.0
244.0
500.0
500.0
500.0
500.0
500.0
500.0
500.0
500.0
500.0
448.0
500.0
500.0
500.0
500.0
500.0
500.0
500.0
500.0
500.0
500.0
500.0
236.0
482.0
500.0
500.0
500.0
500.0
500.0
500.0
500.0
500.0
500.0
500.0
312.0
500.0
500.0
500.0
500.0
500.0
500.0
500.0
500.0
500.0
500.0
500.0
500.0
500.0
500.0
500.0
500.0
500.0
500.0
500.0
500.0
500.0
500.0
500.0
500.0
500.0
500.0
500.0
500.0
500.0
500.0
500.0
500.0
500.0
500.0
500.0
500.0
500.0
500.0
500.0
500.0
500.0
500.0
500.0
500.0
500.0
500.0
500.0
500.0
500.0
500.0
500.0
500.0
500.0
500.0
500.0
500.0
500.0
500.0
500.0
500.0
500.0
500.0
500.0
500.0
500.0
493.0
500.0
500.0
500.0
500.0
500.0
500.0
500.0
500.0
500.0
500.0
500.0
500.0
500.0
500.0
500.0
500.0
471.0
500.0
500.0
500.0
500.0
500.0
500.0
500.0
500.0
500.0
500.0
500.0
500.0
500.0
500.0
500.0
500.0
500.0
500.0
500.0
500.0
500.0
500.0
500.0
500.0
500.0
500.0
500.0
386.0
500.0
500.0
500.0
500.0
500.0
500.0
500.0
500.0
500.0
500.0
500.0
500.0
500.0
500.0
500.0
500.0
457.0
500.0
500.0
500.0
500.0
500.0
500.0
500.0
500.0
500.0
500.0
500.0
500.0
500.0
500.0
266.0
500.0
500.0
500.0
500.0
500.0
500.0
500.0
500.0
406.0
500.0
500.0
500.0
500.0
500.0
500.0
500.0
500.0
500.0
500.0
500.0
500.0
500.0
500.0
500.0
500.0
370.0
500.0
500.0
500.0
500.0
500.0
500.0
500.0
500.0
500.0
500.0
500.0
500.0
500.0
500.0
500.0
500.0
500.0
500.0
500.0
500.0
500.0
500.0
500.0
500.0
500.0
500.0
500.0
500.0
500.0
500.0
500.0
263.0
336.0
472.0
500.0
500.0
500.0
500.0
500.0
500.0
459.0
500.0
500.0
500.0
500.0
495.0
500.0
500.0
500.0
500.0
500.0
500.0
500.0
500.0
500.0
500.0
500.0
500.0
500.0
500.0
500.0
500.0
500.0
500.0
500.0
500.0
500.0
500.0
500.0
500.0
500.0
500.0
500.0
500.0
500.0
212.0
500.0
500.0
500.0
500.0
500.0
500.0
407.0
500.0
500.0
500.0
500.0
500.0
500.0
407.0
500.0
500.0
500.0
500.0
500.0
500.0
500.0
500.0
500.0
500.0
500.0
500.0
500.0
500.0
500.0
500.0
500.0
500.0
500.0
500.0
500.0
500.0
500.0
500.0
500.0
500.0
500.0
500.0
500.0
500.0
500.0
500.0
500.0
500.0
500.0
500.0
500.0
500.0
500.0
500.0
500.0
500.0
500.0
500.0
500.0
500.0
500.0
500.0
500.0
104.0
500.0
500.0
500.0
500.0
500.0
500.0
500.0
500.0
500.0
500.0
500.0
500.0
500.0
500.0
500.0
500.0
500.0
500.0
500.0
500.0
500.0
500.0
500.0
500.0
500.0
500.0
500.0
500.0
500.0
500.0
500.0
500.0
500.0
500.0
500.0
500.0
500.0
500.0
500.0
500.0
500.0
500.0
500.0
500.0
500.0
500.0
500.0
218.0
500.0
500.0
500.0
340.0
500.0
500.0
430.0
500.0
500.0
500.0
500.0
470.0
500.0
500.0
500.0
500.0
500.0
500.0
500.0
500.0
500.0
500.0
500.0
351.0
500.0
500.0
500.0
500.0
500.0
500.0
500.0
500.0
500.0
500.0
500.0
500.0
500.0
500.0
500.0
500.0
500.0
500.0
500.0
500.0
500.0
500.0
500.0
500.0
500.0
500.0
500.0
460.0
500.0
500.0
500.0
500.0
500.0
500.0
500.0
500.0
498.0
500.0
500.0
500.0
500.0
500.0
500.0
500.0
500.0
500.0
500.0
500.0
500.0
500.0
500.0
500.0
500.0
500.0
500.0
500.0
500.0
500.0
500.0
500.0
500.0
500.0
500.0
500.0
500.0
500.0
500.0
471.0
500.0
500.0
500.0
500.0
500.0
500.0
500.0
500.0
500.0
500.0
500.0
500.0
500.0
500.0
500.0
500.0
500.0
500.0
184.0
500.0
500.0
234.0
500.0
500.0
500.0
500.0
500.0
500.0
500.0
500.0
500.0
500.0
500.0
500.0
500.0
500.0
500.0
500.0
500.0
500.0
500.0
396.0
500.0
500.0
500.0
500.0
500.0
500.0
500.0
500.0
500.0
500.0
500.0
254.0
500.0
260.0
500.0
500.0
500.0
500.0
500.0
500.0
500.0
500.0
193.0
500.0
500.0
500.0
500.0
500.0
202.0
500.0
500.0
500.0
500.0
500.0
500.0
500.0
500.0
500.0
500.0
442.0
500.0
500.0
500.0
500.0
500.0
500.0
500.0
500.0
500.0
500.0
368.0
500.0
500.0
500.0
500.0
486.0
500.0
500.0
500.0
500.0
500.0
500.0
500.0
500.0
500.0
500.0
500.0
500.0
500.0
500.0
500.0
500.0
500.0
500.0
500.0
500.0
500.0
500.0
500.0
500.0
500.0
500.0
500.0
500.0
500.0
500.0
500.0
500.0
500.0
492.0
411.0
500.0
500.0
500.0
500.0
500.0
468.0
500.0
500.0
500.0
500.0
500.0
500.0
500.0
246.0
500.0
500.0
500.0
500.0
500.0
500.0
500.0
500.0
500.0
500.0
500.0
500.0
500.0
500.0
500.0
500.0
500.0
500.0
500.0
500.0
500.0
500.0
500.0
500.0
500.0
500.0
500.0
500.0
500.0
500.0
500.0
500.0
500.0
500.0
500.0
500.0
500.0
500.0
500.0
500.0
500.0
500.0
219.0
500.0
500.0
500.0
500.0
500.0
500.0
500.0
500.0
500.0
500.0
500.0
500.0
500.0
500.0
500.0
500.0
500.0
500.0
500.0
500.0
500.0
500.0
291.0
500.0
500.0
500.0
500.0
500.0
500.0
326.0
500.0
500.0
500.0
426.0
500.0
500.0
500.0
500.0
500.0
500.0
500.0
500.0
492.0
500.0
500.0
500.0
500.0
500.0
500.0
500.0
500.0
500.0
500.0
500.0
500.0
500.0
500.0
500.0
500.0
500.0
500.0
484.0
500.0
500.0
500.0
500.0
500.0
500.0
500.0
500.0
500.0
500.0
500.0
500.0
500.0
500.0
500.0
500.0
500.0
458.0
500.0
500.0
265.0
129.0
322.0
123.0
369.0
106.0
500.0
500.0
302.0
500.0
72.0
117.0
271.0
500.0
500.0
500.0
500.0
500.0
500.0
500.0
500.0
500.0
500.0
500.0
500.0
500.0
500.0
320.0
500.0
500.0
500.0
500.0
500.0
500.0
500.0
500.0
500.0
500.0
500.0
500.0
500.0
500.0
500.0
221.0
500.0
500.0
500.0
500.0
500.0
500.0
500.0
500.0
500.0
500.0
500.0
500.0
500.0
500.0
500.0
500.0
500.0
500.0
500.0
500.0
500.0
500.0
500.0
500.0
500.0
500.0
500.0
500.0
500.0
500.0
314.0
500.0
500.0
500.0
500.0
500.0
500.0
256.0
500.0
500.0
500.0
500.0
500.0
500.0
500.0
500.0
500.0
500.0
500.0
500.0
500.0
500.0
500.0
237.0
500.0
487.0
500.0
500.0
500.0
500.0
220.0
500.0
500.0
485.0
500.0
500.0
500.0
500.0
500.0
500.0
500.0
500.0
500.0
500.0
500.0
500.0
500.0
500.0
500.0
500.0
500.0
500.0
500.0
500.0
500.0
500.0
500.0
500.0
500.0
500.0
500.0
500.0
481.0
500.0
500.0
500.0
500.0
500.0
500.0
500.0
500.0
500.0
500.0
500.0
500.0
500.0
500.0
500.0
500.0
500.0
500.0
500.0
500.0
500.0
500.0
500.0
500.0
500.0
500.0
500.0
500.0
500.0
500.0
500.0
460.0
500.0
500.0
500.0
500.0
500.0
500.0
500.0
500.0
500.0
500.0
500.0
500.0
500.0
500.0
500.0
500.0
500.0
65.0
500.0
500.0
500.0
500.0
500.0
498.0
500.0
500.0
500.0
500.0
500.0
500.0
500.0
500.0
500.0
500.0
500.0
500.0
500.0
500.0
500.0
500.0
500.0
500.0
500.0
500.0
500.0
500.0
500.0
500.0
500.0
500.0
500.0
259.0
500.0
500.0
500.0
500.0
500.0
500.0
239.0
500.0
500.0
500.0
500.0
500.0
500.0
500.0
500.0
500.0
500.0
500.0
500.0
500.0
500.0
500.0
500.0
500.0
500.0
500.0
500.0
500.0
500.0
500.0
500.0
500.0
500.0
500.0
500.0
500.0
500.0
238.0
500.0
500.0
500.0
500.0
500.0
500.0
500.0
500.0
500.0
500.0
500.0
145.0
500.0
500.0
500.0
500.0
500.0
500.0
104.0
500.0
500.0
500.0
500.0
500.0
500.0
500.0
500.0
500.0
500.0
500.0
500.0
500.0
500.0
500.0
500.0
500.0
500.0
500.0
500.0
500.0
500.0
500.0
500.0
500.0
500.0
500.0
500.0
500.0
500.0
500.0
500.0
500.0
500.0
500.0
500.0
500.0
500.0
479.0
500.0
500.0
500.0
431.0
500.0
500.0
500.0
500.0
500.0
500.0
500.0
215.0
500.0
500.0
500.0
500.0
500.0
500.0
500.0
500.0
500.0
500.0
500.0
500.0
500.0
500.0
287.0
500.0
500.0
500.0
500.0
500.0
500.0
500.0
500.0
500.0
500.0
500.0
500.0
500.0
500.0
500.0
500.0
500.0
500.0
500.0
500.0
500.0
500.0
500.0
500.0
500.0
500.0
500.0
500.0
500.0
500.0
500.0
500.0
500.0
500.0
500.0
500.0
420.0
500.0
500.0
500.0
500.0
500.0
500.0
500.0
500.0
270.0
500.0
408.0
500.0
500.0
446.0
500.0
500.0
500.0
500.0
500.0
500.0
500.0
467.0
500.0
500.0
500.0
500.0
500.0
500.0
500.0
500.0
500.0
500.0
500.0
500.0
500.0
500.0
500.0
500.0
500.0
500.0
500.0
500.0
500.0
222.0
500.0
500.0
500.0
500.0
500.0
500.0
500.0
500.0
500.0
500.0
500.0
117.0
500.0
500.0
500.0
446.0
500.0
500.0
500.0
500.0
500.0
500.0
500.0
500.0
500.0
500.0
500.0
500.0
500.0
500.0
500.0
500.0
500.0
500.0
500.0
500.0
163.0
500.0
500.0
500.0
500.0
500.0
500.0
500.0
478.0
500.0
500.0
500.0
500.0
500.0
500.0
500.0
454.0
500.0
468.0
474.0
500.0
500.0
500.0
500.0
500.0
500.0
500.0
500.0
500.0
500.0
500.0
500.0
500.0
500.0
500.0
500.0
500.0
500.0
500.0
500.0
500.0
500.0
500.0
500.0
500.0
312.0
500.0
500.0
500.0
500.0
500.0
500.0
500.0
500.0
500.0
500.0
500.0
500.0
500.0
500.0
500.0
500.0
500.0
500.0
500.0
500.0
500.0
500.0
500.0
500.0
500.0
500.0
500.0
500.0
500.0
500.0
500.0
500.0
500.0
500.0
500.0
500.0
500.0
500.0
500.0
500.0
500.0
500.0
500.0
500.0
500.0
500.0
500.0
500.0
500.0
500.0
500.0
473.0
474.0
500.0
500.0
500.0
500.0
500.0
271.0
500.0
500.0
500.0
500.0
500.0
500.0
500.0
500.0
411.0
500.0
500.0
500.0
500.0
500.0
500.0
500.0
500.0
500.0
500.0
500.0
500.0
500.0
500.0
500.0
500.0
500.0
500.0
491.0
500.0
500.0
500.0
500.0
500.0
500.0
318.0
500.0
500.0
500.0
500.0
500.0
478.0
500.0
500.0
500.0
500.0
500.0
500.0
500.0
500.0
500.0
500.0
500.0
500.0
500.0
500.0
500.0
500.0
500.0
500.0
500.0
500.0
500.0
500.0
500.0
500.0
500.0
500.0
500.0
500.0
500.0
500.0
500.0
500.0
500.0
500.0
500.0
500.0
500.0
500.0
500.0
500.0
500.0
500.0
500.0
500.0
500.0
500.0
500.0
500.0
500.0
500.0
500.0
471.0
500.0
500.0
500.0
500.0
500.0
500.0
500.0
500.0
500.0
500.0
500.0
500.0
500.0
495.0
500.0
500.0
500.0
500.0
500.0
500.0
500.0
500.0
500.0
500.0
500.0
500.0
500.0
500.0
500.0
500.0
500.0
500.0
500.0
500.0
500.0
500.0
500.0
500.0
500.0
500.0
500.0
500.0
500.0
500.0
500.0
500.0
500.0
500.0
500.0
500.0
500.0
483.0
500.0
500.0
500.0
314.0
500.0
500.0
500.0
500.0
500.0
500.0
500.0
500.0
500.0
500.0
500.0
500.0
500.0
500.0
500.0
500.0
500.0
500.0
500.0
500.0
500.0
500.0
500.0
500.0
500.0
500.0
500.0
500.0
500.0
255.0
500.0
285.0
500.0
500.0
500.0
500.0
500.0
500.0
500.0
500.0
500.0
500.0
500.0
466.0
500.0
500.0
500.0
500.0
500.0
500.0
500.0
500.0
500.0
500.0
500.0
500.0
230.0
500.0
500.0
500.0
500.0
500.0
500.0
500.0
500.0
500.0
500.0
500.0
500.0
500.0
500.0
500.0
500.0
500.0
500.0
500.0
500.0
500.0
500.0
500.0
500.0
500.0
500.0
500.0
500.0
500.0
500.0
500.0
500.0
500.0
500.0
500.0
500.0
500.0
500.0
500.0
500.0
500.0
500.0
500.0
500.0
500.0
500.0
500.0
500.0
500.0
500.0
500.0
500.0
500.0
500.0
500.0
500.0
500.0
500.0
500.0
500.0
500.0
500.0
249.0
500.0
500.0
500.0
500.0
500.0
500.0
500.0
500.0
500.0
500.0
500.0
500.0
500.0
500.0
500.0
500.0
500.0
500.0
500.0
500.0
500.0
500.0
500.0
500.0
500.0
500.0
500.0
500.0
500.0
500.0
360.0
500.0
200.0
500.0
500.0
500.0
500.0
500.0
500.0
500.0
500.0
500.0
500.0
500.0
500.0
500.0
500.0
500.0
500.0
500.0
500.0
500.0
500.0
500.0
500.0
500.0
500.0
500.0
500.0
500.0
500.0
500.0
500.0
500.0
500.0
500.0
500.0
500.0
500.0
500.0
500.0
500.0
500.0
500.0
500.0
500.0
500.0
500.0
500.0
500.0
232.0
402.0
216.0
500.0
500.0
500.0
500.0
500.0
500.0
500.0
500.0
500.0
500.0
500.0
500.0
500.0
500.0
500.0
500.0
500.0
500.0
245.0
500.0
500.0
500.0
500.0
500.0
500.0
498.0
500.0
500.0
500.0
500.0
500.0
500.0
500.0
500.0
500.0
500.0
490.0
500.0
500.0
500.0
500.0
500.0
500.0
500.0
500.0
500.0
500.0
500.0
500.0
500.0
500.0
485.0
500.0
500.0
500.0
500.0
500.0
500.0
500.0
500.0
220.0
500.0
500.0
500.0
500.0
500.0
500.0
500.0
500.0
500.0
492.0
500.0
500.0
500.0
500.0
500.0
500.0
500.0
500.0
500.0
500.0
500.0
500.0
500.0
500.0
500.0
500.0
500.0
500.0
500.0
500.0
500.0
500.0
500.0
500.0
500.0
500.0
298.0
500.0
500.0
500.0
500.0
500.0
500.0
448.0
309.0
389.0
500.0
379.0
500.0
500.0
357.0
500.0
500.0
179.0
383.0
325.0
335.0
354.0
387.0
282.0
500.0
500.0
500.0
500.0
500.0
354.0
500.0
500.0
376.0
334.0
500.0
387.0
500.0
391.0
500.0
500.0
500.0
500.0
357.0
500.0
365.0
500.0
500.0
337.0
500.0
340.0
500.0
330.0
500.0
500.0
366.0
450.0
500.0
500.0
373.0
500.0
500.0
407.0
500.0
366.0
284.0
311.0
330.0
398.0
500.0
500.0
500.0
247.0
500.0
500.0
500.0
318.0
393.0
359.0
399.0
500.0
378.0
370.0
400.0
500.0
434.0
316.0
273.0
500.0
500.0
500.0
361.0
478.0
351.0
500.0
441.0
500.0
500.0
500.0
500.0
388.0
391.0
379.0
431.0
300.0
345.0
284.0
500.0
474.0
323.0
500.0
426.0
500.0
355.0
500.0
500.0
353.0
500.0
357.0
428.0
372.0
500.0
500.0
500.0
326.0
500.0
500.0
500.0
500.0
500.0
500.0
500.0
168.0
500.0
500.0
133.0
292.0
500.0
500.0
379.0
500.0
500.0
500.0
398.0
500.0
500.0
352.0
500.0
500.0
208.0
500.0
500.0
500.0
500.0
348.0
233.0
147.0
500.0
500.0
330.0
500.0
500.0
380.0
500.0
500.0
382.0
411.0
500.0
190.0
500.0
378.0
500.0
500.0
500.0
342.0
355.0
120.0
16.0
266.0
29.0
402.0
447.0
500.0
500.0
500.0
500.0
500.0
359.0
500.0
500.0
500.0
355.0
500.0
49.0
500.0
500.0
500.0
500.0
307.0
500.0
15.0
388.0
500.0
500.0
77.0
500.0
336.0
419.0
500.0
444.0
347.0
55.0
19.0
409.0
500.0
327.0
500.0
500.0
49.0
135.0
466.0
500.0
500.0
500.0
359.0
500.0
291.0
500.0
500.0
500.0
326.0
500.0
500.0
500.0
338.0
500.0
500.0
500.0
500.0
500.0
333.0
373.0
333.0
500.0
500.0
318.0
500.0
434.0
422.0
500.0
500.0
500.0
500.0
481.0
500.0
405.0
199.0
500.0
489.0
394.0
500.0
297.0
500.0
382.0
500.0
500.0
500.0
500.0
340.0
336.0
364.0
500.0
500.0
366.0
500.0
500.0
454.0
500.0
273.0
500.0
296.0
500.0
126.0
500.0
481.0
364.0
484.0
500.0
381.0
500.0
500.0
286.0
378.0
476.0
500.0
500.0
500.0
500.0
308.0
500.0
500.0
500.0
500.0
470.0
500.0
450.0
378.0
500.0
500.0
500.0
332.0
500.0
500.0
500.0
500.0
441.0
379.0
500.0
442.0
500.0
275.0
500.0
500.0
500.0
500.0
299.0
342.0
406.0
500.0
363.0
398.0
500.0
500.0
500.0
500.0
500.0
327.0
500.0
500.0
500.0
500.0
500.0
500.0
500.0
175.0
419.0
500.0
477.0
487.0
500.0
365.0
500.0
377.0
353.0
500.0
459.0
327.0
498.0
500.0
189.0
500.0
500.0
487.0
500.0
500.0
500.0
500.0
440.0
500.0
367.0
300.0
500.0
500.0
350.0
500.0
500.0
500.0
500.0
487.0
500.0
438.0
500.0
340.0
500.0
500.0
386.0
272.0
201.0
500.0
500.0
500.0
500.0
253.0
500.0
500.0
479.0
483.0
337.0
500.0
500.0
500.0
500.0
500.0
500.0
500.0
298.0
500.0
500.0
500.0
500.0
301.0
500.0
500.0
500.0
500.0
411.0
500.0
350.0
500.0
349.0
500.0
347.0
500.0
500.0
500.0
500.0
500.0
381.0
327.0
500.0
500.0
500.0
500.0
500.0
500.0
500.0
500.0
500.0
500.0
415.0
336.0
500.0
500.0
500.0
500.0
500.0
241.0
500.0
480.0
267.0
500.0
330.0
500.0
500.0
351.0
105.0
500.0
500.0
500.0
500.0
187.0
500.0
251.0
109.0
230.0
500.0
500.0
500.0
500.0
500.0
500.0
328.0
500.0
500.0
367.0
267.0
500.0
298.0
254.0
500.0
240.0
357.0
422.0
500.0
500.0
500.0
325.0
500.0
500.0
500.0
178.0
500.0
500.0
500.0
401.0
461.0
500.0
205.0
155.0
500.0
500.0
259.0
500.0
152.0
268.0
380.0
500.0
95.0
408.0
398.0
500.0
500.0
48.0
500.0
60.0
70.0
404.0
138.0
500.0
341.0
500.0
233.0
157.0
167.0
500.0
214.0
435.0
500.0
500.0
500.0
500.0
500.0
309.0
500.0
500.0
486.0
500.0
500.0
309.0
180.0
500.0
302.0
500.0
500.0
404.0
500.0
483.0
500.0
428.0
318.0
500.0
500.0
380.0
379.0
500.0
392.0
500.0
500.0
500.0
500.0
500.0
409.0
312.0
319.0
331.0
326.0
500.0
500.0
500.0
500.0
500.0
500.0
340.0
394.0
326.0
500.0
380.0
500.0
500.0
500.0
500.0
500.0
500.0
500.0
360.0
490.0
327.0
500.0
452.0
500.0
500.0
500.0
500.0
330.0
500.0
500.0
500.0
500.0
500.0
500.0
500.0
500.0
325.0
306.0
283.0
500.0
424.0
320.0
500.0
368.0
348.0
500.0
500.0
500.0
500.0
365.0
500.0
500.0
500.0
317.0
500.0
500.0
417.0
451.0
500.0
378.0
186.0
372.0
353.0
500.0
500.0
187.0
500.0
500.0
500.0
500.0
411.0
500.0
500.0
500.0
500.0
500.0
333.0
500.0
500.0
500.0
380.0
500.0
499.0
500.0
500.0
500.0
352.0
500.0
500.0
500.0
380.0
408.0
386.0
393.0
500.0
190.0
321.0
365.0
329.0
443.0
500.0
497.0
500.0
500.0
500.0
500.0
362.0
500.0
326.0
380.0
377.0
500.0
394.0
426.0
500.0
500.0
500.0
414.0
500.0
405.0
500.0
500.0
155.0
500.0
500.0
386.0
500.0
500.0
500.0
500.0
253.0
500.0
500.0
500.0
394.0
341.0
500.0
500.0
326.0
500.0
500.0
500.0
500.0
317.0
500.0
375.0
500.0
500.0
324.0
319.0
475.0
500.0
500.0
500.0
500.0
500.0
500.0
500.0
500.0
500.0
500.0
312.0
500.0
297.0
500.0
500.0
500.0
500.0
500.0
500.0
500.0
500.0
500.0
500.0
500.0
500.0
500.0
500.0
435.0
386.0
328.0
329.0
500.0
500.0
500.0
372.0
500.0
311.0
500.0
185.0
464.0
500.0
330.0
500.0
500.0
226.0
500.0
500.0
500.0
335.0
500.0
500.0
500.0
385.0
500.0
500.0
318.0
500.0
500.0
500.0
500.0
500.0
500.0
500.0
500.0
317.0
450.0
500.0
500.0
309.0
500.0
500.0
398.0
315.0
500.0
500.0
500.0
500.0
500.0
500.0
442.0
308.0
500.0
404.0
472.0
500.0
500.0
500.0
500.0
500.0
500.0
477.0
500.0
500.0
372.0
500.0
500.0
500.0
500.0
500.0
247.0
500.0
153.0
500.0
500.0
394.0
500.0
500.0
500.0
500.0
500.0
361.0
500.0
380.0
500.0
500.0
500.0
266.0
500.0
500.0
500.0
500.0
500.0
500.0
500.0
500.0
384.0
500.0
405.0
500.0
367.0
500.0
500.0
500.0
500.0
355.0
500.0
500.0
406.0
378.0
311.0
395.0
500.0
500.0
500.0
500.0
500.0
500.0
500.0
500.0
500.0
500.0
500.0
500.0
500.0
500.0
500.0
500.0
500.0
500.0
500.0
280.0
500.0
338.0
500.0
282.0
333.0
500.0
500.0
343.0
234.0
500.0
500.0
500.0
500.0
350.0
500.0
500.0
500.0
500.0
500.0
385.0
500.0
500.0
500.0
500.0
372.0
348.0
305.0
500.0
379.0
500.0
500.0
500.0
500.0
346.0
500.0
219.0
500.0
280.0
500.0
477.0
500.0
500.0
500.0
306.0
500.0
324.0
500.0
500.0
328.0
500.0
500.0
314.0
500.0
500.0
500.0
204.0
500.0
427.0
285.0
344.0
500.0
319.0
500.0
500.0
500.0
500.0
500.0
317.0
500.0
377.0
500.0
241.0
500.0
500.0
500.0
500.0
500.0
500.0
500.0
500.0
325.0
500.0
500.0
500.0
500.0
500.0
500.0
370.0
500.0
500.0
500.0
500.0
500.0
402.0
364.0
374.0
500.0
330.0
500.0
500.0
500.0
500.0
500.0
500.0
500.0
500.0
500.0
500.0
500.0
500.0
373.0
500.0
500.0
500.0
312.0
500.0
500.0
500.0
500.0
500.0
500.0
500.0
324.0
500.0
500.0
500.0
500.0
500.0
500.0
241.0
291.0
500.0
500.0
500.0
500.0
500.0
500.0
292.0
500.0
500.0
500.0
500.0
500.0
500.0
500.0
354.0
500.0
500.0
320.0
500.0
500.0
500.0
365.0
500.0
399.0
500.0
500.0
391.0
500.0
500.0
500.0
500.0
349.0
500.0
500.0
500.0
328.0
180.0
500.0
500.0
314.0
430.0
500.0
500.0
485.0
385.0
500.0
500.0
375.0
309.0
500.0
202.0
278.0
199.0
229.0
500.0
181.0
197.0
500.0
136.0
500.0
321.0
500.0
138.0
115.0
324.0
183.0
241.0
93.0
500.0
500.0
407.0
500.0
405.0
500.0
500.0
500.0
500.0
500.0
303.0
500.0
500.0
500.0
432.0
410.0
500.0
500.0
500.0
500.0
500.0
372.0
500.0
500.0
500.0
500.0
500.0
500.0
376.0
368.0
335.0
449.0
340.0
326.0
500.0
500.0
500.0
500.0
500.0
500.0
500.0
500.0
401.0
500.0
500.0
500.0
500.0
494.0
500.0
500.0
396.0
500.0
500.0
374.0
388.0
500.0
500.0
330.0
372.0
500.0
304.0
500.0
500.0
336.0
340.0
500.0
319.0
500.0
500.0
500.0
500.0
500.0
489.0
260.0
500.0
402.0
500.0
500.0
312.0
500.0
500.0
500.0
500.0
500.0
308.0
416.0
500.0
500.0
500.0
347.0
500.0
459.0
500.0
392.0
500.0
364.0
500.0
500.0
317.0
270.0
421.0
500.0
466.0
289.0
500.0
500.0
500.0
500.0
500.0
369.0
500.0
329.0
500.0
500.0
500.0
500.0
500.0
500.0
500.0
500.0
500.0
500.0
500.0
500.0
500.0
500.0
382.0
398.0
500.0
500.0
500.0
322.0
413.0
308.0
500.0
275.0
311.0
353.0
500.0
324.0
452.0
406.0
500.0
500.0
438.0
500.0
500.0
245.0
500.0
404.0
500.0
500.0
500.0
327.0
500.0
500.0
500.0
356.0
328.0
500.0
500.0
500.0
368.0
458.0
500.0
353.0
322.0
356.0
500.0
500.0
500.0
500.0
500.0
500.0
422.0
500.0
500.0
500.0
409.0
500.0
500.0
500.0
436.0
301.0
500.0
322.0
500.0
500.0
334.0
337.0
500.0
500.0
500.0
394.0
500.0
500.0
500.0
298.0
500.0
374.0
500.0
500.0
275.0
449.0
500.0
500.0
297.0
331.0
500.0
379.0
500.0
500.0
295.0
500.0
500.0
500.0
383.0
500.0
500.0
500.0
500.0
500.0
244.0
500.0
500.0
358.0
500.0
500.0
500.0
500.0
500.0
307.0
500.0
410.0
500.0
500.0
390.0
346.0
442.0
356.0
500.0
263.0
480.0
500.0
500.0
500.0
500.0
500.0
500.0
388.0
308.0
500.0
500.0
500.0
500.0
500.0
315.0
500.0
500.0
500.0
500.0
150.0
500.0
500.0
500.0
455.0
447.0
452.0
500.0
500.0
500.0
500.0
310.0
445.0
500.0
386.0
500.0
500.0
500.0
500.0
500.0
500.0
417.0
500.0
500.0
335.0
500.0
500.0
361.0
361.0
500.0
500.0
500.0
500.0
500.0
500.0
500.0
500.0
460.0
500.0
500.0
456.0
500.0
488.0
500.0
500.0
500.0
500.0
289.0
347.0
280.0
500.0
135.0
291.0
208.0
500.0
500.0
500.0
311.0
318.0
500.0
500.0
500.0
316.0
434.0
500.0
500.0
500.0
500.0
500.0
135.0
500.0
348.0
500.0
500.0
500.0
500.0
500.0
496.0
500.0
500.0
353.0
500.0
370.0
500.0
500.0
215.0
500.0
412.0
482.0
419.0
312.0
500.0
377.0
279.0
302.0
500.0
396.0
500.0
500.0
349.0
402.0
500.0
392.0
500.0
500.0
442.0
500.0
305.0
438.0
431.0
500.0
500.0
500.0
500.0
500.0
416.0
363.0
500.0
351.0
500.0
389.0
500.0
378.0
500.0
344.0
288.0
144.0
482.0
262.0
160.0
500.0
164.0
500.0
215.0
252.0
500.0
129.0
336.0
240.0
359.0
195.0
123.0
93.0
500.0
249.0
195.0
220.0
500.0
500.0
253.0
120.0
500.0
186.0
500.0
199.0
500.0
95.0
234.0
164.0
500.0
316.0
257.0
171.0
84.0
236.0
68.0
149.0
500.0
500.0
204.0
211.0
500.0
125.0
452.0
57.0
209.0
209.0
271.0
500.0
196.0
91.0
232.0
323.0
500.0
500.0
500.0
500.0
350.0
258.0
67.0
159.0
500.0
277.0
198.0
272.0
199.0
215.0
195.0
332.0
448.0
216.0
254.0
500.0
265.0
500.0
280.0
128.0
210.0
206.0
308.0
305.0
132.0
500.0
177.0
132.0
268.0
299.0
171.0
268.0
500.0
500.0
138.0
292.0
197.0
265.0
113.0
500.0
487.0
216.0
262.0
500.0
201.0
193.0
373.0
500.0
500.0
293.0
500.0
197.0
178.0
428.0
208.0
304.0
500.0
71.0
500.0
500.0
197.0
144.0
138.0
486.0
126.0
141.0
203.0
181.0
233.0
201.0
500.0
202.0
106.0
338.0
229.0
253.0
413.0
196.0
455.0
240.0
244.0
500.0
274.0
330.0
358.0
134.0
176.0
178.0
500.0
500.0
215.0
239.0
210.0
133.0
500.0
500.0
264.0
380.0
408.0
184.0
208.0
312.0
241.0
169.0
122.0
215.0
182.0
225.0
245.0
218.0
170.0
134.0
189.0
238.0
500.0
144.0
232.0
133.0
327.0
197.0
500.0
173.0
224.0
248.0
255.0
500.0
241.0
452.0
253.0
52.0
354.0
268.0
345.0
211.0
167.0
500.0
478.0
402.0
445.0
322.0
500.0
166.0
201.0
500.0
498.0
234.0
398.0
321.0
455.0
500.0
278.0
401.0
151.0
182.0
212.0
499.0
311.0
500.0
376.0
210.0
386.0
348.0
172.0
196.0
428.0
338.0
191.0
443.0
399.0
500.0
306.0
255.0
460.0
286.0
169.0
500.0
318.0
312.0
53.0
299.0
500.0
241.0
500.0
347.0
246.0
194.0
500.0
131.0
250.0
277.0
500.0
500.0
414.0
219.0
500.0
481.0
500.0
500.0
291.0
224.0
220.0
403.0
500.0
111.0
313.0
500.0
330.0
429.0
340.0
261.0
294.0
331.0
500.0
180.0
314.0
303.0
466.0
193.0
282.0
360.0
222.0
405.0
128.0
182.0
435.0
306.0
203.0
316.0
145.0
170.0
500.0
103.0
187.0
215.0
128.0
152.0
192.0
253.0
500.0
500.0
312.0
500.0
500.0
344.0
163.0
150.0
300.0
490.0
341.0
209.0
409.0
342.0
291.0
492.0
301.0
415.0
500.0
460.0
495.0
365.0
122.0
275.0
397.0
327.0