8.0
9.0
8.0
8.0
9.0
9.0
11.0
10.0
11.0
11.0
11.0
11.0
9.0
10.0
9.0
11.0
9.0
10.0
11.0
9.0
9.0
12.0
11.0
10.0
12.0
14.0
14.0
10.0
14.0
13.0
10.0
15.0
14.0
10.0
15.0
17.0
18.0
17.0
22.0
20.0
21.0
26.0
20.0
21.0
39.0
32.0
33.0
36.0
37.0
37.0
31.0
31.0
32.0
42.0
32.0
34.0
43.0
34.0
23.0
38.0
24.0
33.0
30.0
34.0
20.0
25.0
44.0
35.0
35.0
70.0
36.0
35.0
30.0
20.0
101.0
35.0
32.0
54.0
21.0
26.0
166.0
37.0
30.0
37.0
24.0
75.0
144.0
238.0
48.0
32.0
81.0
40.0
192.0
50.0
133.0
45.0
38.0
52.0
145.0
48.0
141.0
44.0
178.0
50.0
40.0
44.0
500.0
500.0
475.0
132.0
487.0
52.0
56.0
51.0
457.0
65.0
66.0
119.0
169.0
133.0
213.0
82.0
500.0
457.0
117.0
95.0
91.0
186.0
73.0
387.0
139.0
120.0
244.0
130.0
65.0
76.0
169.0
126.0
89.0
181.0
38.0
141.0
265.0
116.0
69.0
183.0
105.0
125.0
61.0
111.0
90.0
141.0
143.0
95.0
118.0
123.0
79.0
147.0
104.0
56.0
48.0
146.0
69.0
57.0
61.0
219.0
195.0
54.0
76.0
207.0
74.0
72.0
56.0
177.0
91.0
74.0
77.0
130.0
55.0
133.0
54.0
500.0
281.0
364.0
237.0
144.0
150.0
236.0
67.0
147.0
246.0
150.0
182.0
329.0
281.0
164.0
381.0
55.0
283.0
61.0
243.0
166.0
382.0
246.0
259.0
291.0
246.0
389.0
111.0
275.0
277.0
323.0
326.0
278.0
290.0
447.0
289.0
340.0
286.0
226.0
445.0
265.0
246.0
282.0
203.0
277.0
500.0
215.0
261.0
343.0
500.0
314.0
389.0
500.0
243.0
377.0
426.0
347.0
217.0
437.0
267.0
330.0
262.0
478.0
263.0
478.0
429.0
306.0
466.0
265.0
378.0
312.0
500.0
316.0
450.0
334.0
270.0
232.0
433.0
286.0
463.0
392.0
406.0
241.0
313.0
244.0
415.0
414.0
330.0
410.0
121.0
348.0
436.0
340.0
406.0
465.0
251.0
500.0
414.0
315.0
441.0
454.0
322.0
267.0
302.0
344.0
183.0
366.0
318.0
237.0
273.0
460.0
255.0
482.0
326.0
338.0
416.0
451.0
438.0
356.0
360.0
441.0
444.0
500.0
433.0
457.0
372.0
168.0
80.0
146.0
112.0
184.0
76.0
222.0
88.0
200.0
228.0
162.0
92.0
59.0
196.0
250.0
488.0
84.0
320.0
500.0
433.0
500.0
321.0
341.0
487.0
500.0
422.0
300.0
500.0
158.0
449.0
500.0
325.0
237.0
500.0
461.0
271.0
201.0
500.0
210.0
194.0
172.0
431.0
278.0
191.0
159.0
79.0
438.0
402.0
426.0
187.0
500.0
161.0
420.0
149.0
500.0
398.0
243.0
97.0
484.0
500.0
272.0
131.0
249.0
153.0
135.0
411.0
481.0
373.0
153.0
320.0
180.0
157.0
115.0
451.0
181.0
205.0
492.0
500.0
123.0
183.0
390.0
483.0
500.0
299.0
91.0
205.0
185.0
500.0
487.0
210.0
309.0
500.0
158.0
389.0
439.0
487.0
177.0
193.0
189.0
144.0
500.0
225.0
435.0
326.0
162.0
413.0
141.0
285.0
211.0
500.0
138.0
96.0
199.0
347.0
117.0
336.0
414.0
485.0
125.0
233.0
222.0
500.0
395.0
283.0
154.0
236.0
265.0
252.0
277.0
356.0
265.0
235.0
296.0
265.0
155.0
500.0
331.0
289.0
500.0
120.0
285.0
223.0
145.0
155.0
203.0
189.0
500.0
423.0
219.0
274.0
226.0
288.0
247.0
278.0
226.0
293.0
229.0
183.0
264.0
183.0
290.0
500.0
225.0
351.0
250.0
500.0
418.0
163.0
304.0
500.0
192.0
188.0
332.0
500.0
103.0
183.0
363.0
192.0
500.0
500.0
233.0
500.0
346.0
124.0
280.0
191.0
500.0
500.0
338.0
235.0
235.0
295.0
172.0
156.0
389.0
321.0
272.0
224.0
147.0
254.0
175.0
500.0
241.0
304.0
198.0
291.0
500.0
176.0
213.0
181.0
312.0
165.0
267.0
234.0
130.0
203.0
168.0
500.0
248.0
338.0
178.0
500.0
316.0
500.0
252.0
247.0
500.0
179.0
313.0
259.0
224.0
233.0
346.0
222.0
359.0
234.0
215.0
203.0
97.0
237.0
370.0
183.0
190.0
217.0
170.0
230.0
174.0
286.0
266.0
217.0
357.0
371.0
500.0
242.0
500.0
174.0
175.0
500.0
268.0
103.0
277.0
300.0
154.0
180.0
224.0
110.0
500.0
260.0
112.0
339.0
253.0
253.0
229.0
201.0
187.0
500.0
257.0
263.0
285.0
145.0
286.0
280.0
158.0
131.0
500.0
106.0
191.0
152.0
184.0
164.0
210.0
196.0
247.0
373.0
500.0
500.0
166.0
253.0
232.0
370.0
500.0
500.0
414.0
500.0
500.0
464.0
298.0
500.0
267.0
224.0
500.0
268.0
164.0
326.0
500.0
207.0
395.0
200.0
203.0
500.0
143.0
196.0
324.0
296.0
500.0
500.0
500.0
252.0
117.0
261.0
500.0
349.0
137.0
270.0
119.0
197.0
283.0
158.0
243.0
165.0
500.0
274.0
145.0
159.0
339.0
322.0
244.0
381.0
137.0
326.0
199.0
241.0
221.0
276.0
203.0
190.0
300.0
500.0
146.0
303.0
180.0
500.0
500.0
405.0
223.0
201.0
146.0
175.0
200.0
500.0
500.0
330.0
222.0
183.0
500.0
500.0
500.0
136.0
142.0
500.0
135.0
500.0
500.0
369.0
216.0
500.0
164.0
500.0
500.0
272.0
274.0
228.0
180.0
216.0
159.0
120.0
153.0
121.0
282.0
500.0
500.0
258.0
500.0
167.0
212.0
500.0
272.0
500.0
252.0
500.0
163.0
207.0
231.0
425.0
174.0
369.0
171.0
228.0
237.0
218.0
240.0
233.0
500.0
500.0
500.0
203.0
104.0
271.0
166.0
500.0
500.0
119.0
92.0
215.0
209.0
146.0
265.0
207.0
279.0
138.0
291.0
216.0
147.0
500.0
281.0
165.0
500.0
249.0
500.0
227.0
187.0
166.0
112.0
254.0
355.0
257.0
500.0
500.0
179.0
173.0
500.0
138.0
303.0
130.0
184.0
245.0
112.0
271.0
170.0
500.0
231.0
131.0
183.0
236.0
212.0
114.0
158.0
500.0
113.0
141.0
217.0
89.0
191.0
164.0
500.0
141.0
198.0
123.0
500.0
234.0
109.0
219.0
500.0
62.0
500.0
211.0
80.0
166.0
87.0
170.0
161.0
398.0
500.0
307.0
114.0
500.0
500.0
106.0
170.0
257.0
184.0
500.0
94.0
178.0
113.0
400.0
75.0
133.0
483.0
379.0
144.0
238.0
225.0
82.0
194.0
156.0
500.0
76.0
113.0
80.0
400.0
88.0
92.0
122.0
112.0
121.0
157.0
167.0
163.0
153.0
121.0
190.0
500.0
234.0
86.0
49.0
187.0
189.0
349.0
500.0
129.0
183.0
84.0
132.0
216.0
220.0
500.0
127.0
168.0
120.0
199.0
22.0
138.0
219.0
500.0
271.0
25.0
279.0
164.0
36.0
279.0
123.0
102.0
89.0
292.0
69.0
41.0
169.0
33.0
129.0
65.0
111.0
152.0
29.0
144.0
31.0
38.0
135.0
34.0
120.0
36.0
131.0
128.0
145.0
301.0
72.0
155.0
127.0
28.0
28.0
41.0
38.0
94.0
15.0
38.0
35.0
19.0
16.0
19.0
25.0
18.0
11.0
109.0
68.0
46.0
11.0
18.0
130.0
36.0
58.0
72.0
164.0
51.0
24.0
22.0
147.0
111.0
194.0
37.0
20.0
31.0
40.0
16.0
146.0
205.0
14.0
32.0
197.0
179.0
160.0
27.0
56.0
35.0
36.0
370.0
11.0
109.0
190.0
11.0
11.0
9.0
89.0
50.0
13.0
167.0
14.0
11.0
42.0
31.0
200.0
443.0
190.0
263.0
102.0
500.0
104.0
208.0
95.0
295.0
500.0
500.0
500.0
500.0
500.0
57.0
500.0
39.0
500.0
500.0
500.0
99.0
500.0
154.0
500.0
190.0
500.0
230.0
500.0
500.0
500.0
500.0
78.0
500.0
238.0
208.0
473.0
500.0
500.0
35.0
500.0
500.0
500.0
500.0
500.0
60.0
500.0
90.0
500.0
166.0
203.0
500.0
131.0
147.0
214.0
500.0
222.0
464.0
207.0
500.0
500.0
214.0
37.0
495.0
500.0
492.0
500.0
500.0
500.0
500.0
500.0
500.0
500.0
500.0
58.0
500.0
500.0
500.0
500.0
500.0
500.0
500.0
138.0
236.0
305.0
500.0
500.0
500.0
500.0
500.0
500.0
500.0
500.0
468.0
500.0
500.0
59.0
500.0
500.0
500.0
500.0
500.0
500.0
77.0
359.0
500.0
500.0
500.0
500.0
500.0
474.0
500.0
72.0
500.0
499.0
500.0
500.0
500.0
500.0
500.0
500.0
500.0
500.0
500.0
500.0
500.0
500.0
500.0
500.0
500.0
500.0
500.0
433.0
500.0
485.0
500.0
500.0
500.0
221.0
500.0
500.0
435.0
500.0
468.0
350.0
500.0
500.0
500.0
500.0
500.0
500.0
500.0
97.0
500.0
500.0
500.0
500.0
500.0
500.0
289.0
500.0
500.0
500.0
500.0
496.0
500.0
94.0
473.0
475.0
500.0
411.0
500.0
500.0
300.0
500.0
462.0
500.0
83.0
500.0
500.0
500.0
500.0
500.0
500.0
500.0
97.0
145.0
387.0
496.0
472.0
330.0
500.0
296.0
38.0
84.0
170.0
500.0
212.0
130.0
500.0
500.0
38.0
500.0
435.0
500.0
315.0
309.0
437.0
333.0
51.0
500.0
273.0
500.0
398.0
500.0
500.0
74.0
452.0
500.0
500.0
36.0
375.0
500.0
500.0
59.0
500.0
154.0
500.0
500.0
205.0
500.0
500.0
500.0
54.0
32.0
453.0
162.0
62.0
500.0
500.0
500.0
131.0
500.0
333.0
500.0
108.0
500.0
500.0
394.0
500.0
372.0
500.0
43.0
191.0
386.0
44.0
26.0
110.0
35.0
65.0
30.0
50.0
40.0
37.0
100.0
95.0
52.0
34.0
221.0
137.0
36.0
90.0
74.0
68.0
169.0
28.0
53.0
50.0
205.0
132.0
62.0
186.0
109.0
41.0
112.0
396.0
91.0
200.0
122.0
471.0
500.0
91.0
50.0
350.0
67.0
201.0
500.0
48.0
115.0
329.0
61.0
291.0
138.0
98.0
62.0
200.0
47.0
391.0
237.0
500.0
500.0
379.0
244.0
336.0
99.0
65.0
500.0
349.0
89.0
54.0
51.0
60.0
298.0
63.0
200.0
72.0
201.0
238.0
144.0
500.0
311.0
362.0
368.0
50.0
239.0
49.0
326.0
109.0
117.0
200.0
179.0
339.0
214.0
355.0
288.0
289.0
414.0
76.0
390.0
165.0
500.0
342.0
169.0
360.0
360.0
399.0
383.0
500.0
478.0
216.0
500.0
208.0
272.0
301.0
372.0
55.0
187.0
416.0
216.0
500.0
500.0
459.0
156.0
423.0
500.0
247.0
309.0
165.0
214.0
194.0
467.0
500.0
244.0
148.0
369.0
500.0
430.0
500.0
347.0
440.0
227.0
202.0
477.0
353.0
268.0
439.0
226.0
280.0
286.0
276.0
335.0
294.0
215.0
46.0
97.0
218.0
314.0
92.0
285.0
309.0
330.0
59.0
10.0
138.0
57.0
50.0
46.0
153.0
11.0
500.0
90.0
124.0
63.0
258.0
500.0
287.0
286.0
500.0
352.0
211.0
250.0
217.0
357.0
445.0
304.0
213.0
180.0
332.0
71.0
199.0
272.0
316.0
81.0
122.0
500.0
158.0
157.0
424.0
114.0
275.0
434.0
39.0
500.0
237.0
500.0
407.0
386.0
278.0
184.0
292.0
282.0
292.0
500.0
417.0
317.0
48.0
221.0
468.0
212.0
48.0
190.0
15.0
151.0
147.0
138.0
262.0
117.0
222.0
396.0
227.0
257.0
316.0
196.0
225.0
292.0
252.0
112.0
424.0
213.0
166.0
294.0
217.0
235.0
218.0
480.0
326.0
444.0
430.0
500.0
500.0
100.0
329.0
340.0
284.0
147.0
500.0
179.0
111.0
141.0
114.0
271.0
414.0
144.0
500.0
473.0
162.0
130.0
459.0
114.0
90.0
218.0
161.0
111.0
418.0
110.0
500.0
484.0
144.0
217.0
181.0
309.0
323.0
499.0
420.0
138.0
300.0
105.0
143.0
96.0
134.0
61.0
124.0
500.0
199.0
341.0
312.0
426.0
76.0
114.0
310.0
84.0
255.0
98.0
110.0
177.0
318.0
500.0
126.0
100.0
305.0
284.0
448.0
327.0
178.0
458.0
270.0
103.0
115.0
347.0
354.0
135.0
143.0
500.0
352.0
117.0
335.0
238.0
109.0
100.0
146.0
500.0
170.0
149.0
183.0
500.0
500.0
94.0
100.0
345.0
367.0
500.0
455.0
267.0
196.0
293.0
309.0
145.0
461.0
274.0
500.0
242.0
208.0
415.0
273.0
53.0
84.0
109.0
226.0
30.0
313.0
42.0
333.0
337.0
112.0
155.0
233.0
342.0
194.0
162.0
500.0
439.0
404.0
167.0
286.0
237.0
128.0
390.0
256.0
286.0
500.0
362.0
275.0
320.0
426.0
500.0
227.0
278.0
301.0
425.0
355.0
392.0
274.0
246.0
234.0
246.0
100.0
94.0
198.0
195.0
236.0
156.0
151.0
234.0
136.0
500.0
80.0
154.0
137.0
282.0
330.0
112.0
164.0
277.0
255.0
276.0
500.0
500.0
325.0
254.0
158.0
82.0
188.0
163.0
500.0
177.0
304.0
126.0
208.0
183.0
337.0
264.0
186.0
104.0
500.0
500.0
126.0
331.0
500.0
225.0
172.0
130.0
115.0
278.0
190.0
118.0
450.0
436.0
451.0
136.0
284.0
262.0
222.0
205.0
264.0
238.0
431.0
280.0
322.0
137.0
366.0
27.0
220.0
159.0
362.0
153.0
247.0
147.0
343.0
278.0
117.0
238.0
306.0
277.0
255.0
269.0
193.0
195.0
301.0
226.0
484.0
230.0
167.0
118.0
352.0
88.0
200.0
126.0
194.0
228.0
141.0
179.0
244.0
153.0
310.0
229.0
127.0
244.0
169.0
88.0
145.0
87.0
76.0
109.0
207.0
354.0
181.0
197.0
128.0
156.0
270.0
180.0
84.0
157.0
101.0
130.0
151.0
233.0
57.0
198.0
146.0
122.0
66.0
165.0
52.0
178.0
104.0
190.0
78.0
101.0
94.0
55.0
87.0
90.0
225.0
85.0
195.0
142.0
102.0
178.0
220.0
104.0
111.0
136.0
114.0
122.0
138.0
143.0
158.0
84.0
84.0
35.0
156.0
156.0
150.0
162.0
129.0
82.0
190.0
256.0
138.0
211.0
104.0
115.0
146.0
164.0
164.0
191.0
73.0
146.0
129.0
158.0
62.0
127.0
104.0
39.0
166.0
34.0
131.0
196.0
115.0
139.0
78.0
61.0
94.0
139.0
111.0
74.0
112.0
117.0
87.0
98.0
71.0
156.0
74.0
95.0
53.0
146.0
191.0
126.0
204.0
162.0
138.0
235.0
162.0
186.0
105.0
170.0
286.0
344.0
93.0
91.0
124.0
251.0
170.0
286.0
124.0
201.0
224.0
204.0
257.0
192.0
198.0
196.0
212.0
197.0
218.0
264.0
203.0
179.0
189.0
341.0
215.0
442.0
209.0
287.0
115.0
251.0
144.0
235.0
83.0
85.0
142.0
192.0
108.0
222.0
101.0
227.0
248.0
50.0
224.0
125.0
15.0
222.0
287.0
413.0
254.0
201.0
271.0
203.0
221.0
127.0
124.0
45.0
106.0
122.0
120.0
113.0
166.0
181.0
231.0
225.0
13.0
123.0
139.0
126.0
167.0
190.0
180.0
165.0
130.0
124.0
262.0
139.0
204.0
236.0
148.0
216.0
224.0
149.0
187.0
242.0
247.0
177.0
236.0
500.0
130.0
227.0
188.0
130.0
204.0
209.0
155.0
268.0
73.0
233.0
119.0
152.0
122.0
219.0
226.0
61.0
143.0
23.0
290.0
123.0
263.0
120.0
283.0
198.0
220.0
83.0
151.0
260.0
215.0
220.0
157.0
167.0
250.0
151.0
259.0
66.0
119.0
201.0
172.0
269.0
247.0
249.0
115.0
248.0
189.0
276.0
190.0
170.0
160.0
184.0
169.0
191.0
500.0
232.0
203.0
260.0
383.0
183.0
496.0
250.0
195.0
191.0
221.0
242.0
147.0
299.0
173.0
82.0
166.0
222.0
196.0
173.0
218.0
88.0
119.0
263.0
207.0
181.0
218.0
500.0
500.0
206.0
271.0
299.0
228.0
247.0
477.0
500.0
124.0
226.0
282.0
500.0
216.0
113.0
113.0
427.0
352.0
197.0
151.0
282.0
500.0
352.0
193.0
282.0
326.0
500.0
272.0
182.0
188.0
247.0
248.0
181.0
245.0
358.0
229.0
274.0
390.0
216.0
500.0
162.0
298.0
346.0
496.0
342.0
257.0
475.0
182.0
245.0
247.0
246.0
208.0
167.0
277.0
228.0
500.0
181.0
196.0
179.0
280.0
500.0
357.0
160.0
500.0
310.0
302.0
271.0
500.0
487.0
190.0
244.0
189.0
194.0
500.0
196.0
352.0
200.0
279.0
283.0
240.0
194.0
96.0
339.0
224.0
190.0
304.0
154.0
395.0
166.0
94.0
182.0
453.0
474.0
227.0
172.0
146.0
293.0
139.0
272.0
172.0
435.0
149.0
169.0
192.0
115.0
91.0
112.0
155.0
500.0
500.0
165.0
155.0
178.0
183.0
500.0
500.0
500.0
295.0
247.0
279.0
125.0
176.0
129.0
146.0
212.0
172.0
108.0
141.0
158.0
183.0
62.0
234.0
500.0
212.0
140.0
132.0
98.0
458.0
71.0
188.0
473.0
450.0
146.0
153.0
199.0
21.0
269.0
150.0
500.0
133.0
500.0
79.0
223.0
292.0
300.0
500.0
190.0
500.0
405.0
500.0
93.0
415.0
367.0
280.0
132.0
458.0
467.0
380.0
82.0
104.0
119.0
136.0
452.0
500.0
87.0
118.0
168.0
458.0
220.0
134.0
232.0
324.0
233.0
220.0
66.0
150.0
267.0
87.0
134.0
142.0
128.0
222.0
500.0
500.0
398.0
300.0
409.0
500.0
500.0
119.0
264.0
500.0
131.0
491.0
56.0
500.0
312.0
361.0
500.0
138.0
500.0
114.0
500.0
330.0
358.0
500.0
500.0
86.0
500.0
130.0
236.0
376.0
407.0
350.0
194.0
229.0
236.0
392.0
500.0
126.0
194.0
173.0
279.0
275.0
163.0
230.0
317.0
154.0
166.0
500.0
157.0
160.0
108.0
331.0
500.0
500.0
118.0
245.0
150.0
199.0
189.0
263.0
347.0
500.0
78.0
235.0
500.0
500.0
500.0
360.0
128.0
404.0
214.0
289.0
500.0
264.0
202.0
121.0
500.0
294.0
500.0
119.0
341.0
311.0
175.0
264.0
500.0
175.0
500.0
73.0
483.0
200.0
441.0
201.0
363.0
182.0
245.0
500.0
416.0
420.0
500.0
137.0
287.0
246.0
171.0
161.0
178.0
51.0
500.0
500.0
221.0
163.0
179.0
349.0
89.0
446.0
287.0
123.0
431.0
384.0
463.0
500.0
104.0
500.0
133.0
206.0
71.0
216.0
157.0
220.0
150.0
455.0
500.0
378.0
165.0
136.0
73.0
289.0
236.0
178.0
126.0
199.0
500.0
185.0
266.0
249.0
204.0
290.0
139.0
119.0
269.0
225.0
365.0
73.0
135.0
105.0
152.0
474.0
474.0
500.0
217.0
500.0
207.0
401.0
217.0
111.0
500.0
174.0
500.0
170.0
500.0
283.0
448.0
500.0
500.0
94.0
480.0
500.0
456.0
263.0
500.0
110.0
500.0
380.0
478.0
155.0
67.0
79.0
360.0
500.0
500.0
494.0
143.0
500.0
207.0
470.0
181.0
233.0
120.0
500.0
218.0
500.0
484.0
500.0
331.0
209.0
220.0
174.0
169.0
227.0
268.0
362.0
210.0
500.0
189.0
500.0
173.0
94.0
186.0
276.0
232.0
175.0
61.0
500.0
248.0
500.0
500.0
164.0
214.0
216.0
178.0
484.0
500.0
500.0
195.0
133.0
259.0
385.0
180.0
500.0
197.0
202.0
187.0
500.0
143.0
81.0
116.0
500.0
105.0
374.0
221.0
182.0
150.0
157.0
308.0
134.0
500.0
152.0
206.0
500.0
169.0
240.0
500.0
500.0
500.0
500.0
500.0
500.0
170.0
500.0
500.0
124.0
67.0
147.0
500.0
141.0
115.0
216.0
286.0
135.0
141.0
500.0
430.0
208.0
500.0
500.0
213.0
500.0
500.0
500.0
149.0
500.0
494.0
500.0
500.0
118.0
291.0
390.0
181.0
500.0
103.0
265.0
317.0
81.0
95.0
258.0
500.0
500.0
110.0
143.0
95.0
500.0
500.0
500.0
500.0
121.0
61.0
500.0
500.0
127.0
130.0
135.0
99.0
137.0
195.0
63.0
73.0
156.0
169.0
500.0
182.0
500.0
319.0
314.0
341.0
500.0
126.0
137.0
121.0
500.0
145.0
386.0
301.0
500.0
98.0
309.0
347.0
384.0
165.0
302.0
190.0
140.0
177.0
325.0
500.0
160.0
157.0
500.0
500.0
122.0
154.0
463.0
213.0
268.0
272.0
180.0
181.0
500.0
207.0
397.0
500.0
162.0
328.0
500.0
225.0
226.0
500.0
275.0
500.0
500.0
121.0
159.0
174.0
493.0
500.0
228.0
103.0
206.0
168.0
398.0
465.0
500.0
500.0
189.0
168.0
500.0
256.0
207.0
108.0
220.0
134.0
368.0
500.0
194.0
500.0
133.0
500.0
500.0
119.0
152.0
110.0
164.0
272.0
313.0
159.0
217.0
191.0
500.0
193.0
362.0
193.0
141.0
190.0
500.0
500.0
309.0
132.0
146.0
500.0
500.0
155.0
92.0
500.0
320.0
235.0
384.0
500.0
250.0
125.0
500.0
460.0
500.0
480.0
107.0
143.0
402.0
485.0
199.0
500.0
500.0
173.0
500.0
108.0
280.0
354.0
233.0
335.0
303.0
46.0
500.0
321.0
197.0
500.0
225.0
500.0
144.0
58.0
436.0
47.0
27.0
500.0
162.0
481.0
411.0
477.0
255.0
129.0
400.0
212.0
247.0
105.0
192.0
107.0
167.0
124.0
281.0
270.0
132.0
157.0
500.0
247.0
188.0
334.0
500.0
276.0
262.0
139.0
123.0
224.0
91.0
146.0
252.0
288.0
129.0
247.0
327.0
194.0
414.0
134.0
152.0
159.0
114.0
242.0
271.0
208.0
180.0
141.0
264.0
153.0
500.0
233.0
141.0
500.0
212.0
212.0
155.0
218.0
156.0
215.0
239.0
250.0
500.0
131.0
500.0
133.0
217.0
141.0
229.0
223.0
118.0
145.0
500.0
177.0
219.0
471.0
213.0
230.0
235.0
163.0
250.0
500.0
235.0
296.0
329.0
323.0
500.0
182.0
207.0
207.0
311.0
145.0
255.0
268.0
217.0
294.0
151.0
250.0
217.0
190.0
160.0
38.0
192.0
408.0
500.0
72.0
189.0
156.0
41.0
200.0
201.0
347.0
45.0
365.0
210.0
258.0
196.0
161.0
216.0
486.0
500.0
44.0
119.0
155.0
212.0
228.0
199.0
176.0
500.0
250.0
178.0
164.0
86.0
500.0
113.0
112.0
275.0
210.0
158.0
123.0
263.0
200.0
151.0
169.0
318.0
201.0
438.0
194.0
133.0
189.0
205.0
500.0
195.0
219.0
209.0
153.0
160.0
222.0
229.0
233.0
500.0
166.0
189.0
500.0
281.0
236.0
174.0
172.0
213.0
185.0
257.0
148.0
383.0
127.0
215.0
106.0
156.0
183.0
162.0
500.0
488.0
245.0
494.0
255.0
244.0
253.0
206.0
223.0
170.0
184.0
439.0
157.0
155.0
240.0
230.0
286.0
205.0
490.0
221.0
130.0
272.0
178.0
138.0
143.0
119.0
213.0
146.0
429.0
162.0
231.0
236.0
410.0
125.0
473.0
188.0
173.0
181.0
500.0
184.0
154.0
165.0
182.0
376.0
239.0
167.0
229.0
165.0
207.0
151.0
500.0
115.0
131.0
152.0
306.0
260.0
275.0
224.0
233.0
174.0
232.0
264.0
178.0
179.0
339.0
338.0
231.0
196.0
430.0
323.0
137.0
195.0
205.0
254.0
306.0
488.0
309.0
239.0
105.0
103.0
166.0
217.0
176.0
269.0
189.0
212.0
229.0
302.0
361.0
188.0
147.0
500.0
235.0
458.0
245.0
217.0
478.0
191.0
355.0
178.0
492.0
346.0
302.0
424.0
281.0
270.0
179.0
253.0
500.0
240.0
277.0
425.0
256.0
238.0
212.0
484.0
482.0
289.0
186.0
130.0
319.0
500.0
147.0
175.0
186.0
500.0
492.0
278.0
313.0
121.0
194.0
140.0
354.0
230.0
301.0
313.0
500.0
284.0
500.0
104.0
250.0
247.0
165.0
226.0
115.0
500.0
500.0
215.0
176.0
173.0
500.0
171.0
500.0
260.0
174.0
212.0
169.0
168.0
257.0
500.0
456.0
249.0
198.0
190.0
480.0
377.0
184.0
500.0
299.0
275.0
168.0
500.0
227.0
500.0
205.0
296.0
106.0
500.0
97.0
211.0
152.0
291.0
500.0
500.0
321.0
171.0
250.0
176.0
202.0
332.0
164.0
194.0
175.0
500.0
500.0
500.0
291.0
500.0
242.0
173.0
160.0
180.0
260.0
76.0
176.0
227.0
294.0
174.0
175.0
500.0
497.0
257.0
500.0
291.0
151.0
500.0
317.0
262.0
170.0
500.0
482.0
219.0
163.0
187.0
500.0
83.0
314.0
250.0
500.0
97.0
195.0
178.0
187.0
266.0
500.0
500.0
174.0
500.0
410.0
177.0
225.0
500.0
307.0
129.0
500.0
243.0
500.0
175.0
134.0
259.0
436.0
165.0
206.0
188.0
206.0
232.0
220.0
71.0
500.0
271.0
261.0
157.0
188.0
500.0
312.0
281.0
257.0
248.0
243.0
183.0
187.0
69.0
331.0
297.0
194.0
201.0
305.0
237.0
184.0
183.0
260.0
259.0
267.0
288.0
246.0
187.0
287.0
285.0
202.0
223.0
169.0
185.0
330.0
176.0
218.0
291.0
500.0
121.0
209.0
283.0
195.0
500.0
186.0
223.0
289.0
435.0
176.0
210.0
250.0
500.0
238.0
203.0
500.0
178.0
500.0
175.0
500.0
500.0
160.0
250.0
247.0
500.0
500.0
176.0
299.0
260.0
212.0
351.0
89.0
172.0
110.0
153.0
500.0
500.0
270.0
225.0
167.0
275.0
187.0
296.0
461.0
230.0
197.0
316.0
195.0
176.0
262.0
500.0
247.0
500.0
185.0
208.0
192.0
286.0
500.0
333.0
262.0
240.0
306.0
247.0
158.0
193.0
500.0
310.0
313.0
500.0
215.0
142.0
283.0
300.0
281.0
326.0
500.0
173.0
287.0
255.0
186.0
219.0
295.0
233.0
227.0
500.0
225.0
246.0
260.0
275.0
196.0
500.0
272.0
319.0
299.0
273.0
286.0
234.0
184.0
318.0
313.0
293.0
205.0
205.0
248.0
198.0
221.0
186.0
166.0
187.0
309.0
380.0
157.0
171.0
500.0
92.0
171.0
194.0
196.0
379.0
251.0
175.0
279.0
176.0
500.0
225.0
183.0
259.0
500.0
185.0
216.0
275.0
316.0
468.0
173.0
131.0
268.0
282.0
216.0
229.0
233.0
168.0
383.0
500.0
309.0
267.0
236.0
500.0
283.0
500.0
171.0
221.0
500.0
500.0
279.0
500.0
156.0
219.0
188.0
500.0
290.0
171.0
500.0
158.0
244.0
500.0
345.0
177.0
313.0
226.0
500.0
212.0
458.0
204.0
500.0
205.0
162.0
267.0
290.0
364.0
183.0
255.0
346.0
180.0
167.0
266.0
152.0
175.0
265.0
169.0
465.0
292.0
500.0
317.0
188.0
176.0
80.0
258.0
297.0
105.0
357.0
500.0
230.0
284.0
277.0
273.0
342.0
500.0
500.0
500.0
258.0
500.0
296.0
160.0
500.0
500.0
182.0
94.0
500.0
164.0
286.0
284.0
500.0
285.0
253.0
500.0
500.0
236.0
244.0
500.0
179.0
500.0
270.0
338.0
275.0
500.0
184.0
274.0
170.0
395.0
394.0
416.0
500.0
173.0
500.0
175.0
174.0
357.0
163.0
500.0
181.0
233.0
220.0
322.0
311.0
500.0
258.0
185.0
223.0
486.0
164.0
185.0
274.0
500.0
500.0
206.0
243.0
500.0
223.0
181.0
500.0
179.0
260.0
500.0
255.0
259.0
188.0
369.0
184.0
211.0
211.0
475.0
271.0
228.0
272.0
171.0
367.0
163.0
278.0
206.0
167.0
296.0
195.0
315.0
177.0
237.0
306.0
228.0
300.0
500.0
246.0
500.0
500.0
500.0
98.0
340.0
128.0
171.0
500.0
190.0
104.0
60.0
345.0
500.0
203.0
189.0
500.0
78.0
264.0
168.0
222.0
500.0
355.0
500.0
190.0
187.0
291.0
247.0
318.0
189.0
337.0
500.0
235.0
251.0
153.0
500.0
252.0
205.0
176.0
500.0
217.0
249.0
242.0
87.0
52.0
500.0
487.0
182.0
500.0
500.0
178.0
276.0
221.0
232.0
257.0
146.0
189.0
216.0
207.0
500.0
264.0
204.0
229.0
355.0
265.0
157.0
170.0
263.0
259.0
180.0
500.0
274.0
242.0
161.0
414.0
251.0
299.0
307.0
205.0
232.0
253.0
316.0
249.0
192.0
257.0
331.0
500.0
500.0
349.0
295.0
267.0
278.0
189.0
325.0
256.0
179.0
500.0
239.0
268.0
295.0
313.0
249.0
296.0
253.0
258.0
254.0
294.0
295.0
257.0
358.0
195.0
169.0
246.0
160.0
348.0
337.0
248.0
201.0
273.0
220.0
247.0
212.0
193.0
322.0
187.0
190.0
243.0
500.0
250.0
362.0
462.0
249.0
338.0
229.0
247.0
98.0
254.0
276.0
340.0
165.0
500.0
500.0
226.0
250.0
227.0
17.0
189.0
246.0
310.0
202.0
175.0
230.0
181.0
337.0
227.0
262.0
258.0
189.0
246.0
201.0
238.0
500.0
266.0
332.0
196.0
202.0
407.0
189.0
500.0
217.0
191.0
500.0
199.0
231.0
180.0
201.0
215.0
265.0
214.0
456.0
276.0
290.0
500.0
500.0
273.0
173.0
279.0
271.0
338.0
281.0
277.0
500.0
500.0
230.0
300.0
232.0
191.0
187.0
288.0
191.0
322.0
241.0
500.0
500.0
500.0
198.0
453.0
215.0
249.0
306.0
285.0
237.0
262.0
500.0
185.0
264.0
308.0
229.0
158.0
287.0
253.0
397.0
445.0
165.0
315.0
243.0
251.0
319.0
428.0
295.0
348.0
497.0
226.0
210.0
230.0
215.0
286.0
237.0
293.0
167.0
164.0
500.0
226.0
190.0
188.0
307.0
289.0
335.0
500.0
211.0
273.0
297.0
172.0
173.0
203.0
239.0
472.0
167.0
265.0
422.0
321.0
222.0
211.0
378.0
175.0
266.0
196.0
306.0
183.0
397.0
311.0
243.0
271.0
262.0
291.0
303.0
500.0
382.0
220.0
500.0
270.0
217.0
129.0
225.0
287.0
229.0
298.0
500.0
239.0
204.0
185.0
251.0
182.0
191.0
355.0
500.0
237.0
226.0
250.0
215.0
191.0
253.0
198.0
500.0
189.0
219.0
225.0
225.0
500.0
244.0
174.0
286.0
163.0
176.0
220.0
500.0
166.0
241.0
191.0
266.0
322.0
203.0
373.0
279.0
255.0
223.0
471.0
226.0
189.0
500.0
213.0
500.0
197.0
500.0
360.0
329.0
294.0
179.0
251.0
193.0
226.0
165.0
262.0
181.0
500.0
242.0
236.0
315.0
500.0
215.0
185.0
225.0
301.0
309.0
193.0
284.0
500.0
343.0
500.0
185.0
231.0
53.0
237.0
460.0
158.0
54.0
189.0
417.0
291.0
381.0
198.0
181.0
326.0
252.0
500.0
274.0
173.0
434.0
285.0
238.0
500.0
183.0
209.0
202.0
279.0
243.0
310.0
266.0
204.0
321.0
185.0
500.0
215.0
278.0
500.0
329.0
305.0
261.0
246.0
500.0
193.0
245.0
358.0
191.0
240.0
449.0
230.0
323.0
153.0
286.0
500.0
194.0
203.0
500.0
215.0
175.0
329.0
500.0
297.0
190.0
500.0
274.0
259.0
289.0
271.0
192.0
159.0
207.0
217.0
193.0
300.0
289.0
331.0
335.0
230.0
318.0
500.0
263.0
265.0
212.0
500.0
172.0
500.0
234.0
259.0
182.0
177.0
221.0
500.0
500.0
500.0
500.0
220.0
500.0
369.0
178.0
475.0
197.0
267.0
500.0
500.0
174.0
305.0
251.0
228.0
198.0
265.0
276.0
217.0
500.0
191.0
170.0
359.0
215.0
165.0
350.0
297.0
227.0
271.0
229.0
168.0
500.0
500.0
255.0
428.0
179.0
234.0
163.0
500.0
236.0
243.0
500.0
205.0
189.0
500.0
195.0
373.0
437.0
500.0
208.0
277.0
266.0
301.0
206.0
188.0
337.0
217.0
314.0
236.0
209.0
159.0
500.0
213.0
182.0
270.0
252.0
193.0
385.0
211.0
162.0
277.0
184.0
500.0
179.0
277.0
257.0
500.0
222.0
500.0
487.0
427.0
278.0
500.0
500.0
253.0
327.0
500.0
325.0
205.0
331.0
160.0
296.0
274.0
208.0
195.0
500.0
500.0
500.0
500.0
180.0
166.0
249.0
294.0
198.0
228.0
249.0
241.0
218.0
210.0
228.0
500.0
500.0
249.0
308.0
258.0
246.0
500.0
219.0
197.0
346.0
199.0
204.0
500.0
177.0
413.0
261.0
500.0
290.0
249.0
247.0
306.0
282.0
186.0
193.0
210.0
249.0
169.0
265.0
185.0
474.0
175.0
336.0
187.0
285.0
500.0
388.0
500.0
319.0
500.0
342.0
500.0
223.0
199.0
168.0
183.0
216.0
261.0
191.0
500.0
191.0
206.0
252.0
275.0
318.0
500.0
203.0
500.0
500.0
279.0
269.0
225.0
127.0
206.0
278.0
176.0
500.0
190.0
261.0
500.0
304.0
177.0
298.0
201.0
178.0
230.0
332.0
500.0
180.0
500.0
242.0
219.0
500.0
500.0
336.0
188.0
282.0
500.0
301.0
270.0
500.0
283.0
297.0
278.0
217.0
235.0
500.0
152.0
500.0
500.0
273.0
500.0
168.0
268.0
174.0
288.0
331.0
326.0
500.0
500.0
255.0
192.0
444.0
186.0
326.0
327.0
276.0
217.0
246.0
192.0
209.0
98.0
446.0
93.0
97.0
254.0
107.0
177.0
187.0
500.0
185.0
122.0
154.0
281.0
204.0
167.0
178.0
247.0
237.0
182.0
165.0
231.0
255.0
500.0
288.0
266.0
313.0
134.0
314.0
120.0
199.0
410.0
208.0
177.0
185.0
500.0
106.0
368.0
169.0
133.0
284.0
198.0
115.0
394.0
324.0
149.0
500.0
500.0
259.0
125.0
155.0
500.0
500.0
272.0
500.0
500.0
500.0
231.0
376.0
500.0
149.0
404.0
218.0
221.0
500.0
262.0
288.0
500.0
500.0
263.0
147.0
325.0
500.0
191.0
139.0
500.0
248.0
246.0
138.0
500.0
293.0
500.0
500.0
181.0
139.0
432.0
500.0
224.0
238.0
221.0
313.0
206.0
188.0
254.0
203.0
282.0
172.0
408.0
222.0
240.0
247.0
248.0
500.0
148.0
193.0
340.0
179.0
144.0
500.0
500.0
258.0
271.0
164.0
166.0
275.0
258.0
500.0
500.0
500.0
251.0
398.0
168.0
500.0
331.0
200.0
251.0
131.0
276.0
204.0
191.0
446.0
297.0
287.0
500.0
299.0
500.0
164.0
500.0
187.0
215.0
259.0
235.0
153.0
167.0
190.0
276.0
236.0
248.0
500.0
263.0
181.0
153.0
189.0
188.0
212.0
172.0
500.0
149.0
142.0
500.0
197.0
185.0
301.0
493.0
233.0
192.0
500.0
242.0
205.0
500.0
139.0
272.0
234.0
500.0
180.0
180.0
213.0
332.0
315.0
225.0
297.0
444.0
238.0
226.0
500.0
299.0
238.0
159.0
324.0
339.0
236.0
212.0
280.0
131.0
189.0
162.0
129.0
177.0
214.0
238.0
209.0
204.0
500.0
245.0
258.0
292.0
500.0
200.0
245.0
500.0
271.0
500.0
256.0
178.0
96.0
225.0
258.0
347.0
278.0
232.0
335.0
185.0
275.0
251.0
54.0
145.0
172.0
181.0
253.0
268.0
166.0
102.0
120.0
247.0
254.0
91.0
63.0
157.0
254.0
64.0
89.0
316.0
230.0
112.0
250.0
422.0
200.0
256.0
259.0
62.0
224.0
202.0
64.0
188.0
230.0
269.0
234.0
273.0
239.0
190.0
203.0
258.0
59.0
206.0
196.0
188.0
260.0
206.0
170.0
330.0
185.0
197.0
84.0
237.0
188.0
212.0
196.0
272.0
295.0
194.0
233.0
298.0
94.0
161.0
255.0
261.0
190.0
181.0
184.0
196.0
177.0
70.0
114.0
84.0
232.0
111.0
267.0
167.0
73.0
215.0
91.0
202.0
120.0
324.0
102.0
78.0
148.0
271.0
190.0
60.0
253.0
266.0
258.0
140.0
172.0
93.0
500.0
124.0
101.0
203.0
500.0
126.0
111.0
77.0
131.0
90.0
158.0
89.0
198.0
154.0
100.0
374.0
174.0
80.0
122.0
163.0
137.0
77.0
292.0
182.0
500.0
176.0
177.0
148.0
263.0
331.0
198.0
112.0
271.0
164.0
239.0
192.0
86.0
89.0
304.0
168.0
383.0
252.0
217.0
309.0
229.0
200.0
218.0
101.0
184.0
190.0
129.0
255.0
161.0
216.0
207.0
170.0
136.0
342.0
330.0
204.0
349.0
262.0
252.0
202.0
197.0
207.0
215.0
250.0
333.0
231.0
139.0
189.0
262.0
236.0
251.0
194.0
139.0
201.0
183.0
151.0
239.0
163.0
334.0
252.0
209.0
325.0
155.0
168.0
108.0
108.0
143.0
224.0
134.0
80.0
231.0
288.0
177.0
114.0
169.0
236.0
116.0
157.0
109.0
174.0
204.0
177.0
130.0
221.0
104.0
226.0
264.0
174.0
225.0
173.0
149.0
132.0
161.0
94.0
204.0
329.0
255.0
264.0
87.0
156.0
138.0
118.0
266.0
148.0
193.0
106.0
204.0
199.0
206.0
196.0
196.0
114.0
210.0
140.0
121.0
122.0
87.0
198.0
234.0
174.0
165.0
131.0
189.0
341.0
112.0
209.0
134.0
341.0
129.0
246.0
160.0
260.0
294.0
186.0
135.0
139.0
148.0
234.0
194.0
156.0
140.0
233.0
85.0
211.0
223.0
256.0
261.0
105.0
294.0
111.0
168.0
300.0
104.0
163.0
165.0
230.0
188.0
148.0
109.0
272.0
179.0
121.0
281.0
168.0
147.0
200.0
158.0
122.0
260.0
193.0
120.0
208.0
170.0
157.0
159.0
126.0
179.0
286.0
104.0
118.0
209.0
132.0
165.0
146.0
160.0
121.0
129.0
125.0
171.0
112.0
146.0
170.0
116.0
157.0
80.0
197.0
203.0
138.0
154.0
227.0
165.0
203.0
128.0
213.0
500.0
279.0
500.0
256.0
162.0
113.0
131.0
206.0
272.0
277.0
136.0
143.0
140.0
159.0
142.0
500.0
150.0
137.0
159.0
87.0
156.0
132.0
249.0
167.0
159.0
122.0
81.0
121.0
200.0
180.0
126.0
154.0
125.0
293.0
123.0
163.0
235.0
208.0
107.0
149.0
153.0
219.0
261.0
306.0
213.0
146.0
151.0
121.0
164.0
295.0
153.0
187.0
116.0
118.0
133.0
157.0
221.0
140.0
79.0
147.0
253.0
175.0
125.0
234.0
273.0
159.0
482.0
300.0
160.0
430.0
195.0
132.0
253.0
208.0
180.0
146.0
124.0
253.0
113.0
115.0
139.0
97.0
177.0
234.0
277.0
123.0
500.0
112.0
262.0
123.0
139.0
205.0
129.0
210.0
334.0
249.0
130.0
234.0
148.0
199.0
146.0
157.0
131.0
141.0
117.0
184.0
380.0
175.0
218.0
124.0
262.0
230.0
140.0
135.0
153.0
139.0
129.0
174.0
117.0
237.0
181.0
235.0
236.0
114.0
107.0
257.0
157.0
140.0
118.0
111.0
140.0
163.0
111.0
193.0
118.0
166.0
210.0
149.0
209.0
153.0
183.0
171.0
138.0
500.0
112.0
111.0
282.0
186.0
140.0
121.0
322.0
242.0
369.0
253.0
151.0
141.0
163.0
246.0
224.0
122.0
222.0
177.0
181.0
119.0
165.0
134.0
181.0
138.0
154.0
162.0
150.0
141.0
64.0
155.0
141.0
152.0
272.0
230.0
130.0
62.0
114.0
231.0
186.0
189.0
121.0
220.0
98.0
198.0
151.0
245.0
100.0
224.0
126.0
176.0
116.0
144.0
266.0
186.0
201.0
204.0
230.0
224.0
121.0
173.0
500.0
208.0
122.0
306.0
144.0
484.0
77.0
109.0
122.0
127.0
397.0
285.0
94.0
88.0
293.0
136.0
172.0
73.0
70.0
132.0
195.0
275.0
170.0
53.0
116.0
120.0
165.0
150.0
71.0
149.0
107.0
204.0
59.0
270.0
131.0
130.0
202.0
313.0
70.0
44.0
111.0
184.0
114.0
124.0
439.0
266.0
118.0
214.0
123.0
126.0
116.0
91.0
150.0
290.0
134.0
271.0
167.0
104.0
301.0
124.0
317.0
223.0
186.0
168.0
130.0
239.0
180.0
230.0
201.0
146.0
196.0
142.0
188.0
122.0
223.0
186.0
479.0
500.0
111.0
169.0
136.0
131.0
187.0
156.0
156.0
147.0
188.0
220.0
338.0
187.0
106.0
149.0
162.0
221.0
148.0
202.0
134.0
232.0
136.0
118.0
212.0
216.0
151.0
120.0
219.0
241.0
163.0
119.0
138.0
120.0
143.0
222.0
205.0
500.0
120.0
132.0
148.0
147.0
143.0
70.0
128.0
325.0
158.0
102.0
219.0
225.0
117.0
133.0
232.0
136.0
168.0
143.0
68.0
225.0
131.0
115.0
147.0
131.0
256.0
120.0
160.0
360.0
138.0
133.0
141.0
175.0
190.0
103.0
138.0
222.0
185.0
211.0
116.0
108.0
133.0
119.0
120.0
138.0
139.0
126.0
132.0
283.0
217.0
103.0
225.0
267.0
106.0
159.0
175.0
140.0
146.0
151.0
142.0
150.0
399.0
500.0
155.0
99.0
156.0
124.0
200.0
157.0
242.0
99.0
151.0
236.0
147.0
179.0
139.0
154.0
75.0
200.0
157.0
407.0
145.0
160.0
120.0
112.0
186.0
137.0
151.0
194.0
119.0
113.0
132.0
135.0
246.0
180.0
100.0
232.0
127.0
135.0
147.0
297.0
223.0
360.0
247.0
110.0
170.0
250.0
128.0
270.0
191.0
131.0
203.0
188.0
246.0
218.0
119.0
143.0
119.0
142.0
175.0
169.0
145.0
93.0
198.0
154.0
188.0
168.0
306.0
134.0
109.0
153.0
221.0
189.0
500.0
215.0
285.0
91.0
100.0
257.0
175.0
97.0
118.0
99.0
292.0
215.0
142.0
60.0
184.0
190.0
103.0
167.0
162.0
316.0
99.0
139.0
181.0
239.0
206.0
180.0
124.0
196.0
186.0
175.0
158.0
113.0
145.0
164.0
151.0
124.0
277.0
125.0
114.0
139.0
309.0
119.0
239.0
121.0
174.0
360.0
214.0
171.0
136.0
161.0
142.0
111.0
185.0
192.0
174.0
110.0
221.0
233.0
201.0
117.0
137.0
131.0
167.0
144.0
107.0
94.0
273.0
117.0
133.0
64.0
191.0
188.0
143.0
196.0
263.0
127.0
185.0
104.0
140.0
141.0
163.0
116.0
130.0
144.0
163.0
174.0
127.0
179.0
326.0
125.0
143.0
293.0
134.0
154.0
170.0
315.0
179.0
145.0
169.0
143.0
155.0
117.0
107.0
243.0
176.0
155.0
185.0
128.0
144.0
202.0
120.0
158.0
163.0
197.0
283.0
399.0
197.0
104.0
304.0
204.0
112.0
159.0
188.0
184.0
196.0
136.0
128.0
115.0
151.0
127.0
159.0
259.0
248.0
203.0
199.0
255.0
263.0
173.0
143.0
310.0
96.0
110.0
123.0
162.0
193.0
124.0
147.0
214.0
246.0
143.0
139.0
159.0
130.0
254.0
213.0
155.0
171.0
145.0
131.0
263.0
258.0
180.0
269.0
262.0
240.0
96.0
191.0
167.0
223.0
131.0
155.0
153.0
250.0
207.0
116.0
173.0
198.0
115.0
185.0
121.0
239.0
111.0
230.0
198.0
343.0
213.0
83.0
192.0
136.0
190.0
111.0
135.0
267.0
91.0
176.0
230.0
122.0
237.0
179.0
289.0
115.0
178.0
250.0
331.0
103.0
120.0
204.0
283.0
184.0
257.0
214.0
213.0
282.0
158.0
141.0
117.0
193.0
181.0
111.0
131.0
122.0
119.0
222.0
213.0
195.0
146.0
240.0
190.0
198.0
114.0
122.0
108.0
166.0
193.0
125.0
196.0
103.0
141.0
118.0
92.0
233.0
106.0
321.0
165.0
151.0
147.0
201.0
110.0
222.0
153.0
500.0
273.0
119.0
230.0
126.0
204.0
132.0
482.0
213.0
343.0
258.0
159.0
138.0
111.0
170.0
68.0
104.0
211.0
109.0
121.0
170.0
133.0
165.0
326.0
117.0
142.0
128.0
117.0
114.0
142.0
129.0
216.0
220.0
150.0
291.0
187.0
221.0
113.0
120.0
162.0
287.0
132.0
115.0
238.0
435.0
197.0
107.0
209.0
117.0
330.0
121.0
93.0
142.0
148.0
153.0
105.0
170.0
233.0
167.0
151.0
130.0
136.0
225.0
146.0
203.0
152.0
139.0
207.0
329.0
159.0
142.0
370.0
121.0
167.0
117.0
169.0
124.0
163.0
230.0
151.0
161.0
238.0
214.0
154.0
500.0
136.0
107.0
480.0
171.0
332.0
172.0
112.0
200.0
301.0
125.0
228.0
138.0
117.0
183.0
254.0
146.0
145.0
227.0
128.0
140.0
101.0
187.0
129.0
180.0
129.0
158.0
129.0
209.0
328.0
101.0
190.0
121.0
113.0
253.0
117.0
198.0
138.0
263.0
158.0
95.0
177.0
158.0
128.0
93.0
171.0
62.0
276.0
175.0
353.0
178.0
232.0
133.0
149.0
132.0
182.0
108.0
200.0
123.0
155.0
142.0
129.0
121.0
136.0
135.0
102.0
125.0
144.0
254.0
136.0
132.0
258.0
129.0
220.0
182.0
219.0
224.0
187.0
239.0
140.0
201.0
158.0
126.0
382.0
255.0
103.0
147.0
139.0
117.0
241.0
246.0
156.0
130.0
133.0
393.0
184.0
218.0
243.0
238.0
123.0
108.0
95.0
145.0
116.0
212.0
225.0
223.0
205.0
128.0
114.0
156.0
117.0
140.0
251.0
118.0
148.0
196.0
500.0
140.0
170.0
119.0
143.0
149.0
191.0
235.0
104.0
129.0
183.0
149.0
163.0
203.0
151.0
233.0
190.0
149.0
340.0
88.0
132.0
114.0
222.0
300.0
196.0
275.0
150.0
121.0
110.0
122.0
122.0
181.0
316.0
174.0
217.0
144.0
187.0
168.0
144.0
147.0
268.0
215.0
135.0
114.0
248.0
131.0
129.0
136.0
139.0
135.0
130.0
171.0
173.0
119.0
117.0
66.0
158.0
181.0
282.0
148.0
161.0
334.0
256.0
104.0
140.0
224.0
154.0
186.0
135.0
204.0
202.0
309.0
273.0
136.0
280.0
120.0
183.0
252.0
129.0
288.0
487.0
142.0
224.0
160.0
134.0
121.0
189.0
169.0
187.0
154.0
296.0
152.0
284.0
304.0
219.0
155.0
309.0
175.0
116.0
181.0
168.0
114.0
205.0
213.0
262.0
240.0
314.0
192.0
195.0
136.0
150.0
280.0
133.0
176.0
151.0
229.0
133.0
271.0
139.0
213.0
146.0
156.0
152.0
127.0
140.0
210.0
114.0
153.0
129.0
138.0
111.0
151.0
228.0
324.0
500.0
146.0
146.0
108.0
170.0
227.0
107.0
135.0
311.0
170.0
207.0
132.0
149.0
144.0
102.0
264.0
188.0
185.0
254.0
152.0
144.0
180.0
299.0
176.0
151.0
310.0
123.0
158.0
136.0
198.0
324.0
112.0
142.0
145.0
113.0
133.0
165.0
182.0
160.0
122.0
205.0
252.0
210.0
220.0
151.0
119.0
116.0
120.0
211.0
192.0
167.0
123.0
172.0
127.0
189.0
173.0
158.0
145.0
148.0
151.0
131.0
244.0
150.0
131.0
126.0
163.0
133.0
145.0
109.0
303.0
170.0
175.0
220.0
249.0
164.0
144.0
126.0
96.0
110.0
266.0
141.0
119.0
492.0
148.0
168.0
144.0
115.0
183.0
109.0
115.0
150.0
157.0
230.0
229.0
175.0
139.0
163.0
297.0
190.0
158.0
275.0
148.0
135.0
203.0
64.0
108.0
143.0
197.0
126.0
126.0
117.0
157.0
128.0
117.0
234.0
176.0
216.0
138.0
179.0
348.0
148.0
238.0
449.0
122.0
225.0
213.0
140.0
218.0
224.0
240.0
124.0
179.0
104.0
138.0
131.0
266.0
124.0
161.0
137.0
142.0
185.0
149.0
212.0
165.0
142.0
134.0
204.0
192.0
127.0
143.0
206.0
207.0
135.0
130.0
122.0
301.0
94.0
136.0
199.0
142.0
98.0
279.0
410.0
255.0
129.0
257.0
229.0
215.0
162.0
252.0
303.0
136.0
297.0
215.0
239.0
114.0
265.0
463.0
171.0
255.0
115.0
236.0
98.0
146.0
270.0
106.0
179.0
188.0
126.0
137.0
228.0
149.0
135.0
237.0
205.0
168.0
143.0
152.0
298.0
140.0
112.0
331.0
135.0
181.0
136.0
126.0
194.0
201.0
155.0
143.0
107.0
124.0
120.0
150.0
104.0
389.0
148.0
339.0
266.0
274.0
173.0
122.0
238.0
165.0
215.0
112.0
118.0
119.0
151.0
130.0
133.0
140.0
116.0
326.0
237.0
266.0
201.0
123.0
117.0
208.0
243.0
130.0
228.0
214.0
155.0
133.0
126.0
136.0
207.0
97.0
131.0
173.0
157.0
195.0
201.0
114.0
133.0
158.0
229.0
117.0
97.0
301.0
201.0
201.0
264.0
165.0
196.0
134.0
108.0
167.0
120.0
314.0
192.0
122.0
134.0
107.0
231.0
229.0
122.0
172.0
232.0
333.0
234.0
178.0
347.0
254.0
236.0
146.0
134.0
377.0
151.0
184.0
159.0
148.0
205.0
226.0
103.0
155.0
206.0
147.0
224.0
247.0
127.0
124.0
125.0
156.0
148.0
111.0
208.0
135.0
218.0
157.0
159.0
127.0
150.0
111.0
98.0
129.0
163.0
193.0
94.0
242.0
245.0
124.0
147.0
102.0
194.0
163.0
145.0
157.0
183.0
395.0
150.0
219.0
127.0
150.0
214.0
159.0
232.0
157.0
347.0
110.0
136.0
102.0
136.0
138.0
169.0
241.0
180.0
229.0
128.0
381.0
140.0
121.0
187.0
139.0
113.0
234.0
132.0
156.0
126.0
132.0
144.0
171.0
142.0
93.0
108.0
139.0
144.0
83.0
166.0
255.0
216.0
173.0
139.0
179.0
131.0
104.0
264.0
162.0
257.0
148.0
120.0
135.0
148.0
180.0
112.0
235.0
399.0
193.0
72.0
216.0
500.0
201.0
160.0
122.0
206.0
147.0
187.0
119.0
111.0
98.0
232.0
118.0
177.0
208.0
123.0
156.0
500.0
122.0
110.0
126.0
310.0
165.0
183.0
206.0
266.0
168.0
252.0
233.0
171.0
189.0
100.0
99.0
134.0
162.0
84.0
198.0
107.0
194.0
184.0
166.0
330.0
206.0
182.0
108.0
211.0
177.0
166.0
204.0
254.0
94.0
289.0
156.0
137.0
178.0
248.0
112.0
215.0
123.0
114.0
126.0
163.0
210.0
98.0
128.0
166.0
184.0
112.0
203.0
138.0
184.0
214.0
171.0
358.0
163.0
121.0
208.0
372.0
119.0
302.0
110.0
106.0
235.0
138.0
138.0
108.0
196.0
106.0
196.0
244.0
133.0
290.0
245.0
176.0
129.0
182.0
294.0
146.0
147.0
150.0
162.0
258.0
264.0
120.0
92.0
144.0
133.0
156.0
122.0
138.0
116.0
144.0
158.0
185.0
405.0
272.0
181.0
148.0
131.0
200.0
113.0
150.0
87.0
129.0
129.0
246.0
153.0
187.0
271.0
110.0
266.0
300.0
119.0
107.0
158.0
316.0
156.0
168.0
199.0
222.0
120.0
269.0
188.0
136.0
218.0
185.0
149.0
216.0
133.0
252.0
218.0
176.0
106.0
126.0
96.0
126.0
206.0
430.0
157.0
162.0
304.0
122.0
269.0
279.0
210.0
360.0
165.0
97.0
108.0
269.0
262.0
169.0
276.0
130.0
226.0
156.0
132.0
108.0
185.0
241.0
153.0
134.0
146.0
196.0
207.0
147.0
214.0
107.0
231.0
198.0
195.0
129.0
157.0
142.0
199.0
114.0
111.0
158.0
131.0
168.0
226.0
129.0
133.0
182.0
154.0
158.0
211.0
160.0
182.0
269.0
200.0
120.0
151.0
162.0
105.0
88.0
113.0
80.0
205.0
128.0
191.0
113.0
256.0
140.0
164.0
173.0
136.0
146.0
325.0
240.0
224.0
167.0
259.0
115.0
144.0
168.0
178.0
122.0
120.0
164.0
140.0
170.0
170.0
122.0
120.0
100.0
112.0
164.0
207.0
230.0
143.0
166.0
144.0
125.0
191.0
118.0
155.0
218.0
113.0
228.0
266.0
149.0
281.0
126.0
190.0
158.0
132.0
177.0
232.0
173.0
173.0
207.0
230.0
102.0
172.0
219.0
304.0
181.0
109.0
290.0
175.0
120.0
181.0
178.0
259.0
500.0
143.0
176.0
156.0
129.0
174.0
122.0
133.0
118.0
212.0
156.0
212.0
240.0
105.0
245.0
240.0
228.0
101.0
188.0
159.0
306.0
189.0
169.0
214.0
223.0
162.0
99.0
135.0
190.0
74.0
178.0
174.0
203.0
157.0
220.0
201.0
128.0
168.0
90.0
126.0
183.0
265.0
247.0
125.0
185.0
373.0
161.0
158.0
162.0
246.0
141.0
159.0
202.0
148.0
212.0
226.0
226.0
172.0
191.0
243.0
112.0
192.0
151.0
166.0
139.0
132.0
202.0
66.0
147.0
178.0
168.0
127.0
141.0
97.0
119.0
65.0
324.0
221.0
130.0
94.0
221.0
194.0
324.0
164.0
247.0
98.0
201.0
236.0
135.0
145.0
185.0
111.0
103.0
156.0
150.0
254.0
172.0
196.0
140.0
256.0
190.0
142.0
193.0
191.0
199.0
172.0
125.0
139.0
205.0
139.0
269.0
210.0
116.0
421.0
150.0
124.0
141.0
152.0
182.0
131.0
161.0
172.0
216.0
377.0
352.0
109.0
153.0
195.0
160.0
118.0
236.0
162.0
137.0
219.0
113.0
104.0
500.0
80.0
160.0
138.0
124.0
111.0
340.0
202.0
134.0
128.0
148.0
212.0
137.0
180.0
183.0
138.0
177.0
150.0
197.0
118.0
121.0
160.0
125.0
275.0
192.0
95.0
103.0
124.0
401.0
242.0
154.0
195.0
146.0
157.0
149.0
90.0
201.0
149.0
313.0
302.0
186.0
199.0
254.0
117.0
117.0
131.0
201.0
221.0
210.0
172.0
233.0
115.0
202.0
187.0
123.0
212.0
246.0
165.0
151.0
260.0
313.0
231.0
260.0
108.0
187.0
130.0
124.0
126.0
158.0
152.0
180.0
254.0
228.0
127.0
279.0
204.0
107.0
160.0
262.0
247.0
147.0
104.0
232.0
139.0
221.0
110.0
148.0
154.0
142.0
108.0
256.0
218.0
161.0
147.0
154.0
99.0
132.0
125.0
54.0
104.0
108.0
248.0
134.0
112.0
163.0
135.0
165.0
97.0
130.0
137.0
123.0
315.0
131.0
212.0
213.0
84.0
155.0
75.0
130.0
132.0
266.0
127.0
116.0
125.0
271.0
116.0
195.0
208.0
118.0
246.0
112.0
145.0
91.0
121.0
162.0
157.0
222.0
106.0
290.0
102.0
397.0
196.0
403.0
102.0
158.0
127.0
128.0
97.0
108.0
146.0
249.0
182.0
114.0
108.0
102.0
105.0
134.0
100.0
96.0
139.0
117.0
124.0
120.0
106.0
103.0
136.0
121.0
91.0
395.0
126.0
114.0
71.0
128.0
142.0
136.0
139.0
208.0
143.0
143.0
99.0
119.0
106.0
103.0
156.0
180.0
119.0
122.0
146.0
227.0
126.0
157.0
181.0
120.0
122.0
179.0
176.0
110.0
103.0
125.0
123.0
244.0
193.0
141.0
125.0
135.0
127.0
295.0
188.0
147.0
130.0
118.0
106.0
108.0
127.0
155.0
195.0
124.0
126.0
127.0
133.0
105.0
125.0
113.0
238.0
176.0
171.0
209.0
133.0
127.0
154.0
123.0
135.0
126.0
136.0
126.0
145.0
173.0
147.0
117.0
148.0
133.0
105.0
113.0
121.0
112.0
107.0
117.0
154.0
162.0
107.0
113.0
121.0
95.0
162.0
146.0
100.0
142.0
137.0
155.0
94.0
133.0
101.0
142.0
94.0
189.0
130.0
119.0
134.0
130.0
232.0
121.0
112.0
179.0
139.0
119.0
145.0
266.0
146.0
96.0
146.0
110.0
202.0
127.0
226.0
300.0
188.0
170.0
157.0
204.0
152.0
111.0
132.0
130.0
120.0
125.0
158.0
133.0
92.0
145.0
201.0
132.0
110.0
295.0
152.0
221.0
75.0
133.0
149.0
143.0
125.0
163.0
137.0
133.0
170.0
197.0
222.0
121.0
183.0
123.0
134.0
122.0
129.0
119.0
108.0
120.0
400.0
184.0
139.0
136.0
214.0
101.0
131.0
127.0
93.0
129.0
254.0
327.0
125.0
102.0
99.0
154.0
315.0
114.0
167.0
120.0
152.0
189.0
121.0
115.0
116.0
129.0
100.0
149.0
192.0
141.0
109.0
258.0
207.0
119.0
129.0
166.0
218.0
139.0
94.0
175.0
95.0
262.0
132.0
119.0
154.0
134.0
120.0
239.0
146.0
98.0
374.0
131.0
106.0
150.0
170.0
136.0
193.0
163.0
250.0
165.0
150.0
140.0
255.0
245.0
430.0
275.0
353.0
170.0
144.0
151.0
144.0
137.0
99.0
164.0
220.0
126.0
181.0
138.0
100.0
151.0
174.0
229.0
363.0
125.0
141.0
134.0
131.0
139.0
114.0
151.0
154.0
160.0
125.0
123.0
178.0
124.0
123.0
125.0
138.0
141.0
130.0
127.0
147.0
130.0
130.0
258.0
125.0
124.0
145.0
137.0
142.0
148.0
125.0
184.0
249.0
197.0
116.0
232.0
162.0
208.0
152.0
134.0
159.0
118.0
138.0
113.0
391.0
186.0
106.0
123.0
131.0
131.0
183.0
119.0
120.0
123.0
137.0
158.0
218.0
142.0
209.0
212.0
141.0
114.0
156.0
125.0
137.0
132.0
190.0
134.0
117.0
177.0
195.0
90.0
123.0
223.0
135.0
236.0
160.0
101.0
152.0
143.0
209.0
154.0
169.0
126.0
187.0
138.0
500.0
135.0
115.0
126.0
170.0
292.0
118.0
98.0
137.0
116.0
123.0
155.0
151.0
152.0
132.0
143.0
118.0
453.0
175.0
125.0
150.0
162.0
171.0
158.0
126.0
102.0
110.0
234.0
163.0
129.0
125.0
266.0
117.0
144.0
135.0
146.0
170.0
283.0
152.0
134.0
123.0
195.0
101.0
150.0
203.0
151.0
146.0
139.0
211.0
252.0
149.0
129.0
134.0
141.0
132.0
150.0
147.0
156.0
139.0
135.0
148.0
471.0
183.0
258.0
139.0
114.0
131.0
229.0
175.0
153.0
117.0
175.0
162.0
120.0
160.0
238.0
171.0
147.0
139.0
148.0
118.0
122.0
163.0
169.0
129.0
142.0
374.0
111.0
118.0
152.0
135.0
129.0
247.0
142.0
198.0
130.0
399.0
126.0
208.0
191.0
131.0
158.0
138.0
178.0
109.0
150.0
148.0
135.0
190.0
143.0
102.0
127.0
164.0
211.0
138.0
111.0
135.0
118.0
129.0
140.0
112.0
124.0
124.0
130.0
122.0
82.0
121.0
114.0
124.0
154.0
128.0
163.0
219.0
144.0
229.0
117.0
163.0
136.0
152.0
210.0
105.0
128.0
144.0
113.0
152.0
95.0
142.0
252.0
123.0
125.0
155.0
135.0
131.0
115.0
109.0
162.0
128.0
171.0
127.0
98.0
198.0
329.0
122.0
103.0
224.0
130.0
115.0
163.0
86.0
101.0
148.0
322.0
144.0
370.0
163.0
127.0
116.0
161.0
191.0
111.0
160.0
93.0
161.0
500.0
93.0
117.0
148.0
114.0
113.0
100.0
173.0
109.0
115.0
160.0
172.0
118.0
130.0
163.0
114.0
104.0
168.0
128.0
144.0
129.0
136.0
120.0
104.0
124.0
123.0
162.0
146.0
170.0
151.0
115.0
142.0
117.0
150.0
135.0
157.0
142.0
127.0
144.0
132.0
299.0
124.0
115.0
115.0
125.0
120.0
263.0
337.0
156.0
145.0
221.0
163.0
240.0
184.0
159.0
116.0
184.0
159.0
162.0
152.0
274.0
137.0
156.0
127.0
174.0
161.0
179.0
291.0
146.0
176.0
262.0
212.0
154.0
155.0
149.0
190.0
188.0
102.0
138.0
116.0
200.0
190.0
150.0
246.0
157.0
169.0
286.0
161.0
474.0
146.0
316.0
163.0
175.0
115.0
113.0
162.0
141.0
222.0
172.0
125.0
137.0
216.0
137.0
159.0
144.0
202.0
242.0
176.0
219.0
165.0
182.0
159.0
180.0
136.0
135.0
128.0
143.0
140.0
149.0
156.0
188.0
145.0
140.0
150.0
175.0
107.0
133.0
107.0
231.0
307.0
141.0
121.0
144.0
211.0
202.0
145.0
158.0
137.0
141.0
314.0
126.0
133.0
112.0
118.0
226.0
185.0
120.0
180.0
121.0
149.0
137.0
244.0
129.0
101.0
139.0
149.0
135.0
123.0
137.0
132.0
136.0
164.0
120.0
170.0
115.0
123.0
180.0
139.0
159.0
130.0
128.0
108.0
114.0
166.0
115.0
113.0
119.0
122.0
108.0
106.0
109.0
153.0
129.0
235.0
125.0
144.0
131.0
160.0
188.0
120.0
106.0
141.0
131.0
219.0
110.0
118.0
156.0
170.0
166.0
129.0
138.0
161.0
500.0
142.0
137.0
140.0
133.0
120.0
115.0
108.0
138.0
181.0
196.0
160.0
143.0
197.0
136.0
177.0
133.0
126.0
144.0
116.0
145.0
176.0
132.0
117.0
178.0
127.0
226.0
138.0
164.0
174.0
124.0
160.0
175.0
135.0
440.0
123.0
487.0
146.0
146.0
157.0
146.0
247.0
117.0
110.0
153.0
222.0
132.0
135.0
133.0
136.0
142.0
146.0
158.0
142.0
112.0
128.0
150.0
104.0
120.0
139.0
134.0
191.0
136.0
128.0
136.0
129.0
97.0
119.0
105.0
149.0
136.0
156.0
144.0
239.0
213.0
114.0
142.0
172.0
170.0
152.0
173.0
157.0
121.0
197.0
120.0
127.0
148.0
146.0
130.0
198.0
135.0
97.0
149.0
148.0
227.0
148.0
150.0
112.0
155.0
145.0
138.0
140.0
159.0
142.0
116.0
154.0
286.0
157.0
339.0
137.0
130.0
159.0
132.0
137.0
144.0
124.0
143.0
121.0
118.0
132.0
317.0
143.0
115.0
109.0
137.0
185.0
142.0
111.0
133.0
122.0
157.0
173.0
106.0
140.0
112.0
268.0
235.0
136.0
146.0
112.0
128.0
133.0
129.0
148.0
136.0
116.0
246.0
325.0
117.0
138.0
128.0
184.0
267.0
114.0
170.0
110.0
114.0
128.0
306.0
201.0
134.0
215.0
191.0
107.0
110.0
138.0
233.0
270.0
205.0
148.0
137.0
134.0
190.0
117.0
117.0
139.0
135.0
142.0
151.0
138.0
157.0
193.0
164.0
163.0
121.0
129.0
114.0
130.0
161.0
140.0
122.0
168.0
362.0
124.0
118.0
130.0
110.0
202.0
154.0
148.0
137.0
122.0
130.0
112.0
167.0
153.0
203.0
141.0
122.0
126.0
116.0
344.0
107.0
191.0
170.0
128.0
182.0
159.0
106.0
239.0
149.0
102.0
130.0
210.0
104.0
121.0
139.0
117.0
130.0
96.0
154.0
189.0
244.0
120.0
112.0
500.0
90.0
101.0
123.0
152.0
208.0
135.0
184.0
130.0
120.0
129.0
134.0
211.0
146.0
153.0
138.0
148.0
133.0
120.0
276.0
237.0
124.0
149.0
463.0
150.0
180.0
198.0
122.0
115.0
173.0
258.0
306.0
135.0
146.0
109.0
106.0
138.0
112.0
121.0
204.0
178.0
262.0
169.0
197.0
122.0
149.0
320.0
201.0
127.0
76.0
109.0
275.0
143.0
129.0
125.0
268.0
167.0
315.0
125.0
180.0
193.0
114.0
139.0
245.0
157.0
126.0
210.0
157.0
127.0
174.0
145.0
187.0
206.0
178.0
279.0
223.0
134.0
142.0
205.0
186.0
168.0
234.0
136.0
301.0
126.0
185.0
133.0
191.0
149.0
206.0
132.0
383.0
222.0
213.0
136.0
113.0
130.0
182.0
117.0
279.0
171.0
500.0
115.0
159.0
127.0
209.0
316.0
130.0
138.0
179.0
168.0
88.0
58.0
168.0
197.0
114.0
192.0
176.0
121.0
185.0
161.0
120.0
114.0
172.0
166.0
254.0
151.0
132.0
74.0
213.0
117.0
215.0
244.0
112.0
201.0
110.0
254.0
161.0
181.0
106.0
125.0
116.0
138.0
124.0
130.0
114.0
198.0
128.0
148.0
128.0
260.0
109.0
173.0
118.0
131.0
262.0
115.0
118.0
131.0
175.0
280.0
125.0
171.0
97.0
246.0
159.0
264.0
153.0
132.0
242.0
215.0
309.0
202.0
117.0
193.0
279.0
126.0
218.0
117.0
111.0
199.0
123.0
258.0
250.0
253.0
134.0
277.0
198.0
101.0
105.0
120.0
117.0
500.0
161.0
117.0
206.0
191.0
116.0
131.0
209.0
185.0
118.0
193.0
224.0
129.0
118.0
134.0
133.0
346.0
132.0
243.0
500.0
123.0
241.0
127.0
131.0
188.0
188.0
165.0
121.0
131.0
119.0
127.0
181.0
129.0
157.0
262.0
133.0
127.0
182.0
287.0
199.0
134.0
242.0
154.0
122.0
123.0
211.0
108.0
230.0
128.0
174.0
284.0
167.0
322.0
135.0
224.0
104.0
216.0
167.0
225.0
149.0
241.0
140.0
133.0
122.0
128.0
115.0
136.0
119.0
220.0
326.0
122.0
224.0
163.0
263.0
133.0
63.0
239.0
143.0
217.0
180.0
127.0
131.0
116.0
166.0
263.0
130.0
149.0
194.0
252.0
112.0
120.0
205.0
315.0
221.0
129.0
162.0
138.0
153.0
158.0
283.0
188.0
143.0
116.0
234.0
134.0
247.0
110.0
107.0
120.0
123.0
230.0
110.0
134.0
129.0
309.0
125.0
155.0
235.0
108.0
144.0
111.0
127.0
278.0
248.0
113.0
128.0
249.0
182.0
112.0
153.0
113.0
202.0
500.0
229.0
130.0
271.0
223.0
132.0
162.0
133.0
114.0
500.0
117.0
110.0
128.0
238.0
123.0
123.0
120.0
189.0
111.0
113.0
136.0
137.0
184.0
120.0
134.0
142.0
184.0
126.0
140.0
105.0
200.0
128.0
123.0
201.0
120.0
129.0
256.0
139.0
124.0
129.0
147.0
141.0
134.0
183.0
141.0
136.0
133.0
116.0
99.0
174.0
169.0
130.0
129.0
133.0
273.0
377.0
166.0
129.0
242.0
146.0
213.0
109.0
114.0
113.0
127.0
120.0
140.0
139.0
177.0
113.0
212.0
141.0
189.0
203.0
163.0
111.0
146.0
135.0
155.0
112.0
129.0
121.0
138.0
131.0
103.0
128.0
146.0
145.0
134.0
219.0
195.0
122.0
245.0
116.0
232.0
138.0
98.0
90.0
103.0
188.0
145.0
121.0
100.0
168.0
239.0
172.0
237.0
210.0
180.0
196.0
140.0
201.0
117.0
143.0
135.0
199.0
185.0
97.0
128.0
111.0
207.0
97.0
140.0
118.0
202.0
89.0
117.0
132.0
178.0
158.0
155.0
239.0
245.0
125.0
101.0
191.0
134.0
209.0
121.0
191.0
92.0
248.0
170.0
102.0
224.0
256.0
259.0
144.0
125.0
234.0
117.0
317.0
235.0
137.0
238.0
256.0
257.0
221.0
176.0
221.0
121.0
123.0
192.0
224.0
183.0
129.0
131.0
267.0
223.0
224.0
129.0
146.0
148.0
197.0
269.0
136.0
125.0
249.0
260.0
245.0
135.0
257.0
170.0
329.0
451.0
168.0
304.0
154.0
184.0
418.0
237.0
250.0
249.0
180.0
304.0
123.0
138.0
137.0
232.0
228.0
90.0
100.0
169.0
330.0
175.0
121.0
149.0
129.0
140.0
125.0
125.0
247.0
180.0
188.0
195.0
292.0
141.0
145.0
96.0
203.0
500.0
117.0
131.0
146.0
119.0
207.0
148.0
193.0
160.0
131.0
210.0
151.0
203.0
132.0
500.0
185.0
144.0
268.0
112.0
149.0
119.0
128.0
216.0
172.0
209.0
188.0
88.0
111.0
104.0
114.0
154.0
105.0
113.0
104.0
107.0
161.0
132.0
268.0
138.0
104.0
298.0
181.0
175.0
121.0
189.0
198.0
206.0
500.0
269.0
128.0
142.0
300.0
500.0
228.0
199.0
144.0
192.0
121.0
201.0
111.0
112.0
263.0
214.0
219.0
187.0
120.0
299.0
131.0
151.0
116.0
134.0
132.0
109.0
156.0
119.0
120.0
127.0
188.0
176.0
205.0
260.0
293.0
121.0
153.0
129.0
186.0
90.0
107.0
200.0
133.0
141.0
134.0
191.0
145.0
123.0
151.0
148.0
231.0
310.0
124.0
195.0
159.0
157.0
115.0
185.0
500.0
169.0
130.0
125.0
132.0
112.0
110.0
95.0
137.0
149.0
195.0
156.0
175.0
121.0
212.0
161.0
125.0
142.0
404.0
143.0
109.0
110.0
124.0
217.0
108.0
231.0
130.0
88.0
383.0
211.0
135.0
104.0
133.0
126.0
112.0
259.0
187.0
168.0
133.0
156.0
141.0
210.0
131.0
287.0
153.0
109.0
196.0
151.0
289.0
137.0
100.0
269.0
146.0
256.0
111.0
178.0
252.0
100.0
202.0
281.0
100.0
112.0
129.0
162.0
273.0
123.0
118.0
179.0
119.0
101.0
165.0
500.0
186.0
277.0
153.0
225.0
151.0
282.0
123.0
126.0
115.0
195.0
117.0
181.0
104.0
111.0
93.0
144.0
206.0
255.0
202.0
500.0
206.0
158.0
165.0
229.0
135.0
134.0
140.0
173.0
233.0
111.0
117.0
222.0
123.0
245.0
128.0
203.0
124.0
118.0
153.0
144.0
243.0
129.0
166.0
243.0
268.0
236.0
120.0
98.0
279.0
129.0
122.0
114.0
193.0
170.0
235.0
138.0
130.0
190.0
111.0
201.0
485.0
119.0
218.0
188.0
181.0
278.0
160.0
174.0
156.0
220.0
136.0
338.0
123.0
156.0
191.0
171.0
139.0
146.0
130.0
202.0
74.0
132.0
117.0
125.0
197.0
138.0
128.0
258.0
170.0
112.0
100.0
198.0
203.0
144.0
124.0
157.0
162.0
266.0
148.0
208.0
153.0
132.0
214.0
122.0
183.0
254.0
101.0
130.0
56.0
182.0
120.0
236.0
152.0
198.0
500.0
172.0
111.0
104.0
115.0
196.0
247.0
140.0
128.0
288.0
169.0
100.0
123.0
214.0
261.0
144.0
116.0
100.0
144.0
84.0
158.0
105.0
260.0
136.0
240.0
206.0
158.0
197.0
131.0
500.0
238.0
252.0
226.0
108.0
167.0
168.0
201.0
131.0
254.0
178.0
109.0
104.0
140.0
115.0
500.0
100.0
107.0
255.0
500.0
114.0
134.0
219.0
216.0
242.0
136.0
149.0
252.0
99.0
127.0
113.0
270.0
359.0
200.0
116.0
250.0
173.0
137.0
100.0
292.0
95.0
126.0
33.0
164.0
500.0
236.0
106.0
239.0
94.0
216.0
144.0
113.0
206.0
148.0
132.0
266.0
156.0
500.0
124.0
124.0
185.0
108.0
128.0
251.0
108.0
264.0
238.0
279.0
272.0
151.0
134.0
107.0
141.0
105.0
214.0
97.0
287.0
224.0
124.0
129.0
154.0
150.0
96.0
298.0
229.0
303.0
113.0
103.0
202.0
378.0
190.0
121.0
182.0
109.0
249.0
221.0
176.0
134.0
152.0
146.0
127.0
131.0
162.0
87.0
199.0
85.0
212.0
206.0
279.0
67.0
248.0
203.0
188.0
233.0
260.0
277.0
247.0
72.0
130.0
128.0
128.0
254.0
500.0
146.0
229.0
112.0
99.0
104.0
248.0
340.0
265.0
197.0
155.0
144.0
192.0
74.0
140.0
59.0
126.0
261.0
129.0
121.0
148.0
96.0
191.0
243.0
123.0
277.0
177.0
274.0
183.0
105.0
124.0
125.0
500.0
102.0
106.0
152.0
116.0
223.0
88.0
117.0
101.0
143.0
132.0
103.0
169.0
107.0
162.0
136.0
128.0
183.0
217.0
224.0
109.0
159.0
201.0
175.0
109.0
67.0
118.0
121.0
118.0
255.0
500.0
129.0
136.0
214.0
123.0
188.0
112.0
133.0
297.0
146.0
115.0
112.0
135.0
204.0
181.0
139.0
141.0
206.0
113.0
107.0
119.0
113.0
144.0
105.0
135.0
101.0
500.0
149.0
122.0
165.0
122.0
249.0
172.0
256.0
226.0
252.0
116.0
124.0
196.0
118.0
241.0
98.0
296.0
117.0
176.0
127.0
130.0
193.0
174.0
207.0
141.0
188.0
103.0
106.0
345.0
176.0
113.0
125.0
500.0
133.0
140.0
110.0
128.0
119.0
109.0
301.0
260.0
178.0
135.0
428.0
194.0
184.0
135.0
202.0
124.0
122.0
255.0
64.0
113.0
136.0
215.0
116.0
93.0
118.0
137.0
177.0
121.0
163.0
189.0
121.0
109.0
102.0
165.0
116.0
500.0
137.0
124.0
112.0
119.0
126.0
107.0
102.0
103.0
121.0
134.0
124.0
180.0
126.0
198.0
63.0
204.0
171.0
139.0
217.0
155.0
117.0
113.0
292.0
112.0
300.0
107.0
128.0
121.0
176.0
257.0
213.0
212.0
116.0
130.0
136.0
186.0
162.0
107.0
268.0
199.0
161.0
117.0
127.0
303.0
217.0
108.0
104.0
105.0
183.0
174.0
197.0
264.0
316.0
124.0
142.0
186.0
141.0
191.0
120.0
143.0
102.0
205.0
120.0
167.0
142.0
125.0
323.0
62.0
239.0
248.0
105.0
254.0
108.0
110.0
125.0
268.0
211.0
112.0
122.0
92.0
154.0
145.0
148.0
125.0
133.0
189.0
211.0
126.0
223.0
128.0
139.0
401.0
145.0
113.0
133.0
258.0
244.0
119.0
213.0
124.0
128.0
138.0
500.0
129.0
35.0
120.0
151.0
127.0
136.0
201.0
155.0
113.0
144.0
138.0
105.0
115.0
233.0
129.0
182.0
133.0
112.0
232.0
156.0
126.0
134.0
164.0
248.0
247.0
251.0
329.0
121.0
116.0
134.0
117.0
221.0
390.0
125.0
145.0
107.0
115.0
226.0
172.0
154.0
120.0
253.0
115.0
242.0
293.0
129.0
190.0
108.0
180.0
128.0
149.0
500.0
500.0
114.0
206.0
198.0
141.0
116.0
141.0
153.0
35.0
67.0
120.0
108.0
122.0
249.0
133.0
242.0
148.0
131.0
347.0
120.0
120.0
137.0
123.0
216.0
109.0
149.0
307.0
103.0
114.0
116.0
185.0
157.0
130.0
138.0
139.0
182.0
136.0
120.0
141.0
330.0
122.0
116.0
144.0
107.0
120.0
108.0
120.0
122.0
500.0
177.0
229.0
288.0
111.0
145.0
97.0
208.0
118.0
147.0
321.0
206.0
115.0
176.0
212.0
178.0
198.0
315.0
123.0
199.0
130.0
122.0
96.0
161.0
282.0
121.0
127.0
155.0
113.0
124.0
308.0
124.0
197.0
97.0
275.0
119.0
135.0
210.0
131.0
154.0
115.0
127.0
226.0
336.0
171.0
127.0
120.0
121.0
142.0
155.0
252.0
255.0
177.0
33.0
220.0
147.0
124.0
317.0
180.0
105.0
116.0
126.0
351.0
142.0
124.0
70.0
118.0
123.0
229.0
112.0
118.0
148.0
222.0
151.0
308.0
118.0
141.0
129.0
129.0
257.0
150.0
120.0
289.0
192.0
196.0
245.0
241.0
326.0
143.0
130.0
117.0
134.0
133.0
123.0
77.0
120.0
180.0
212.0
182.0
111.0
110.0
304.0
252.0
225.0
261.0
120.0
108.0
130.0
102.0
129.0
131.0
131.0
141.0
130.0
179.0
112.0
156.0
257.0
120.0
229.0
256.0
212.0
236.0
123.0
277.0
141.0
130.0
500.0
262.0
131.0
148.0
166.0
144.0
128.0
127.0
238.0
153.0
237.0
135.0
213.0
164.0
137.0
185.0
217.0
110.0
139.0
235.0
102.0
90.0
138.0
125.0
131.0
119.0
115.0
145.0
183.0
115.0
222.0
138.0
146.0
125.0
130.0
88.0
128.0
149.0
111.0
175.0
133.0
135.0
236.0
105.0
144.0
161.0
320.0
132.0
114.0
108.0
277.0
341.0
113.0
119.0
112.0
128.0
127.0
255.0
196.0
119.0
116.0
95.0
244.0
128.0
95.0
141.0
293.0
127.0
139.0
258.0
144.0
265.0
127.0
130.0
133.0
242.0
230.0
151.0
235.0
186.0
141.0
206.0
123.0
113.0
222.0
126.0
105.0
148.0
213.0
287.0
225.0
236.0
236.0
190.0
270.0
114.0
112.0
142.0
111.0
258.0
281.0
154.0
105.0
144.0
131.0
112.0
227.0
159.0
148.0
218.0
481.0
123.0
227.0
129.0
128.0
147.0
230.0
245.0
303.0
119.0
155.0
141.0
134.0
178.0
500.0
111.0
126.0
232.0
128.0
133.0
105.0
249.0
233.0
121.0
191.0
139.0
99.0
136.0
141.0
188.0
122.0
119.0
111.0
208.0
162.0
182.0
212.0
224.0
112.0
145.0
240.0
244.0
297.0
133.0
116.0
119.0
151.0
234.0
247.0
251.0
245.0
308.0
244.0
114.0
213.0
130.0
229.0
217.0
280.0
115.0
273.0
381.0
112.0
193.0
142.0
123.0
130.0
105.0
104.0
119.0
197.0
104.0
112.0
279.0
194.0
191.0
236.0
122.0
175.0
135.0
216.0
243.0
147.0
104.0
192.0
138.0
212.0
162.0
260.0
153.0
118.0
198.0
273.0
99.0
115.0
129.0
128.0
108.0
191.0
126.0
223.0
125.0
251.0
125.0
95.0
131.0
121.0
213.0
133.0
161.0
67.0
166.0
242.0
326.0
307.0
135.0
270.0
143.0
319.0
243.0
249.0
240.0
171.0
132.0
122.0
139.0
231.0
128.0
131.0
159.0
113.0
216.0
277.0
135.0
98.0
125.0
104.0
131.0
129.0
121.0
309.0
115.0
255.0
231.0
206.0
136.0
146.0
111.0
112.0
257.0
500.0
175.0
117.0
123.0
207.0
206.0
253.0
166.0
150.0
120.0
103.0
245.0
126.0
111.0
188.0
127.0
119.0
252.0
276.0
200.0
132.0
119.0
249.0
278.0
100.0
135.0
404.0
262.0
111.0
170.0
126.0
208.0
184.0
500.0
118.0
291.0
208.0
175.0
108.0
241.0
260.0
242.0
196.0
344.0
138.0
117.0
108.0
159.0
112.0
135.0
212.0
123.0
184.0
125.0
140.0
148.0
209.0
131.0
196.0
308.0
163.0
143.0
98.0
153.0
105.0
190.0
119.0
145.0
101.0
322.0
281.0
302.0
119.0
240.0
117.0
144.0
248.0
233.0
265.0
108.0
320.0
141.0
131.0
246.0
100.0
301.0
123.0
143.0
120.0
117.0
239.0
198.0
169.0
235.0
500.0
268.0
127.0
194.0
367.0
158.0
237.0
123.0
500.0
209.0
190.0
132.0
139.0
208.0
231.0
209.0
112.0
115.0
207.0
122.0
122.0
153.0
240.0
141.0
173.0
133.0
182.0
61.0
115.0
129.0
267.0
119.0
234.0
154.0
132.0
128.0
99.0
222.0
158.0
122.0
131.0
74.0
117.0
500.0
156.0
130.0
500.0
231.0
252.0
96.0
88.0
114.0
133.0
169.0
155.0
136.0
236.0
218.0
157.0
302.0
98.0
143.0
139.0
127.0
127.0
218.0
347.0
143.0
140.0
188.0
128.0
399.0
148.0
187.0
179.0
119.0
91.0
142.0
121.0
106.0
305.0
124.0
245.0
146.0
245.0
299.0
108.0
127.0
296.0
184.0
193.0
124.0
212.0
123.0
178.0
185.0
127.0
213.0
182.0
146.0
173.0
115.0
186.0
127.0
114.0
142.0
219.0
119.0
139.0
147.0
139.0
153.0
130.0
158.0
168.0
140.0
123.0
220.0
270.0
185.0
222.0
188.0
307.0
129.0
266.0
212.0
258.0
201.0
383.0
172.0
500.0
154.0
206.0
140.0
216.0
132.0
159.0
178.0
125.0
176.0
254.0
108.0
112.0
100.0
268.0
111.0
143.0
108.0
253.0
140.0
152.0
179.0
160.0
161.0
235.0
131.0
254.0
186.0
179.0
96.0
203.0
183.0
307.0
145.0
249.0
237.0
199.0
147.0
116.0
235.0
117.0
203.0
408.0
115.0
145.0
129.0
118.0
135.0
134.0
185.0
173.0
100.0
149.0
212.0
138.0
148.0
111.0
111.0
103.0
139.0
111.0
113.0
144.0
190.0
195.0
137.0
181.0
118.0
156.0
104.0
170.0
123.0
124.0
500.0
95.0
145.0
275.0
115.0
87.0
202.0
116.0
127.0
107.0
128.0
203.0
145.0
307.0
142.0
194.0
112.0
119.0
253.0
133.0
164.0
118.0
215.0
109.0
135.0
115.0
147.0
141.0
154.0
152.0
124.0
168.0
223.0
200.0
182.0
111.0
228.0
140.0
162.0
98.0
133.0
112.0
290.0
101.0
102.0
116.0
500.0
123.0
182.0
313.0
272.0
123.0
122.0
135.0
99.0
288.0
105.0
300.0
267.0
135.0
229.0
122.0
174.0
111.0
142.0
156.0
142.0
109.0
242.0
140.0
190.0
280.0
115.0
164.0
134.0
115.0
101.0
205.0
86.0
174.0
265.0
145.0
207.0
339.0
169.0
106.0
145.0
118.0
123.0
396.0
165.0
185.0
116.0
201.0
500.0
118.0
214.0
137.0
487.0
393.0
308.0
216.0
129.0
184.0
143.0
180.0
263.0
101.0
204.0
96.0
500.0
129.0
223.0
109.0
117.0
127.0
106.0
168.0
500.0
199.0
208.0
106.0
151.0
112.0
269.0
284.0
174.0
109.0
123.0
129.0
220.0
151.0
106.0
236.0
500.0
137.0
224.0
233.0
96.0
99.0
215.0
113.0
115.0
146.0
144.0
139.0
114.0
119.0
411.0
126.0
130.0
197.0
356.0
238.0
206.0
113.0
101.0
103.0
205.0
273.0
95.0
236.0
136.0
132.0
160.0
103.0
122.0
500.0
166.0
202.0
189.0
102.0
101.0
193.0
145.0
324.0
114.0
141.0
114.0
109.0
107.0
270.0
137.0
139.0
273.0
113.0
137.0
138.0
101.0
152.0
121.0
129.0
99.0
123.0
138.0
187.0
230.0
53.0
137.0
237.0
248.0
123.0
223.0
37.0
170.0
496.0
186.0
121.0
146.0
131.0
132.0
187.0
116.0
103.0
112.0
134.0
169.0
134.0
203.0
192.0
135.0
125.0
214.0
190.0
133.0
500.0
265.0
111.0
285.0
151.0
140.0
195.0
142.0
257.0
190.0
127.0
288.0
126.0
228.0
190.0
126.0
186.0
128.0
176.0
159.0
162.0
182.0
297.0
214.0
208.0
155.0
157.0
291.0
262.0
130.0
282.0
228.0
305.0
166.0
269.0
164.0
120.0
119.0
174.0
220.0
124.0
183.0
158.0
120.0
290.0
150.0
125.0
321.0
198.0
144.0
266.0
180.0
311.0
114.0
123.0
118.0
143.0
127.0
134.0
168.0
178.0
133.0
173.0
196.0
187.0
246.0
418.0
142.0
237.0
111.0
201.0
146.0
125.0
173.0
163.0
197.0
425.0
140.0
194.0
148.0
140.0
158.0
134.0
122.0
229.0
218.0
224.0
233.0
115.0
105.0
251.0
174.0
171.0
180.0
132.0
227.0
150.0
135.0
145.0
147.0
132.0
172.0
193.0
133.0
143.0
130.0
140.0
147.0
171.0
133.0
127.0
159.0
194.0
117.0
181.0
169.0
152.0
196.0
131.0
173.0
133.0
256.0
191.0
256.0
191.0
385.0
269.0
161.0
160.0
130.0
116.0
159.0
136.0
255.0
203.0
128.0
156.0
414.0