9.0
9.0
11.0
10.0
8.0
9.0
10.0
9.0
8.0
11.0
11.0
11.0
10.0
10.0
8.0
10.0
12.0
9.0
11.0
14.0
11.0
11.0
14.0
13.0
12.0
15.0
13.0
14.0
12.0
17.0
16.0
17.0
13.0
19.0
26.0
27.0
33.0
28.0
16.0
26.0
28.0
30.0
24.0
10.0
34.0
38.0
35.0
33.0
10.0
31.0
38.0
44.0
35.0
35.0
23.0
45.0
35.0
38.0
32.0
26.0
36.0
32.0
31.0
36.0
35.0
43.0
33.0
33.0
37.0
34.0
47.0
38.0
42.0
42.0
35.0
33.0
78.0
46.0
43.0
51.0
48.0
93.0
57.0
51.0
59.0
50.0
39.0
27.0
154.0
51.0
50.0
87.0
46.0
136.0
90.0
46.0
53.0
46.0
68.0
50.0
48.0
81.0
94.0
175.0
124.0
139.0
72.0
54.0
79.0
177.0
51.0
143.0
49.0
38.0
128.0
158.0
58.0
77.0
83.0
60.0
156.0
110.0
223.0
179.0
108.0
247.0
167.0
52.0
160.0
123.0
250.0
205.0
210.0
65.0
188.0
235.0
39.0
401.0
32.0
500.0
496.0
61.0
150.0
48.0
70.0
55.0
67.0
131.0
100.0
120.0
46.0
46.0
326.0
58.0
140.0
158.0
64.0
186.0
167.0
147.0
191.0
116.0
44.0
56.0
186.0
124.0
160.0
248.0
140.0
122.0
86.0
181.0
150.0
210.0
52.0
313.0
52.0
128.0
73.0
211.0
246.0
210.0
41.0
210.0
183.0
47.0
166.0
188.0
50.0
184.0
125.0
170.0
265.0
73.0
126.0
65.0
276.0
48.0
119.0
208.0
500.0
185.0
271.0
500.0
500.0
122.0
338.0
155.0
500.0
500.0
337.0
325.0
251.0
500.0
500.0
177.0
500.0
500.0
500.0
500.0
213.0
370.0
253.0
238.0
192.0
311.0
500.0
201.0
219.0
191.0
500.0
500.0
500.0
85.0
260.0
349.0
500.0
500.0
500.0
500.0
500.0
500.0
500.0
429.0
500.0
361.0
500.0
117.0
500.0
500.0
500.0
500.0
500.0
500.0
500.0
500.0
500.0
500.0
500.0
500.0
500.0
500.0
500.0
500.0
500.0
500.0
500.0
500.0
500.0
500.0
500.0
500.0
500.0
500.0
500.0
500.0
500.0
500.0
500.0
500.0
500.0
500.0
500.0
500.0
500.0
500.0
500.0
500.0
500.0
500.0
500.0
500.0
500.0
500.0
500.0
500.0
500.0
500.0
500.0
500.0
500.0
500.0
500.0
500.0
500.0
500.0
500.0
500.0
500.0
500.0
500.0
500.0
500.0
500.0
500.0
500.0
500.0
500.0
500.0
500.0
500.0
500.0
500.0
500.0
500.0
500.0
500.0
51.0
500.0
500.0
500.0
500.0
500.0
500.0
500.0
500.0
500.0
500.0
487.0
500.0
500.0
500.0
500.0
500.0
500.0
500.0
500.0
500.0
500.0
500.0
500.0
500.0
500.0
500.0
500.0
463.0
500.0
500.0
500.0
500.0
500.0
500.0
500.0
500.0
500.0
500.0
500.0
500.0
500.0
472.0
500.0
500.0
500.0
500.0
500.0
500.0
500.0
500.0
500.0
500.0
500.0
500.0
500.0
500.0
500.0
500.0
500.0
500.0
500.0
500.0
500.0
500.0
500.0
500.0
500.0
500.0
500.0
500.0
500.0
500.0
500.0
500.0
500.0
500.0
421.0
500.0
500.0
500.0
500.0
500.0
500.0
500.0
500.0
500.0
500.0
500.0
500.0
500.0
500.0
500.0
304.0
500.0
500.0
500.0
500.0
500.0
290.0
500.0
500.0
500.0
500.0
500.0
500.0
500.0
500.0
500.0
500.0
500.0
500.0
500.0
500.0
500.0
500.0
500.0
500.0
500.0
500.0
500.0
500.0
500.0
500.0
500.0
500.0
500.0
500.0
500.0
500.0
500.0
500.0
500.0
500.0
500.0
500.0
500.0
500.0
500.0
500.0
500.0
500.0
500.0
500.0
500.0
500.0
500.0
500.0
500.0
500.0
500.0
500.0
500.0
500.0
500.0
500.0
500.0
500.0
500.0
500.0
500.0
500.0
500.0
421.0
500.0
500.0
500.0
500.0
500.0
500.0
500.0
500.0
500.0
500.0
500.0
500.0
500.0
500.0
500.0
500.0
500.0
500.0
500.0
500.0
500.0
500.0
500.0
437.0
500.0
500.0
500.0
500.0
500.0
500.0
500.0
500.0
500.0
500.0
500.0
500.0
500.0
500.0
500.0
500.0
500.0
500.0
500.0
388.0
500.0
500.0
500.0
500.0
500.0
500.0
500.0
500.0
500.0
500.0
500.0
500.0
447.0
500.0
500.0
500.0
500.0
500.0
500.0
500.0
500.0
500.0
500.0
500.0
500.0
500.0
500.0
500.0
500.0
500.0
500.0
500.0
500.0
500.0
500.0
500.0
500.0
500.0
500.0
500.0
500.0
500.0
500.0
500.0
500.0
500.0
500.0
500.0
500.0
500.0
500.0
500.0
500.0
500.0
500.0
500.0
500.0
500.0
500.0
500.0
500.0
500.0
500.0
500.0
500.0
500.0
500.0
500.0
500.0
500.0
500.0
500.0
500.0
500.0
500.0
500.0
500.0
500.0
500.0
500.0
500.0
500.0
500.0
500.0
500.0
500.0
500.0
500.0
500.0
500.0
500.0
500.0
500.0
500.0
500.0
500.0
500.0
500.0
500.0
500.0
500.0
500.0
500.0
500.0
500.0
500.0
500.0
500.0
500.0
500.0
500.0
500.0
500.0
500.0
500.0
500.0
500.0
500.0
500.0
500.0
500.0
500.0
500.0
500.0
500.0
500.0
500.0
500.0
500.0
500.0
500.0
500.0
500.0
500.0
500.0
500.0
500.0
500.0
500.0
500.0
500.0
500.0
500.0
500.0
500.0
500.0
500.0
500.0
500.0
500.0
500.0
500.0
500.0
500.0
500.0
500.0
500.0
500.0
500.0
500.0
500.0
500.0
500.0
407.0
500.0
500.0
500.0
500.0
500.0
500.0
500.0
500.0
500.0
500.0
500.0
500.0
500.0
500.0
500.0
500.0
500.0
500.0
500.0
500.0
500.0
500.0
500.0
500.0
500.0
500.0
500.0
500.0
500.0
500.0
500.0
500.0
500.0
500.0
500.0
500.0
500.0
500.0
476.0
500.0
500.0
500.0
500.0
500.0
500.0
500.0
500.0
500.0
344.0
500.0
500.0
500.0
500.0
500.0
500.0
500.0
500.0
500.0
500.0
500.0
500.0
500.0
500.0
500.0
500.0
500.0
500.0
500.0
500.0
500.0
500.0
500.0
500.0
500.0
500.0
500.0
500.0
500.0
500.0
500.0
500.0
500.0
500.0
500.0
500.0
500.0
500.0
500.0
500.0
500.0
500.0
500.0
500.0
500.0
500.0
500.0
500.0
500.0
500.0
500.0
500.0
500.0
500.0
500.0
500.0
500.0
500.0
500.0
500.0
500.0
500.0
500.0
500.0
500.0
500.0
500.0
500.0
500.0
500.0
500.0
500.0
500.0
500.0
500.0
500.0
500.0
500.0
500.0
500.0
500.0
500.0
500.0
500.0
500.0
500.0
500.0
500.0
500.0
500.0
500.0
500.0
500.0
500.0
500.0
500.0
500.0
500.0
500.0
500.0
500.0
500.0
500.0
500.0
500.0
500.0
500.0
500.0
500.0
500.0
500.0
500.0
500.0
500.0
500.0
500.0
500.0
500.0
500.0
500.0
500.0
500.0
500.0
500.0
500.0
500.0
500.0
500.0
500.0
500.0
500.0
500.0
500.0
500.0
500.0
500.0
500.0
500.0
500.0
500.0
500.0
500.0
500.0
500.0
500.0
500.0
500.0
500.0
500.0
500.0
500.0
500.0
500.0
500.0
500.0
500.0
500.0
500.0
500.0
500.0
500.0
500.0
500.0
500.0
500.0
500.0
500.0
500.0
500.0
500.0
500.0
500.0
500.0
500.0
500.0
500.0
500.0
500.0
500.0
500.0
500.0
500.0
500.0
500.0
500.0
500.0
500.0
500.0
500.0
500.0
500.0
500.0
500.0
500.0
500.0
500.0
500.0
500.0
500.0
500.0
500.0
500.0
500.0
500.0
500.0
500.0
500.0
500.0
500.0
500.0
500.0
500.0
500.0
500.0
500.0
500.0
500.0
500.0
500.0
500.0
500.0
500.0
500.0
500.0
500.0
500.0
500.0
500.0
500.0
500.0
500.0
500.0
500.0
500.0
500.0
500.0
500.0
500.0
500.0
500.0
500.0
500.0
500.0
500.0
500.0
500.0
500.0
500.0
500.0
500.0
500.0
500.0
500.0
500.0
500.0
500.0
500.0
500.0
500.0
500.0
500.0
500.0
500.0
500.0
500.0
500.0
500.0
500.0
500.0
500.0
500.0
500.0
500.0
500.0
500.0
500.0
500.0
500.0
500.0
500.0
500.0
500.0
500.0
500.0
500.0
500.0
500.0
500.0
500.0
500.0
500.0
500.0
500.0
500.0
500.0
500.0
500.0
500.0
500.0
500.0
500.0
500.0
500.0
500.0
500.0
500.0
500.0
500.0
500.0
500.0
500.0
500.0
500.0
500.0
500.0
500.0
500.0
500.0
500.0
500.0
500.0
500.0
500.0
500.0
500.0
500.0
500.0
500.0
500.0
500.0
500.0
500.0
500.0
500.0
500.0
500.0
500.0
500.0
500.0
500.0
500.0
500.0
500.0
500.0
500.0
500.0
500.0
500.0
500.0
500.0
500.0
500.0
500.0
500.0
500.0
500.0
500.0
500.0
500.0
500.0
500.0
500.0
500.0
500.0
500.0
500.0
500.0
500.0
500.0
500.0
500.0
500.0
500.0
500.0
500.0
500.0
500.0
500.0
500.0
500.0
500.0
500.0
500.0
500.0
500.0
500.0
500.0
500.0
500.0
500.0
500.0
500.0
500.0
500.0
500.0
500.0
500.0
500.0
500.0
500.0
500.0
500.0
500.0
500.0
500.0
500.0
500.0
500.0
500.0
500.0
500.0
500.0
500.0
500.0
500.0
500.0
500.0
500.0
500.0
500.0
500.0
500.0
500.0
500.0
500.0
500.0
500.0
500.0
500.0
500.0
500.0
500.0
500.0
500.0
500.0
500.0
500.0
500.0
500.0
500.0
500.0
500.0
500.0
500.0
500.0
500.0
500.0
500.0
500.0
500.0
500.0
500.0
500.0
500.0
500.0
500.0
500.0
500.0
500.0
500.0
500.0
500.0
500.0
500.0
500.0
500.0
500.0
500.0
500.0
500.0
500.0
500.0
500.0
500.0
500.0
500.0
500.0
500.0
500.0
500.0
500.0
500.0
500.0
500.0
500.0
500.0
500.0
500.0
500.0
500.0
500.0
500.0
500.0
500.0
500.0
500.0
500.0
500.0
500.0
500.0
500.0
500.0
500.0
500.0
500.0
500.0
500.0
500.0
500.0
500.0
500.0
500.0
500.0
500.0
500.0
500.0
500.0
500.0
500.0
500.0
500.0
500.0
500.0
500.0
500.0
500.0
500.0
500.0
500.0
500.0
500.0
500.0
500.0
500.0
500.0
500.0
500.0
500.0
500.0
500.0
500.0
500.0
500.0
500.0
500.0
500.0
500.0
500.0
500.0
500.0
500.0
500.0
500.0
500.0
500.0
500.0
500.0
500.0
500.0
500.0
500.0
500.0
500.0
500.0
500.0
500.0
500.0
500.0
500.0
500.0
500.0
500.0
500.0
500.0
500.0
500.0
500.0
500.0
500.0
500.0
500.0
500.0
500.0
500.0
500.0
500.0
500.0
500.0
500.0
500.0
500.0
500.0
500.0
500.0
500.0
500.0
500.0
500.0
500.0
500.0
500.0
500.0
500.0
500.0
497.0
500.0
500.0
500.0
500.0
500.0
500.0
500.0
500.0
500.0
500.0
500.0
500.0
500.0
500.0
500.0
500.0
500.0
500.0
500.0
500.0
500.0
500.0
500.0
500.0
500.0
500.0
500.0
500.0
500.0
500.0
500.0
500.0
500.0
500.0
500.0
500.0
500.0
500.0
500.0
500.0
500.0
500.0
500.0
500.0
500.0
500.0
500.0
500.0
500.0
500.0
500.0
500.0
500.0
500.0
500.0
500.0
500.0
500.0
500.0
500.0
500.0
500.0
500.0
500.0
500.0
500.0
500.0
500.0
500.0
500.0
500.0
500.0
500.0
500.0
500.0
500.0
500.0
500.0
500.0
500.0
500.0
500.0
500.0
500.0
500.0
500.0
500.0
500.0
500.0
500.0
500.0
500.0
500.0
500.0
500.0
500.0
500.0
500.0
500.0
500.0
500.0
500.0
500.0
500.0
500.0
500.0
500.0
500.0
500.0
500.0
500.0
500.0
500.0
500.0
500.0
500.0
500.0
500.0
500.0
500.0
500.0
500.0
500.0
500.0
500.0
500.0
500.0
500.0
500.0
500.0
500.0
500.0
500.0
500.0
500.0
500.0
500.0
500.0
373.0
500.0
500.0
500.0
500.0
500.0
500.0
500.0
500.0
500.0
500.0
500.0
500.0
500.0
500.0
500.0
500.0
500.0
500.0
500.0
500.0
500.0
500.0
500.0
500.0
500.0
500.0
500.0
500.0
500.0
500.0
500.0
500.0
500.0
500.0
500.0
500.0
500.0
500.0
500.0
500.0
395.0
500.0
500.0
500.0
500.0
500.0
500.0
500.0
500.0
500.0
500.0
500.0
500.0
500.0
500.0
500.0
500.0
500.0
500.0
500.0
500.0
500.0
500.0
500.0
500.0
500.0
500.0
500.0
500.0
500.0
500.0
500.0
500.0
500.0
500.0
500.0
500.0
500.0
500.0
500.0
500.0
500.0
500.0
500.0
500.0
500.0
500.0
500.0
500.0
500.0
500.0
500.0
500.0
500.0
500.0
500.0
500.0
500.0
500.0
500.0
500.0
500.0
500.0
500.0
500.0
500.0
500.0
500.0
500.0
500.0
500.0
500.0
500.0
500.0
500.0
500.0
500.0
500.0
500.0
500.0
500.0
500.0
500.0
500.0
500.0
500.0
500.0
500.0
500.0
500.0
500.0
500.0
500.0
500.0
500.0
500.0
500.0
500.0
500.0
500.0
500.0
500.0
500.0
500.0
500.0
500.0
500.0
500.0
500.0
500.0
500.0
500.0
500.0
500.0
500.0
500.0
500.0
500.0
500.0
500.0
500.0
500.0
500.0
500.0
500.0
500.0
500.0
500.0
500.0
500.0
500.0
500.0
500.0
500.0
500.0
500.0
500.0
500.0
500.0
500.0
500.0
500.0
500.0
500.0
500.0
500.0
500.0
500.0
500.0
500.0
500.0
500.0
500.0
500.0
500.0
500.0
500.0
500.0
500.0
500.0
500.0
500.0
500.0
500.0
500.0
500.0
500.0
500.0
500.0
500.0
500.0
500.0
500.0
500.0
500.0
500.0
500.0
500.0
500.0
500.0
500.0
500.0
500.0
500.0
500.0
500.0
500.0
500.0
500.0
500.0
500.0
500.0
500.0
500.0
500.0
500.0
500.0
500.0
500.0
500.0
500.0
500.0
500.0
500.0
500.0
500.0
500.0
500.0
500.0
500.0
500.0
500.0
500.0
500.0
500.0
500.0
500.0
500.0
500.0
500.0
500.0
500.0
500.0
500.0
500.0
500.0
500.0
500.0
500.0
500.0
500.0
500.0
500.0
500.0
500.0
500.0
500.0
500.0
500.0
500.0
500.0
500.0
500.0
500.0
500.0
500.0
500.0
500.0
500.0
500.0
500.0
500.0
500.0
500.0
500.0
500.0
500.0
500.0
500.0
500.0
500.0
500.0
500.0
500.0
500.0
500.0
500.0
500.0
500.0
500.0
500.0
500.0
500.0
500.0
500.0
500.0
500.0
500.0
500.0
500.0
500.0
500.0
500.0
500.0
500.0
500.0
500.0
500.0
500.0
500.0
500.0
500.0
500.0
500.0
500.0
500.0
500.0
500.0
500.0
500.0
500.0
500.0
500.0
500.0
500.0
500.0
500.0
500.0
500.0
500.0
500.0
500.0
500.0
500.0
500.0
500.0
500.0
500.0
500.0
500.0
500.0
500.0
500.0
500.0
500.0
500.0
500.0
500.0
500.0
500.0
500.0
500.0
500.0
500.0
500.0
500.0
500.0
500.0
500.0
500.0
500.0
500.0
500.0
500.0
500.0
500.0
500.0
500.0
500.0
500.0
500.0
500.0
500.0
500.0
500.0
500.0
500.0
500.0
500.0
500.0
500.0
500.0
500.0
500.0
500.0
500.0
500.0
500.0
500.0
500.0
500.0
500.0
500.0
500.0
500.0
500.0
500.0
500.0
500.0
500.0
500.0
500.0
500.0
500.0
500.0
500.0
500.0
500.0
500.0
500.0
500.0
500.0
500.0
500.0
500.0
500.0
500.0
500.0
500.0
500.0
500.0
500.0
500.0
500.0
500.0
500.0
500.0
500.0
500.0
500.0
500.0
500.0
500.0
500.0
500.0
500.0
500.0
500.0
500.0
500.0
500.0
500.0
500.0
500.0
500.0
500.0
500.0
500.0
500.0
500.0
500.0
500.0
500.0
500.0
500.0
500.0
500.0
500.0
500.0
500.0
500.0
500.0
500.0
500.0
500.0
500.0
500.0
500.0
500.0
500.0
500.0
500.0
500.0
500.0
500.0
500.0
500.0
500.0
500.0
500.0
500.0
500.0
500.0
500.0
500.0
500.0
500.0
500.0
500.0
500.0
500.0
500.0
500.0
500.0
500.0
500.0
500.0
500.0
500.0
500.0
500.0
500.0
500.0
500.0
500.0
500.0
500.0
500.0
500.0
500.0
500.0
500.0
500.0
500.0
500.0
500.0
500.0
500.0
500.0
500.0
500.0
500.0
500.0
500.0
500.0
500.0
500.0
500.0
500.0
500.0
500.0
500.0
500.0
500.0
500.0
500.0
500.0
500.0
500.0
500.0
500.0
500.0
500.0
500.0
500.0
500.0
500.0
500.0
500.0
500.0
500.0
500.0
500.0
500.0
500.0
500.0
500.0
500.0
500.0
500.0
500.0
500.0
500.0
500.0
500.0
500.0
500.0
500.0
500.0
500.0
500.0
500.0
500.0
500.0
500.0
500.0
500.0
500.0
500.0
500.0
500.0
500.0
500.0
500.0
500.0
500.0
500.0
500.0
500.0
500.0
500.0
500.0
500.0
500.0
500.0
500.0
500.0
500.0
500.0
500.0
500.0
500.0
500.0
500.0
500.0
500.0
500.0
500.0
500.0
500.0
500.0
500.0
500.0
500.0
500.0
500.0
500.0
500.0
500.0
500.0
500.0
500.0
500.0
500.0
500.0
500.0
500.0
500.0
500.0
500.0
500.0
500.0
500.0
500.0
500.0
500.0
500.0
500.0
500.0
500.0
500.0
500.0
500.0
500.0
500.0
500.0
500.0
500.0
500.0
500.0
500.0
500.0
500.0
500.0
500.0
500.0
500.0
500.0
500.0
500.0
500.0
500.0
500.0
500.0
500.0
500.0
500.0
500.0
500.0
500.0
500.0
500.0
500.0
500.0
500.0
500.0
500.0
500.0
500.0
500.0
500.0
500.0
500.0
500.0
500.0
500.0
500.0
500.0
500.0
500.0
500.0
500.0
500.0
500.0
500.0
500.0
500.0
500.0
500.0
500.0
500.0
500.0
500.0
500.0
500.0
500.0
500.0
500.0
500.0
500.0
500.0
500.0
500.0
500.0
500.0
500.0
500.0
500.0
500.0
500.0
500.0
500.0
500.0
500.0
500.0
500.0
500.0
500.0
500.0
500.0
500.0
500.0
500.0
500.0
500.0
500.0
500.0
500.0
500.0
500.0
500.0
500.0
500.0
500.0
500.0
500.0
500.0
500.0
500.0
500.0
500.0
500.0
500.0
500.0
500.0
500.0
500.0
500.0
500.0
500.0
500.0
500.0
500.0
500.0
500.0
500.0
500.0
500.0
500.0
500.0
500.0
500.0
500.0
500.0
500.0
500.0
500.0
500.0
500.0
500.0
500.0
500.0
500.0
500.0
500.0
500.0
500.0
500.0
500.0
500.0
500.0
500.0
500.0
500.0
500.0
500.0
500.0
500.0
500.0
500.0
500.0
500.0
500.0
500.0
500.0
500.0
500.0
500.0
500.0
500.0
500.0
500.0
500.0
500.0
500.0
500.0
500.0
500.0
500.0
500.0
500.0
500.0
500.0
500.0
500.0
500.0
500.0
500.0
500.0
500.0
500.0
500.0
500.0
500.0
500.0
500.0
500.0
500.0
500.0
500.0
500.0
500.0
500.0
500.0
500.0
500.0
500.0
500.0
500.0
500.0
500.0
500.0
500.0
500.0
500.0
500.0
500.0
500.0
500.0
500.0
500.0
500.0
500.0
500.0
500.0
500.0
500.0
500.0
500.0
500.0
500.0
500.0
500.0
500.0
500.0
500.0
500.0
500.0
500.0
500.0
500.0
500.0
500.0
500.0
500.0
500.0
500.0
500.0
500.0
500.0
500.0
500.0
500.0
500.0
500.0
500.0
500.0
500.0
500.0
500.0
500.0
500.0
500.0
500.0
500.0
500.0
500.0
500.0
500.0
500.0
500.0
500.0
500.0
500.0
500.0
500.0
500.0
500.0
500.0
500.0
500.0
500.0
500.0
500.0
500.0
500.0
500.0
500.0
500.0
500.0
500.0
500.0
500.0
500.0
500.0
500.0
500.0
500.0
500.0
500.0
500.0
500.0
500.0
500.0
500.0
500.0
500.0
500.0
500.0
500.0
500.0
500.0
500.0
500.0
500.0
500.0
500.0
500.0
500.0
500.0
500.0
500.0
500.0
500.0
496.0
500.0
500.0
500.0
500.0
500.0
500.0
478.0
474.0
500.0
491.0
500.0
500.0
500.0
500.0
500.0
330.0
500.0
500.0
500.0
500.0
500.0
500.0
464.0
500.0
500.0
500.0
430.0
500.0
500.0
500.0
500.0
500.0
500.0
500.0
500.0
500.0
500.0
500.0
500.0
500.0
500.0
500.0
500.0
475.0
491.0
500.0
500.0
500.0
500.0
500.0
365.0
500.0
500.0
500.0
500.0
500.0
500.0
500.0
500.0
500.0
500.0
500.0
500.0
500.0
500.0
500.0
500.0
500.0
500.0
500.0
500.0
500.0
500.0
500.0
500.0
500.0
500.0
500.0
500.0
500.0
500.0
500.0
500.0
500.0
474.0
500.0
500.0
500.0
500.0
500.0
500.0
500.0
499.0
500.0
500.0
500.0
500.0
500.0
500.0
500.0
468.0
500.0
500.0
500.0
500.0
500.0
500.0
500.0
500.0
500.0
500.0
500.0
500.0
500.0
500.0
500.0
500.0
499.0
500.0
500.0
500.0
500.0
500.0
500.0
500.0
500.0
500.0
500.0
500.0
500.0
500.0
500.0
500.0
500.0
344.0
500.0
500.0
500.0
500.0
500.0
500.0
500.0
500.0
500.0
500.0
500.0
500.0
500.0
500.0
487.0
500.0
500.0
500.0
500.0
479.0
500.0
500.0
500.0
500.0
500.0
500.0
500.0
500.0
500.0
500.0
500.0
494.0
500.0
500.0
500.0
500.0
487.0
500.0
500.0
500.0
500.0
500.0
500.0
500.0
500.0
500.0
500.0
500.0
500.0
500.0
500.0
500.0
500.0
500.0
500.0
500.0
500.0
460.0
500.0
500.0
500.0
479.0
500.0
500.0
500.0
500.0
500.0
500.0
500.0
500.0
500.0
500.0
500.0
500.0
500.0
500.0
500.0
500.0
500.0
492.0
500.0
500.0
500.0
489.0
500.0
500.0
500.0
500.0
500.0
500.0
500.0
500.0
500.0
500.0
500.0
500.0
500.0
500.0
500.0
500.0
500.0
500.0
499.0
467.0
500.0
500.0
500.0
500.0
500.0
500.0
500.0
500.0
500.0
500.0
500.0
500.0
500.0
500.0
500.0
500.0
500.0
468.0
500.0
500.0
500.0
500.0
500.0
500.0
500.0
482.0
500.0
500.0
500.0
500.0
500.0
500.0
500.0
500.0
500.0
500.0
500.0
500.0
500.0
500.0
500.0
500.0
500.0
500.0
500.0
500.0
500.0
500.0
500.0
500.0
500.0
500.0
479.0
500.0
500.0
500.0
500.0
500.0
500.0
500.0
500.0
500.0
500.0
500.0
500.0
500.0
466.0
500.0
500.0
500.0
500.0
500.0
500.0
500.0
500.0
500.0
500.0
500.0
500.0
500.0
500.0
500.0
500.0
500.0
500.0
500.0
500.0
500.0
500.0
500.0
500.0
500.0
470.0
500.0
500.0
500.0
500.0
500.0
500.0
500.0
500.0
500.0
500.0
500.0
500.0
500.0
500.0
500.0
500.0
500.0
500.0
500.0
500.0
500.0
500.0
500.0
500.0
500.0
500.0
500.0
500.0
500.0
500.0
500.0
500.0
500.0
500.0
500.0
500.0
499.0
500.0
500.0
500.0
500.0
500.0
450.0
500.0
500.0
500.0
500.0
500.0
500.0
500.0
484.0
500.0
500.0
500.0
500.0
500.0
500.0
500.0
500.0
500.0
500.0
500.0
500.0
500.0
500.0
500.0
500.0
500.0
500.0
500.0
500.0
500.0
500.0
500.0
500.0
500.0
500.0
500.0
500.0
500.0
500.0
500.0
500.0
500.0
500.0
500.0
500.0
500.0
500.0
500.0
500.0
500.0
485.0
500.0
500.0
500.0
500.0
493.0
500.0
500.0
500.0
500.0
500.0
500.0
500.0
500.0
500.0
500.0
451.0
500.0
500.0
500.0
500.0
485.0
500.0
500.0
500.0
500.0
500.0
476.0
500.0
500.0
500.0
500.0
500.0
500.0
500.0
500.0
500.0
489.0
500.0
500.0
500.0
500.0
500.0
500.0
500.0
500.0
500.0
500.0
500.0
500.0
500.0
500.0
500.0
500.0
500.0
500.0
500.0
500.0
500.0
500.0
500.0
500.0
500.0
500.0
500.0
500.0
500.0
500.0
500.0
500.0
500.0
500.0
500.0
500.0
500.0
500.0
500.0
500.0
500.0
500.0
500.0
500.0
500.0
500.0
500.0
500.0
500.0
500.0
495.0
500.0
500.0
500.0
500.0
500.0
500.0
500.0
500.0
500.0
500.0
500.0
500.0
500.0
500.0
500.0
500.0
500.0
500.0
500.0
500.0
500.0
500.0
500.0
500.0
500.0
500.0
500.0
500.0
500.0
500.0
500.0
500.0
500.0
500.0
500.0
500.0
500.0
500.0
500.0
500.0
500.0
500.0
500.0
500.0
500.0
500.0
500.0
500.0
500.0
500.0
500.0
500.0
500.0
500.0
500.0
500.0
500.0
500.0
500.0
500.0
500.0
495.0
500.0
500.0
500.0
500.0
500.0
500.0
500.0
500.0
500.0
500.0
500.0
500.0
500.0
485.0
500.0
497.0
500.0
500.0
500.0
500.0
500.0
500.0
500.0
500.0
360.0
500.0
488.0
500.0
500.0
500.0
500.0
500.0
500.0
500.0
500.0
500.0
500.0
500.0
500.0
500.0
500.0
500.0
500.0
500.0
500.0
500.0
500.0
500.0
500.0
500.0
500.0
500.0
500.0
500.0
500.0
500.0
500.0
500.0
500.0
500.0
500.0
500.0
500.0
499.0
500.0
500.0
500.0
500.0
500.0
500.0
500.0
480.0
500.0
500.0
500.0
500.0
500.0
500.0
500.0
500.0
500.0
500.0
500.0
500.0
500.0
500.0
479.0
500.0
500.0
500.0
500.0
500.0
500.0
500.0
500.0
500.0
500.0
500.0
500.0
500.0
500.0
500.0
500.0
500.0
500.0
500.0
500.0
500.0
500.0
500.0
500.0
500.0
500.0
500.0
500.0
500.0
500.0
500.0
500.0
500.0
500.0
500.0
500.0
500.0
500.0
500.0
500.0
500.0
500.0
500.0
500.0
500.0
500.0
500.0
500.0
500.0
500.0
500.0
500.0
500.0
500.0
500.0
500.0
500.0
500.0
500.0
500.0
500.0
500.0
500.0
500.0
500.0
500.0
500.0
500.0
500.0
500.0
500.0
500.0
500.0
500.0
500.0
500.0
500.0
500.0
500.0
500.0
500.0
500.0
500.0
500.0
500.0
500.0
500.0
500.0
500.0
500.0
500.0
500.0
500.0
500.0
500.0
500.0
500.0
500.0
500.0
500.0
500.0
500.0
500.0
500.0
500.0
500.0
500.0
500.0
500.0
500.0
500.0
500.0
500.0
500.0
500.0
500.0
500.0
500.0
500.0
500.0
500.0
500.0
500.0
500.0
500.0
500.0
500.0
500.0
500.0
500.0
500.0
500.0
500.0
500.0
500.0
500.0
500.0
500.0
500.0
500.0
500.0
500.0
500.0
500.0
500.0
500.0
500.0
500.0
500.0
500.0
500.0
500.0
500.0
500.0
500.0
500.0
500.0
500.0
500.0
500.0
500.0
500.0
500.0
500.0
500.0
500.0
500.0
500.0
500.0
500.0
500.0
500.0
500.0
500.0
500.0
500.0
500.0
500.0
500.0
500.0
500.0
500.0
500.0
500.0
500.0
500.0
500.0
500.0
500.0
500.0
500.0
500.0
500.0
500.0
500.0
500.0
500.0
500.0
500.0
500.0
500.0
500.0
500.0
500.0
500.0
500.0
500.0
500.0
500.0
500.0
500.0
500.0
500.0
500.0
500.0
500.0
500.0
500.0
500.0
500.0
500.0
500.0
500.0
500.0
500.0
500.0
500.0
500.0
500.0
500.0
500.0
500.0
500.0
500.0
500.0
500.0
500.0
500.0
500.0
500.0
500.0
500.0
500.0
500.0
500.0
500.0
500.0
500.0
500.0
500.0
500.0
500.0
500.0
500.0
500.0
500.0
500.0
500.0
500.0
500.0
500.0
500.0
500.0
500.0
500.0
500.0
500.0
500.0
500.0
500.0
500.0
495.0
500.0
500.0
500.0
500.0
500.0
500.0
500.0
496.0
500.0
500.0
500.0
500.0
500.0
500.0
500.0
500.0
500.0
500.0
500.0
500.0
500.0
500.0
500.0
500.0
500.0
500.0
500.0
500.0
500.0
500.0
500.0
500.0
500.0
500.0
500.0
500.0
500.0
500.0
500.0
500.0
500.0
500.0
500.0
500.0
500.0
500.0
500.0
500.0
500.0
500.0
500.0
500.0
500.0
500.0
500.0
500.0
500.0
500.0
500.0
500.0
500.0
500.0
500.0
500.0
500.0
500.0
500.0
500.0
500.0
500.0
500.0
500.0
500.0
500.0
500.0
500.0
500.0
500.0
500.0
500.0
500.0
500.0
500.0
500.0
500.0
500.0
500.0
500.0
500.0
500.0
500.0
500.0
500.0
500.0
500.0
500.0
500.0
500.0
500.0
500.0
500.0
500.0
500.0
500.0
500.0
500.0
500.0
500.0
500.0
500.0
500.0
500.0
500.0
500.0
500.0
500.0
500.0
500.0
500.0
500.0
500.0
500.0
500.0
500.0
500.0
500.0
500.0
500.0
500.0
500.0
500.0
500.0
500.0
500.0
500.0
500.0
500.0
500.0
500.0
500.0
500.0
500.0
500.0
500.0
500.0
500.0
500.0
500.0
500.0
500.0
500.0
500.0
500.0
500.0
500.0
500.0
500.0
500.0
479.0
500.0
500.0
500.0
500.0
500.0
500.0
500.0
500.0
500.0
500.0
500.0
500.0
500.0
500.0
500.0
500.0
500.0
500.0
500.0
500.0
500.0
500.0
500.0
500.0
500.0
500.0
500.0
500.0
500.0
500.0
500.0
500.0
500.0
500.0
500.0
500.0
500.0
500.0
500.0
500.0
500.0
500.0
500.0
500.0
500.0
500.0
500.0
500.0
500.0
500.0
500.0
500.0
500.0
500.0
500.0
500.0
500.0
500.0
500.0
500.0
500.0
500.0
500.0
500.0
500.0
500.0
500.0
500.0
500.0
500.0
500.0
500.0
500.0
500.0
500.0
500.0
500.0
500.0
500.0
500.0
500.0
500.0
500.0
500.0
500.0
500.0
500.0
500.0
500.0
500.0
500.0
500.0
500.0
500.0
500.0
500.0
500.0
500.0
500.0
500.0
500.0
500.0
500.0
500.0
500.0
500.0
500.0
500.0
500.0
500.0
500.0
500.0
500.0
500.0
500.0
500.0
500.0
500.0
500.0
500.0
500.0
500.0
500.0
500.0
500.0
500.0
500.0
500.0
500.0
500.0
500.0
500.0
500.0
500.0
500.0
500.0
500.0
500.0
500.0
500.0
500.0
500.0
500.0
500.0
500.0
500.0
500.0
500.0
500.0
500.0
500.0
500.0
500.0
500.0
500.0
500.0
500.0
500.0
500.0
500.0
500.0
500.0
500.0
69.0
500.0
500.0
500.0
500.0
500.0
500.0
500.0
500.0
500.0
500.0
500.0
500.0
500.0
500.0
500.0
500.0
500.0
500.0
500.0
500.0
500.0
500.0
500.0
500.0
500.0
500.0
500.0
500.0
500.0
500.0
500.0
500.0
500.0
500.0
500.0
500.0
500.0
500.0
500.0
500.0
500.0
500.0
500.0
500.0
500.0
500.0
500.0
500.0
500.0
500.0
500.0
500.0
500.0
500.0
500.0
500.0
500.0
500.0
500.0
500.0
500.0
500.0
500.0
500.0
500.0
500.0
500.0
500.0
500.0
500.0
500.0
500.0
500.0
500.0
500.0
500.0
500.0
500.0
500.0
500.0
500.0
500.0
500.0
500.0
500.0
500.0
500.0
500.0
500.0
500.0
500.0
500.0
500.0
500.0
500.0
500.0
500.0
500.0
500.0
500.0
500.0
500.0
500.0
500.0
500.0
500.0
500.0
500.0
500.0
345.0
500.0
500.0
500.0
500.0
500.0
500.0
500.0
500.0
500.0
500.0
500.0
500.0
500.0
500.0
500.0
500.0
500.0
500.0
500.0
500.0
500.0
500.0
500.0
500.0
500.0
500.0
500.0
500.0
500.0
500.0
500.0
500.0
500.0
500.0
500.0
500.0
500.0
500.0
500.0
500.0
500.0
500.0
500.0
500.0
500.0
500.0
500.0
500.0
500.0
500.0
500.0
500.0
500.0
500.0
500.0
500.0
500.0
500.0
500.0
500.0
500.0
500.0
500.0
500.0
500.0
500.0
500.0
500.0
500.0
500.0
500.0
500.0
500.0
500.0
500.0
500.0
500.0
500.0
500.0
500.0
500.0
500.0
500.0
500.0
500.0
500.0
500.0
500.0
500.0
500.0
500.0
500.0
500.0
500.0
500.0
500.0
500.0
500.0
500.0
500.0
500.0
500.0
500.0
500.0
500.0
500.0
500.0
500.0
500.0
500.0
500.0
500.0
500.0
500.0
500.0
500.0
500.0
500.0
500.0
500.0
500.0
500.0
500.0
500.0
500.0
500.0
500.0
500.0
500.0
500.0
500.0
500.0
500.0
500.0
500.0
500.0
500.0
500.0
500.0
500.0
500.0
500.0
500.0
500.0
500.0
500.0
500.0
500.0
500.0
500.0
500.0
500.0
500.0
500.0
500.0
500.0
500.0
500.0
500.0
500.0
500.0
500.0
500.0
500.0
500.0
500.0
500.0
500.0
500.0
500.0
500.0
500.0
500.0
500.0
500.0
500.0
500.0
500.0
500.0
500.0
500.0
500.0
500.0
500.0
500.0
500.0
500.0
500.0
500.0
500.0
500.0
500.0
500.0
500.0
500.0
500.0
500.0
500.0
500.0
500.0
500.0
500.0
500.0
500.0
500.0
500.0
500.0
500.0
500.0
500.0
500.0
500.0
500.0
500.0
500.0
500.0
500.0
500.0
500.0
500.0
500.0
500.0
500.0
500.0
500.0
500.0
500.0
500.0
500.0
500.0
500.0
500.0
500.0
500.0
500.0
500.0
500.0
500.0
500.0
500.0
500.0
500.0
500.0
500.0
500.0
500.0
500.0
500.0
500.0
500.0
500.0
500.0
500.0
500.0
500.0
500.0
500.0
500.0
500.0
500.0
500.0
500.0
500.0
500.0
500.0
500.0
500.0
500.0
500.0
500.0
500.0
500.0
500.0
500.0
500.0
500.0
500.0
500.0
500.0
500.0
500.0
500.0
500.0
500.0
500.0
500.0
500.0
500.0
500.0
500.0
500.0
500.0
500.0
500.0
500.0
500.0
500.0
500.0
500.0
500.0
500.0
500.0
500.0
500.0
500.0
500.0
500.0
500.0
500.0
500.0
500.0
500.0
500.0
500.0
500.0
500.0
500.0
500.0
500.0
500.0
500.0
500.0
500.0
500.0
500.0
500.0
500.0
500.0
500.0
500.0
500.0
500.0
500.0
500.0
500.0
500.0
500.0
500.0
500.0
500.0
500.0
500.0
500.0
500.0
500.0
500.0
500.0
500.0
500.0
500.0
500.0
500.0
500.0
500.0
500.0
500.0
500.0
500.0
500.0
500.0
500.0
500.0
500.0
500.0
500.0
500.0
500.0
500.0
500.0
500.0
500.0
500.0
500.0
500.0
500.0
500.0
500.0
500.0
500.0
500.0
500.0
500.0
500.0
500.0
500.0
500.0
500.0
500.0
500.0
500.0
500.0
500.0
500.0
500.0
500.0
500.0
500.0
500.0
500.0
500.0
500.0
500.0
500.0
500.0
500.0
500.0
500.0
490.0
500.0
500.0
500.0
500.0
500.0
500.0
500.0
500.0
500.0
500.0
500.0
500.0
500.0
500.0
500.0
500.0
500.0
500.0
500.0
500.0
500.0
500.0
500.0
500.0
500.0
500.0
500.0
500.0
500.0
500.0
500.0
500.0
500.0
500.0
500.0
500.0
500.0
500.0
500.0
500.0
500.0
500.0
500.0
500.0
500.0
500.0
500.0
500.0
500.0
500.0
500.0
500.0
500.0
500.0
500.0
500.0
500.0
500.0
500.0
500.0
500.0
500.0
500.0
500.0
500.0
500.0
500.0
500.0
500.0
500.0
500.0
500.0
500.0
500.0
500.0
500.0
500.0
500.0
500.0
500.0
500.0
500.0
500.0
500.0
500.0
500.0
500.0
500.0
500.0
500.0
500.0
500.0
500.0
500.0
500.0
500.0
500.0
500.0
500.0
500.0
500.0
500.0
500.0
500.0
500.0
500.0
500.0
500.0
500.0
500.0
500.0
500.0
500.0
500.0
500.0
500.0
500.0
500.0
500.0
500.0
500.0
500.0
500.0
500.0
500.0
500.0
500.0
500.0
500.0
500.0
500.0
500.0
500.0
500.0
500.0
500.0
500.0
500.0
500.0
500.0
500.0
500.0
500.0
500.0
500.0
500.0
500.0
500.0
500.0
500.0
500.0
500.0
500.0
500.0
500.0
500.0
500.0
500.0
500.0
500.0
500.0
500.0
500.0
500.0
500.0
500.0
500.0
500.0
500.0
500.0
500.0
500.0
500.0
500.0
500.0
500.0
500.0
500.0
500.0
500.0
500.0
500.0
500.0
500.0
500.0
500.0
500.0
500.0
500.0
500.0
500.0
500.0
500.0
500.0
500.0
500.0
500.0
500.0
500.0
500.0
500.0
500.0
500.0
500.0
500.0
500.0
500.0
500.0
500.0
500.0
500.0
500.0
500.0
500.0
500.0
500.0
500.0
500.0
500.0
500.0
500.0
500.0
500.0
500.0
500.0
500.0
500.0
500.0
500.0
500.0
500.0
500.0
500.0
500.0
500.0
500.0
500.0
500.0
500.0
500.0
500.0
500.0
500.0
500.0
500.0
500.0
500.0
500.0
500.0
500.0
500.0
500.0
500.0
500.0
500.0
500.0
500.0
500.0
500.0
500.0
500.0
500.0
500.0
500.0
500.0
500.0
500.0
500.0
500.0
500.0
500.0
500.0
500.0
500.0
500.0
500.0
500.0
500.0
500.0
500.0
500.0
500.0
500.0
500.0
500.0
500.0
500.0
500.0
500.0
500.0
500.0
500.0
500.0
500.0
500.0
500.0
500.0
500.0
500.0
500.0
500.0
500.0
500.0
500.0
500.0
500.0
500.0
500.0
500.0
500.0
500.0
500.0
500.0
500.0
500.0
500.0
500.0
500.0
500.0
500.0
500.0
500.0
500.0
500.0
500.0
500.0
500.0
500.0
500.0
500.0
500.0
500.0
500.0
500.0
500.0
500.0
500.0
500.0
500.0
500.0
500.0
500.0
500.0
500.0
500.0
500.0
500.0
500.0
500.0
500.0
500.0
500.0
500.0
500.0
500.0
500.0
500.0
500.0
500.0
500.0
500.0
500.0
500.0
500.0
500.0
500.0
500.0
500.0
500.0
500.0
500.0
500.0
500.0
500.0
500.0
500.0
500.0
500.0
500.0
500.0
500.0
500.0
500.0
500.0
500.0
500.0
500.0
500.0
500.0
500.0
500.0
500.0
500.0
500.0
500.0
500.0
500.0
500.0
500.0
500.0
500.0
500.0
500.0
500.0
500.0
500.0
500.0
500.0
500.0
500.0
500.0
500.0
500.0
500.0
500.0
500.0
500.0
500.0
500.0
500.0
500.0
500.0
500.0
500.0
500.0
500.0
500.0
500.0
500.0
500.0
500.0
500.0
500.0
500.0
500.0
500.0
500.0
500.0
500.0
500.0
500.0
500.0
500.0
500.0
500.0
500.0
500.0
500.0
500.0
500.0
500.0
500.0
500.0
500.0
500.0
500.0
500.0
500.0
500.0
500.0
500.0
500.0
500.0
500.0
500.0
500.0
500.0
500.0
500.0
500.0
500.0
500.0
500.0
500.0
500.0
500.0
500.0
500.0
500.0
500.0
500.0
500.0
500.0
500.0
500.0
500.0
500.0
500.0
500.0
500.0
500.0
500.0
500.0
500.0
500.0
500.0
500.0
500.0
500.0
500.0
500.0
500.0
500.0
500.0
500.0
500.0
500.0
500.0
500.0
500.0
500.0
500.0
500.0
500.0
500.0
500.0
500.0
500.0
500.0
500.0
500.0
500.0
500.0
500.0
500.0
500.0
500.0
500.0
500.0
500.0
500.0
500.0
500.0
500.0
500.0
500.0
500.0
500.0
500.0
500.0
500.0
500.0
500.0
500.0
500.0
500.0
500.0
500.0
500.0
500.0
500.0
500.0
500.0
500.0
500.0
500.0
500.0
500.0
500.0
500.0
500.0
500.0
500.0
500.0
500.0
500.0
500.0
500.0
500.0
500.0
500.0
500.0
500.0
500.0
500.0
500.0
500.0
500.0
500.0
500.0
500.0
500.0
500.0
500.0
500.0
500.0
500.0
500.0
500.0
500.0
500.0
500.0
500.0
500.0
500.0
500.0
500.0
500.0
500.0
500.0
500.0
500.0
500.0
500.0
500.0
500.0
500.0
500.0
500.0
500.0
500.0
500.0
500.0
500.0
500.0
500.0
500.0
500.0
500.0
500.0
500.0
500.0
500.0
500.0
500.0
500.0
500.0
500.0
500.0
500.0
500.0
500.0
500.0
500.0
500.0
500.0
500.0
500.0
500.0
500.0
500.0
500.0
500.0
500.0
500.0
500.0
500.0
500.0
500.0
500.0
500.0
500.0
500.0
500.0
500.0
500.0
500.0
500.0
500.0
500.0
500.0
500.0
500.0
500.0
500.0
500.0
500.0
500.0
500.0
500.0
500.0
500.0
500.0
500.0
500.0
500.0
500.0
500.0
500.0
500.0
500.0
500.0
500.0
500.0
500.0
500.0
500.0
500.0
500.0
500.0
500.0
500.0
500.0
500.0
500.0
500.0
500.0
500.0
500.0
500.0
500.0
500.0
500.0
500.0
500.0
500.0
500.0
500.0
500.0
500.0
500.0
500.0
500.0
500.0
500.0
500.0
500.0
500.0
500.0
500.0
500.0
500.0
500.0
500.0
500.0
500.0
500.0
500.0
500.0
500.0
500.0
500.0
500.0
500.0
500.0
500.0
500.0
500.0
500.0
500.0
500.0
500.0
500.0
500.0
500.0
500.0
500.0
500.0
500.0
500.0
500.0
500.0
500.0
500.0
500.0
500.0
500.0
500.0
500.0
500.0
500.0
500.0
500.0
500.0
500.0
500.0
500.0
500.0
500.0
500.0
500.0
500.0
500.0
500.0
500.0
500.0
500.0
500.0
500.0
500.0
500.0
500.0
500.0
500.0
500.0
500.0
500.0
500.0
500.0
500.0
500.0
500.0
500.0
500.0
500.0
500.0
500.0
500.0
500.0
500.0
500.0
500.0
500.0
500.0
500.0
500.0
500.0
500.0
500.0
500.0
500.0
500.0
500.0
500.0
500.0
500.0
500.0
500.0
500.0
500.0
500.0
500.0
500.0
500.0
500.0
500.0
500.0
500.0
500.0
500.0
500.0
500.0
500.0
500.0
500.0
500.0
500.0
500.0
500.0
500.0
500.0
500.0
500.0
500.0
500.0
500.0
500.0
500.0
500.0
500.0
500.0
500.0
500.0
500.0
500.0
500.0
500.0
500.0
500.0
500.0
500.0
500.0
500.0
500.0
500.0
500.0
500.0
500.0
500.0
500.0
500.0
500.0
500.0
500.0
500.0
500.0
500.0
500.0
500.0
500.0
500.0
500.0
500.0
500.0
500.0
500.0
500.0
500.0
500.0
500.0
500.0
500.0
500.0
500.0
500.0
500.0
500.0
500.0
500.0
500.0
500.0
500.0
500.0
500.0
500.0
500.0
500.0
500.0
500.0
500.0
500.0
500.0
500.0
500.0
500.0
500.0
500.0
500.0
500.0
500.0
500.0
500.0
500.0
500.0
500.0
500.0
500.0
500.0
500.0
500.0
359.0
500.0
500.0
500.0
500.0
500.0
500.0
500.0
500.0
500.0
500.0
500.0
500.0
500.0
500.0
500.0
500.0
500.0
500.0
500.0
500.0
500.0
500.0
500.0
500.0
500.0
500.0
500.0
500.0
500.0
500.0
500.0
500.0
500.0
500.0
500.0
500.0
500.0
500.0
500.0
500.0
500.0
500.0
500.0
500.0
500.0
500.0
500.0
500.0
500.0
500.0
500.0
500.0
500.0
500.0
500.0
500.0
500.0
500.0
500.0
500.0
500.0
500.0
500.0
500.0
500.0
500.0
500.0
500.0
500.0
500.0
500.0
500.0
500.0
500.0
500.0
500.0
500.0
500.0
500.0
500.0
500.0
500.0
500.0
500.0
500.0
500.0
500.0
500.0
500.0
500.0
500.0
500.0
500.0
500.0
500.0
500.0
500.0
500.0
500.0
500.0
500.0
500.0
500.0
500.0
500.0
500.0
500.0
500.0
500.0
500.0
500.0
500.0
500.0
500.0
500.0
500.0
500.0
500.0
500.0
500.0
500.0
500.0
500.0
500.0
500.0
500.0
500.0
500.0
500.0
500.0
500.0
500.0
500.0
500.0
500.0
500.0
500.0
500.0
500.0
500.0
500.0
500.0
500.0
500.0
500.0
500.0
500.0
500.0
500.0
500.0
500.0
500.0
500.0
500.0
500.0
500.0
500.0
500.0
500.0
500.0
500.0
500.0
500.0
500.0
500.0
500.0
500.0
500.0
500.0
500.0
500.0
500.0
500.0
500.0
500.0
500.0
500.0
500.0
500.0
500.0
500.0
500.0
500.0
500.0
500.0
500.0
500.0
500.0
500.0
500.0
500.0
500.0
500.0
500.0
500.0
500.0
500.0
500.0
500.0
500.0
500.0
500.0
500.0
500.0
500.0
500.0
500.0
500.0
500.0
500.0
500.0
500.0
500.0
500.0
500.0
500.0
500.0
500.0
500.0
500.0
500.0
500.0
500.0
500.0
500.0
500.0
500.0
500.0
500.0
500.0
500.0
500.0
500.0
500.0
500.0
500.0
500.0
500.0
500.0
500.0
500.0
500.0
500.0
500.0
500.0
500.0
500.0
500.0
500.0
500.0
500.0
500.0
500.0
500.0
500.0
500.0
500.0
500.0
500.0
500.0
500.0
500.0
500.0
500.0
500.0
500.0
500.0
500.0
500.0
500.0
500.0
500.0
500.0
500.0
500.0
500.0
500.0
500.0
500.0
500.0
500.0
500.0
500.0
500.0
500.0
500.0
500.0
500.0
500.0
500.0
500.0
500.0
500.0
500.0
500.0
500.0
500.0
500.0
500.0
500.0
500.0
500.0
500.0
500.0
500.0
500.0
500.0
500.0
500.0
500.0
500.0
500.0
500.0
500.0
500.0
500.0
500.0
500.0
500.0
500.0
500.0
500.0
500.0
500.0
500.0
500.0
500.0
500.0
500.0
500.0
500.0
500.0
500.0
500.0
500.0
500.0
500.0
500.0
500.0
500.0
500.0
500.0
500.0
500.0
500.0
500.0
500.0
500.0
488.0
500.0
500.0
500.0
500.0
500.0
500.0
500.0
500.0
500.0
500.0
500.0
500.0
500.0
500.0
500.0
500.0
500.0
500.0
500.0
500.0
500.0
500.0
500.0
500.0
500.0
500.0
500.0
500.0
500.0
500.0
500.0
500.0
500.0
500.0
500.0
500.0
382.0
500.0
500.0
500.0
500.0
500.0
500.0
500.0
500.0
500.0
500.0
500.0
500.0
500.0
500.0
500.0
500.0
500.0
500.0
500.0
500.0
348.0
500.0
500.0
500.0
500.0
500.0
500.0
500.0
500.0
500.0
500.0
500.0
374.0
500.0
339.0
88.0
335.0
500.0
500.0
86.0
116.0
108.0
500.0
363.0
500.0
500.0
84.0
500.0
108.0
500.0
500.0
500.0
500.0
500.0
210.0
500.0
114.0
212.0
141.0
500.0
500.0
500.0
500.0
82.0
500.0
382.0
500.0
500.0
500.0
160.0
102.0
69.0
500.0
500.0
500.0
500.0
500.0
500.0
500.0
267.0
113.0
500.0
107.0
128.0
188.0
102.0
171.0
500.0
123.0
500.0
98.0
500.0
500.0
134.0
425.0
442.0
427.0
500.0
500.0
500.0
140.0
500.0
399.0
500.0
500.0
419.0
500.0
500.0
443.0
98.0
123.0
500.0
500.0
500.0
500.0
449.0
500.0
401.0
500.0
500.0
500.0
500.0
500.0
500.0
333.0
261.0
367.0
178.0
176.0
188.0
113.0
241.0
212.0
214.0
246.0
190.0
177.0
198.0
182.0
224.0
180.0
200.0
203.0
198.0
160.0
176.0
235.0
197.0
160.0
237.0
213.0
172.0
217.0
169.0
227.0
214.0
180.0
145.0
228.0
199.0
178.0
191.0
227.0
198.0
178.0
197.0
150.0
222.0
195.0
170.0
113.0
181.0
151.0
107.0
228.0
244.0
203.0
269.0
171.0
231.0
242.0
232.0
199.0
260.0
243.0
300.0
274.0
200.0
126.0
146.0
182.0
99.0
110.0
154.0
146.0
186.0
134.0
126.0
138.0
145.0
108.0
96.0
155.0
125.0
129.0
117.0
195.0
119.0
138.0
129.0
178.0
97.0
106.0
113.0
202.0
214.0
172.0
190.0
217.0
235.0
214.0
272.0
230.0
155.0
223.0
174.0
186.0
198.0
242.0
194.0
188.0
226.0
184.0
207.0
209.0
229.0
198.0
247.0
271.0
266.0
225.0
185.0
189.0
193.0
205.0
163.0
179.0
149.0
164.0
243.0
220.0
234.0
183.0
232.0
173.0
187.0
165.0
231.0
181.0
262.0
187.0
143.0
127.0
232.0
111.0
212.0
197.0
165.0
114.0
144.0
153.0
170.0
211.0
127.0
170.0
229.0
168.0
262.0
110.0
161.0
182.0
175.0
137.0
198.0
145.0
145.0
152.0
135.0
163.0
207.0
152.0
116.0
239.0
195.0
249.0
278.0
157.0
192.0
174.0
209.0
207.0
177.0
158.0
155.0
218.0
222.0
247.0
141.0
182.0
187.0
239.0
229.0
224.0
176.0
215.0
107.0
169.0
127.0
169.0
175.0
186.0
184.0
156.0
245.0
197.0
213.0
249.0
215.0
234.0
170.0
172.0
216.0
156.0
249.0
198.0
240.0
144.0
136.0
172.0
160.0
195.0
160.0
197.0
188.0
175.0
124.0
167.0
212.0
179.0
197.0
257.0
200.0
163.0
181.0
218.0
147.0
194.0
118.0
163.0
196.0
238.0
195.0
165.0
214.0
173.0
169.0
181.0
180.0
135.0
160.0
124.0
190.0
192.0
186.0
119.0
189.0
223.0
127.0
165.0
147.0
215.0
224.0
208.0
166.0
196.0
196.0
175.0
127.0
170.0
122.0
224.0
148.0
150.0
157.0
118.0
132.0
199.0
276.0
120.0
150.0
214.0
211.0
190.0
133.0
213.0
190.0
131.0
131.0
246.0
148.0
143.0
188.0
144.0
169.0
201.0
142.0
202.0
151.0
174.0
253.0
176.0
128.0
162.0
143.0
188.0
205.0
158.0
169.0
143.0
155.0
207.0
153.0
197.0
183.0
224.0
156.0
180.0
184.0
161.0
205.0
199.0
213.0
214.0
121.0
176.0
139.0
131.0
217.0
171.0
199.0
128.0
147.0
211.0
233.0
162.0
136.0
166.0
130.0
146.0
174.0
177.0
137.0
200.0
150.0
180.0
172.0
197.0
88.0
96.0
125.0
147.0
200.0
192.0
95.0
118.0
150.0
110.0
151.0
108.0
117.0
150.0
363.0
195.0
197.0
286.0
59.0
113.0
107.0
70.0
91.0
82.0
129.0
109.0
50.0
73.0
72.0
195.0
108.0
85.0
116.0
142.0
77.0
170.0
108.0
138.0
116.0
85.0
170.0
131.0
103.0
119.0
70.0
170.0
85.0
177.0
167.0
58.0
161.0
41.0
52.0
53.0
190.0
73.0
86.0
103.0
134.0
50.0
46.0
30.0
86.0
93.0
125.0
25.0
111.0
129.0
65.0
28.0
33.0
40.0
41.0
46.0
87.0
30.0
107.0
52.0
48.0
156.0
23.0
55.0
21.0
122.0
39.0
70.0
42.0
27.0
26.0
88.0
31.0
34.0
51.0
99.0
37.0
16.0
17.0
26.0
34.0
52.0
150.0
97.0
42.0
46.0
25.0
144.0
87.0
44.0
78.0
14.0
17.0
32.0
20.0
15.0
17.0
17.0
19.0
173.0
50.0
123.0
67.0
56.0
80.0
70.0
105.0
14.0
62.0
112.0
53.0
25.0
89.0
310.0
45.0
31.0
282.0
21.0
14.0
25.0
11.0
12.0
13.0
257.0
13.0
285.0
205.0
154.0
46.0
304.0
62.0
266.0
22.0
21.0
150.0
14.0
179.0
62.0
10.0
13.0
348.0
220.0
44.0
18.0
184.0
140.0
18.0
179.0
12.0
24.0
141.0
53.0
53.0
193.0
34.0
36.0
152.0
74.0
229.0
139.0
168.0
158.0
46.0
18.0
14.0
168.0
141.0
31.0
23.0
123.0
100.0
135.0
233.0
233.0
119.0
9.0
139.0
81.0
42.0
500.0
77.0
218.0
117.0
500.0
53.0
500.0
75.0
183.0
198.0
31.0
83.0
177.0
233.0
296.0
310.0
131.0
182.0
120.0
48.0
183.0
278.0
81.0
208.0
128.0
68.0
191.0
158.0
244.0
229.0
197.0
28.0
143.0
146.0
76.0
72.0
210.0
353.0
92.0
272.0
302.0
78.0
250.0
58.0
239.0
365.0
302.0
285.0
278.0
166.0
42.0
290.0
92.0
174.0
500.0
160.0
257.0
224.0
259.0
254.0
328.0
389.0
50.0
200.0
40.0
132.0
210.0
164.0
335.0
135.0
281.0
207.0
299.0
264.0
303.0
408.0
379.0
378.0
445.0
392.0
355.0
435.0
458.0
384.0
354.0
500.0
494.0
56.0
456.0
422.0
500.0
401.0
438.0
500.0
407.0
443.0
404.0
429.0
371.0
50.0
425.0
444.0
450.0
360.0
500.0
378.0
312.0
53.0
415.0
179.0
388.0
252.0
426.0
31.0
68.0
395.0
188.0
218.0
215.0
221.0
371.0
162.0
162.0
189.0
357.0
123.0
263.0
249.0
72.0
352.0
301.0
16.0
397.0
500.0
72.0
114.0
63.0
353.0
148.0
217.0
140.0
51.0
251.0
324.0
151.0
230.0
271.0
221.0
74.0
240.0
277.0
347.0
500.0
500.0
500.0
79.0
202.0
409.0
104.0
500.0
500.0
500.0
37.0
101.0
227.0
212.0
212.0
235.0
72.0
173.0
208.0
137.0
156.0
145.0
172.0
192.0
278.0
121.0
237.0
60.0
93.0
140.0
45.0
84.0
180.0
92.0
81.0
122.0
142.0
108.0
500.0
151.0
131.0
83.0
52.0
201.0
102.0
101.0
100.0
149.0
114.0
500.0
500.0
214.0
239.0
194.0
249.0
55.0
88.0
500.0
158.0
235.0
500.0
377.0
500.0
500.0
103.0
129.0
500.0
500.0
167.0
114.0
347.0
264.0
500.0
138.0
500.0
196.0
214.0
216.0
109.0
126.0
500.0
117.0
172.0
500.0
500.0
154.0
135.0
500.0
500.0
127.0
106.0
153.0
161.0
500.0
254.0
187.0
175.0
138.0
245.0
168.0
97.0
189.0
204.0
165.0
178.0
123.0
500.0
500.0
242.0
500.0
141.0
500.0
500.0
138.0
243.0
342.0
500.0
500.0
500.0
500.0
500.0
500.0
301.0
500.0
291.0
387.0
500.0
500.0
241.0
367.0
500.0
435.0
500.0
345.0
500.0
500.0
500.0
500.0
500.0
500.0
500.0
500.0
500.0
258.0
500.0
500.0
500.0
500.0
468.0
500.0
500.0
500.0
283.0
500.0
500.0
500.0
316.0
500.0
500.0
500.0
466.0
500.0
500.0
500.0
500.0
500.0
500.0
500.0
500.0
500.0
500.0
500.0
500.0
371.0
500.0
500.0
500.0
500.0
500.0
500.0
500.0
500.0
500.0
500.0
500.0
500.0
500.0
500.0
500.0
500.0
249.0
500.0
500.0
500.0
500.0
500.0
500.0
500.0
500.0
500.0
500.0
500.0
500.0
500.0
500.0
500.0
500.0
500.0
500.0
500.0
500.0
500.0
500.0
500.0
500.0
500.0
500.0
500.0
500.0
500.0
500.0
500.0
500.0
500.0
500.0
500.0
500.0
500.0
500.0
500.0
500.0
500.0
500.0
500.0
500.0
500.0
500.0
500.0
500.0
500.0
500.0
500.0
500.0
500.0
500.0
500.0
500.0
500.0
500.0
500.0
500.0
500.0
500.0
500.0
500.0
500.0
222.0
500.0
500.0
500.0
500.0
500.0
500.0
500.0
500.0
398.0
500.0
500.0
364.0
500.0
500.0
500.0
500.0
500.0
500.0
500.0
500.0
500.0
500.0
387.0
500.0
500.0
500.0
500.0
500.0
500.0
500.0
500.0
500.0
500.0
500.0
500.0
318.0
500.0
500.0
500.0
296.0
500.0
500.0
500.0
500.0
265.0
500.0
500.0
500.0
500.0
500.0
326.0
500.0
329.0
500.0
500.0
500.0
317.0
500.0
500.0
500.0
288.0
500.0
228.0
500.0
500.0
500.0
500.0
500.0
500.0
500.0
500.0
500.0
500.0
264.0
500.0
500.0
500.0
500.0
500.0
500.0
500.0
500.0
500.0
500.0
500.0
500.0
218.0
500.0
500.0
500.0
500.0
500.0
500.0
500.0
500.0
500.0
500.0
500.0
500.0
500.0
500.0
500.0
500.0
283.0
500.0
333.0
500.0
500.0
500.0
500.0
500.0
500.0
500.0
500.0
500.0
500.0
500.0
285.0
500.0
500.0
500.0
500.0
438.0
500.0
500.0
500.0
500.0
500.0
500.0
500.0
500.0
218.0
210.0
500.0
341.0
500.0
500.0
307.0
241.0
500.0
221.0
500.0
188.0
92.0
312.0
218.0
200.0
224.0
500.0
198.0
500.0
216.0
233.0
165.0
220.0
223.0
146.0
500.0
500.0
500.0
259.0
500.0
220.0
500.0
180.0
290.0
165.0
500.0
185.0
500.0
294.0
500.0
240.0
140.0
195.0
228.0
500.0
500.0
500.0
191.0
141.0
500.0
173.0
500.0
363.0
291.0
500.0
500.0
310.0
274.0
500.0
167.0
133.0
324.0
500.0
173.0
500.0
500.0
500.0
263.0
500.0
500.0
271.0
500.0
232.0
287.0
346.0
112.0
278.0
212.0
283.0
298.0
500.0
500.0
329.0
500.0
500.0
264.0
500.0
500.0
235.0
500.0
500.0
245.0
500.0
195.0
500.0
300.0
500.0
500.0
248.0
500.0
500.0
253.0
270.0
500.0
500.0
500.0
500.0
500.0
500.0
133.0
315.0
285.0
500.0
336.0
97.0
451.0
500.0
500.0
176.0
500.0
123.0
500.0
500.0
500.0
500.0
500.0
254.0
500.0
500.0
500.0
500.0
200.0
180.0
228.0
220.0
191.0
180.0
209.0
500.0
360.0
500.0
500.0
226.0
500.0
132.0
500.0
125.0
282.0
261.0
185.0
126.0
500.0
356.0
500.0
192.0
500.0
231.0
500.0
500.0
219.0
328.0
500.0
500.0
191.0
254.0
500.0
263.0
500.0
500.0
310.0
278.0
390.0
167.0
500.0
331.0
241.0
313.0
130.0
500.0
500.0
500.0
500.0
500.0
500.0
500.0
500.0
500.0
321.0
500.0
267.0
500.0
500.0
500.0
199.0
500.0
201.0
500.0
171.0
469.0
500.0
500.0
500.0
381.0
162.0
500.0
356.0
398.0
264.0
500.0
500.0
350.0
268.0
500.0
250.0
261.0
500.0
500.0
242.0
244.0
500.0
216.0
500.0
500.0
500.0
249.0
244.0
188.0
500.0
500.0
241.0
194.0
261.0
500.0
192.0
500.0
157.0
344.0
243.0
239.0
377.0
500.0
500.0
109.0
500.0
277.0
121.0
226.0
500.0
253.0
500.0
500.0
500.0
84.0
500.0
500.0
500.0
427.0
500.0
500.0
347.0
245.0
148.0
437.0
408.0
352.0
500.0
500.0
500.0
163.0
181.0
351.0
500.0
225.0
366.0
242.0
116.0
219.0
174.0
500.0
500.0
500.0
269.0
500.0
297.0
128.0
268.0
144.0
500.0
224.0
277.0
500.0
111.0
500.0
207.0
500.0
240.0
500.0
385.0
263.0
500.0
195.0
158.0
500.0
387.0
500.0
346.0
484.0
236.0
500.0
226.0
500.0
209.0
234.0
500.0
500.0
500.0
223.0
198.0
292.0
500.0
500.0
342.0
210.0
384.0
500.0
356.0
403.0
500.0
249.0
500.0
203.0
234.0
233.0
233.0
500.0
378.0
500.0
389.0
206.0
285.0
480.0
303.0
500.0
500.0
500.0
500.0
214.0
500.0
500.0
500.0
303.0
500.0
500.0
203.0
500.0
218.0
500.0
423.0
500.0
500.0
344.0
500.0
201.0
500.0
500.0
500.0
259.0
317.0
500.0
187.0
111.0
500.0
500.0
500.0
500.0
500.0
500.0
227.0
500.0
331.0
500.0
500.0
500.0
500.0
236.0
500.0
500.0
193.0
500.0
376.0
500.0
500.0
225.0
500.0
205.0
500.0
219.0
244.0
500.0
305.0
193.0
500.0
500.0
500.0
301.0
500.0
237.0
500.0
500.0
251.0
151.0
109.0
215.0
500.0
489.0
195.0
500.0
175.0
500.0
500.0
500.0
333.0
500.0
500.0
500.0
326.0
500.0
210.0
500.0
219.0
500.0
218.0
500.0
128.0
266.0
283.0
230.0
100.0
500.0
500.0
500.0
422.0
500.0
120.0
322.0
500.0
106.0
195.0
500.0
91.0
398.0
402.0
500.0
500.0
279.0
313.0
180.0
307.0
213.0
427.0
271.0
152.0
122.0
277.0
219.0
154.0
156.0
189.0
500.0
237.0
491.0
500.0
500.0
500.0
500.0
500.0
374.0
500.0
340.0
500.0
278.0
264.0
247.0
150.0
500.0
500.0
500.0
192.0
416.0
193.0
284.0
500.0
500.0
312.0
189.0
500.0
168.0
500.0
500.0
332.0
304.0
500.0
500.0
500.0
268.0
500.0
262.0
268.0
231.0
226.0
500.0
500.0
500.0
346.0
394.0
319.0
263.0
286.0
500.0
354.0
500.0
500.0
238.0
500.0
500.0
500.0
500.0
500.0
500.0
308.0
236.0
258.0
500.0
210.0
344.0
396.0
500.0
159.0
233.0
421.0
500.0
384.0
291.0
500.0
313.0
150.0
500.0
500.0
500.0
500.0
271.0
223.0
486.0
500.0
500.0
500.0
473.0
231.0
323.0
285.0
500.0
180.0
218.0
500.0
237.0
447.0
500.0
326.0
225.0
318.0
173.0
126.0
500.0
225.0
468.0
343.0
346.0
500.0
496.0
152.0
329.0
500.0
276.0
500.0
288.0
500.0
500.0
392.0
500.0
500.0
298.0
294.0
500.0
450.0
500.0
500.0
500.0
181.0
235.0
500.0
500.0
345.0
500.0
275.0
500.0
270.0
500.0
500.0
205.0
500.0
111.0
294.0
278.0
290.0
246.0
122.0
500.0
500.0
304.0
133.0
204.0
286.0
285.0
142.0
270.0
500.0
500.0
110.0
194.0
500.0
289.0
358.0
500.0
500.0
280.0
500.0
396.0
500.0
161.0
426.0
439.0
500.0
238.0
205.0
500.0
318.0
193.0
223.0
220.0
239.0
500.0
500.0
500.0
500.0
349.0
232.0
500.0
500.0
500.0
500.0
332.0
500.0
321.0
396.0
238.0
500.0
500.0
312.0
220.0
156.0
500.0
500.0
500.0
500.0
140.0
500.0
290.0
346.0
400.0
253.0
500.0
500.0
440.0
500.0
245.0
500.0
135.0
396.0
226.0
281.0
500.0
316.0
257.0
500.0
352.0
229.0
500.0
500.0
500.0
500.0
394.0
500.0
500.0
500.0
500.0
500.0
500.0
338.0
500.0
500.0
303.0
500.0
218.0
500.0
500.0
500.0
79.0
208.0
216.0
500.0
254.0
500.0
500.0
418.0
203.0
500.0
500.0
320.0
500.0
500.0
500.0
250.0
302.0
500.0
281.0
500.0
296.0
211.0
248.0
306.0
392.0
500.0
200.0
272.0
500.0
500.0
332.0
212.0
296.0
367.0
500.0
184.0
500.0
500.0
500.0
500.0
500.0
500.0
500.0
500.0
500.0
306.0
312.0
250.0
500.0
500.0
500.0
500.0
335.0
455.0
500.0
500.0
500.0
500.0
213.0
210.0
500.0
332.0
280.0
500.0
500.0
500.0
266.0
326.0
500.0
500.0
332.0
350.0
234.0
500.0
500.0
500.0
467.0
256.0
311.0
500.0
500.0
346.0
498.0
374.0
454.0
500.0
320.0
500.0
500.0
500.0
232.0
500.0
328.0
500.0
500.0
500.0
500.0
500.0
500.0
239.0
500.0
451.0
145.0
291.0
264.0
435.0
303.0
500.0
359.0
284.0
500.0
500.0
485.0
500.0
500.0
500.0
164.0
415.0
309.0
326.0
500.0
392.0
500.0
500.0
500.0
202.0
355.0
500.0
500.0
137.0
500.0
245.0
500.0
200.0
296.0
294.0
271.0
500.0
389.0
500.0
251.0
331.0
318.0
500.0
500.0
500.0
254.0
500.0
118.0
264.0
500.0
500.0
213.0
500.0
264.0
500.0
500.0
192.0
500.0
414.0
500.0
500.0
262.0
410.0
335.0
500.0
500.0
500.0
500.0
234.0
500.0
356.0
307.0
278.0
261.0
500.0
500.0
245.0
500.0
500.0
500.0
493.0
204.0
399.0
198.0
263.0
281.0
500.0
500.0
500.0
336.0
435.0
192.0
500.0
500.0
500.0
288.0
401.0
500.0
500.0
500.0
500.0
500.0
500.0
500.0
244.0
220.0
500.0
265.0
500.0
500.0
500.0
500.0
500.0
500.0
500.0
343.0
233.0
232.0
308.0
500.0
500.0
121.0
151.0
332.0
500.0
372.0
323.0
500.0
281.0
218.0
500.0
223.0
166.0
500.0
351.0
251.0
193.0
500.0
500.0
223.0
500.0
337.0
329.0
232.0
500.0
61.0
353.0
500.0
162.0
137.0
500.0
172.0
219.0
344.0
500.0
500.0
500.0
171.0
500.0
500.0
186.0
125.0
500.0
237.0
500.0
500.0
500.0
238.0
500.0
500.0
500.0
179.0
261.0
231.0
236.0
70.0
228.0
500.0
500.0
149.0
500.0
212.0
155.0
348.0
203.0
170.0
140.0
500.0
191.0
500.0
126.0
500.0
206.0
427.0
136.0
500.0
434.0
500.0
256.0
500.0
258.0
269.0
500.0
383.0
500.0
206.0
500.0
500.0
370.0
500.0
251.0
500.0
146.0
247.0
242.0
500.0
250.0
200.0
224.0
334.0
305.0
124.0
249.0
227.0
152.0
67.0
111.0
500.0
500.0
199.0
158.0
324.0
500.0
500.0
212.0
262.0
361.0
500.0
500.0
500.0
233.0
500.0
500.0
500.0
500.0
500.0
500.0
500.0
176.0
500.0
500.0
500.0
500.0
500.0
277.0
500.0
500.0
500.0
300.0
229.0
500.0
500.0
217.0
207.0
500.0
258.0
500.0
500.0
311.0
500.0
500.0
500.0
238.0
387.0
500.0
174.0
293.0
417.0
151.0
181.0
500.0
500.0
291.0
500.0
500.0
173.0
500.0
500.0
500.0
500.0
500.0
500.0
500.0
282.0
141.0
500.0
478.0
167.0
235.0
500.0
342.0
288.0
230.0
500.0
500.0
387.0
500.0
500.0
235.0
500.0
132.0
299.0
157.0
500.0
353.0
338.0
199.0
500.0
500.0
500.0
278.0
149.0
293.0
500.0
428.0
365.0
500.0
287.0
361.0
500.0
500.0
500.0
500.0
104.0
208.0
255.0
175.0
500.0
500.0
176.0
500.0
336.0
297.0
500.0
320.0
500.0
500.0
215.0
366.0
182.0
218.0
138.0
500.0
330.0
500.0
149.0
500.0
500.0
500.0
289.0
400.0
210.0
202.0
235.0
264.0
273.0
175.0
279.0
500.0
368.0
183.0
225.0
211.0
500.0
500.0
375.0
277.0
307.0
500.0
500.0
237.0
168.0
382.0
500.0
500.0
238.0
500.0
236.0
335.0
500.0
500.0
500.0
163.0
297.0
175.0
500.0
182.0
196.0
500.0
500.0
299.0
280.0
500.0
500.0
189.0
290.0
337.0
247.0
268.0
258.0
199.0
323.0
189.0
245.0
500.0
186.0
277.0
231.0
500.0
255.0
218.0
500.0
182.0
160.0
500.0
122.0
192.0
500.0
500.0
207.0
500.0
500.0
283.0
214.0
139.0
190.0
260.0
500.0
500.0
291.0
378.0
451.0
147.0
312.0
167.0
205.0
152.0
500.0
240.0
170.0
126.0
182.0
193.0
500.0
254.0
258.0
426.0
500.0
185.0
225.0
367.0
500.0
271.0
197.0
150.0
350.0
500.0
150.0
189.0
203.0
500.0
500.0
500.0
500.0
165.0
500.0
500.0
312.0
439.0
133.0
241.0
323.0
500.0
500.0
500.0
322.0
243.0
216.0
198.0
500.0
213.0
137.0
210.0
302.0
368.0
500.0
500.0
388.0
46.0
282.0
82.0
500.0
223.0
123.0
119.0
500.0
270.0
154.0
136.0
133.0
386.0
500.0
167.0
114.0
159.0
119.0
123.0
500.0
151.0
130.0
500.0
500.0
108.0
141.0
121.0
114.0
500.0
80.0
196.0
124.0
500.0
500.0
129.0
118.0
156.0
103.0
149.0
117.0
166.0
286.0
173.0
347.0
218.0
500.0
104.0
86.0
500.0
500.0
211.0
500.0
100.0
500.0
368.0
500.0
187.0
500.0
500.0
500.0
139.0
261.0
114.0
500.0
500.0
500.0
500.0
500.0
500.0
500.0
500.0
500.0
500.0
500.0
264.0
399.0
170.0
500.0
500.0
500.0
500.0
500.0
73.0
283.0
500.0
500.0
500.0
500.0
500.0
205.0
141.0
500.0
128.0
140.0
500.0
192.0
500.0
316.0
500.0
500.0
500.0
500.0
500.0
36.0
500.0
500.0
75.0
500.0
500.0
500.0
500.0
500.0
385.0
500.0
369.0
132.0
483.0
500.0
500.0
407.0
500.0
500.0
500.0
500.0
500.0
500.0
500.0
500.0
500.0
500.0
375.0
500.0
500.0
500.0
268.0
232.0
500.0
500.0
500.0
500.0
500.0
500.0
311.0
500.0
500.0
500.0
500.0
500.0
500.0
309.0
500.0
151.0
500.0
500.0
500.0
500.0
500.0
328.0
500.0
500.0
380.0
500.0
141.0
500.0
500.0
59.0
500.0
388.0
500.0
500.0
103.0
500.0
500.0
500.0
500.0
185.0
500.0
232.0
207.0
500.0
500.0
500.0
500.0
34.0
205.0
256.0
500.0
85.0
118.0
51.0
500.0
500.0
500.0
191.0
500.0
500.0
500.0
500.0
500.0
500.0
500.0
451.0
500.0
500.0
500.0
500.0
500.0
500.0
107.0
500.0
212.0
500.0
339.0
500.0
500.0
160.0
500.0
500.0
500.0
500.0
140.0
500.0
94.0
500.0
500.0
500.0
198.0
500.0
99.0
500.0
500.0
100.0
500.0
500.0
425.0
500.0
500.0
500.0
500.0
500.0
500.0
500.0
500.0
500.0
500.0
500.0
278.0
500.0
395.0
179.0
500.0
500.0
500.0
500.0
500.0
500.0
500.0
500.0
405.0
500.0
320.0
500.0
500.0
500.0
500.0
500.0
468.0
500.0
500.0
110.0
174.0
500.0
500.0
500.0
500.0
500.0
500.0
500.0
500.0
500.0
174.0
500.0
500.0
359.0
500.0
500.0
341.0
208.0
500.0
244.0
500.0
500.0
224.0
192.0
399.0
178.0
500.0
177.0
372.0
500.0
277.0
311.0
319.0
500.0
276.0
500.0
102.0
372.0
500.0
318.0
500.0
160.0
208.0
286.0
332.0
500.0
500.0
500.0
500.0
500.0
433.0
101.0
500.0
500.0
500.0
500.0
312.0
124.0
394.0
313.0
194.0
283.0
500.0
500.0
185.0
322.0
122.0
500.0
500.0
500.0
423.0
500.0
214.0
316.0
294.0
233.0
346.0
96.0
234.0
209.0
137.0
123.0
500.0
500.0
201.0
304.0
331.0
500.0
134.0
406.0
161.0
102.0
301.0
287.0
500.0
500.0
400.0
500.0
359.0
500.0
172.0
457.0
192.0
236.0
171.0
500.0
500.0
500.0
500.0
500.0
500.0
500.0
500.0
173.0
500.0
500.0
272.0
500.0
322.0
489.0
481.0
500.0
500.0
330.0
365.0
500.0
500.0
469.0
494.0
197.0
500.0
500.0
174.0
281.0
500.0
500.0
230.0
371.0
153.0
173.0
500.0
353.0
500.0
309.0
423.0
444.0
500.0
441.0
119.0
331.0
500.0
103.0
197.0
414.0
500.0
500.0
283.0
500.0
283.0
344.0
500.0
500.0
209.0
500.0
500.0
500.0
500.0
500.0
500.0
178.0
173.0
500.0
500.0
273.0
195.0
500.0
269.0
337.0
249.0
225.0
202.0
500.0
166.0
175.0
500.0
500.0
379.0
419.0
492.0
500.0
500.0
500.0
181.0
500.0
197.0
500.0
213.0
500.0
500.0
182.0
261.0
382.0
281.0
229.0
500.0
197.0
433.0
497.0
500.0
500.0
160.0
351.0
389.0
500.0
500.0
500.0
299.0
500.0
100.0
216.0
500.0
500.0
500.0
500.0
500.0
500.0
500.0
500.0
500.0
500.0
500.0
500.0
500.0
500.0
500.0
187.0
500.0
500.0
500.0
316.0
157.0
500.0
500.0
500.0
500.0
278.0
500.0
370.0
378.0
500.0
500.0
500.0
500.0
177.0
500.0
500.0
500.0
500.0
500.0
500.0
500.0
448.0
433.0
500.0
373.0
187.0
500.0
243.0
250.0
500.0
381.0
325.0
127.0
500.0
307.0
500.0
500.0
272.0
500.0
500.0
193.0
500.0
273.0
214.0
495.0
243.0
500.0
318.0
500.0
420.0
197.0
500.0
500.0
362.0
500.0
500.0
425.0
500.0
433.0
215.0
500.0
306.0
186.0
500.0
456.0
189.0
288.0
239.0
178.0
284.0
227.0
360.0
500.0
245.0
239.0
171.0
233.0
300.0
500.0
469.0
500.0
500.0
179.0
500.0
214.0
464.0
500.0
375.0
312.0
500.0
298.0
410.0
500.0
160.0
500.0
500.0
110.0
262.0
196.0
340.0
253.0
439.0
500.0
500.0
500.0
386.0
341.0
270.0
500.0
500.0
500.0
310.0
500.0
292.0
500.0
500.0
500.0
310.0
500.0
257.0
290.0
184.0
251.0
489.0
500.0
167.0
500.0
500.0
500.0
166.0
238.0
263.0
367.0
189.0
500.0
246.0
390.0
396.0
302.0
500.0
272.0
473.0
207.0
500.0
500.0
500.0
500.0
166.0
273.0
500.0
500.0
441.0
350.0
164.0
272.0
241.0
412.0
307.0
500.0
500.0
107.0
500.0
328.0
500.0
165.0
302.0
286.0
255.0
369.0
211.0
489.0
280.0
500.0
280.0
460.0
500.0
253.0
288.0
130.0
280.0
408.0
228.0
304.0
500.0
360.0
300.0
229.0
191.0
500.0
326.0
500.0
146.0
259.0
185.0
244.0
190.0
349.0
351.0
500.0
500.0
500.0
189.0
500.0
284.0
173.0
500.0
500.0
134.0
500.0
500.0
154.0
500.0
265.0
166.0
500.0
194.0
450.0
474.0
184.0
121.0
344.0
500.0
500.0
259.0
377.0
323.0
183.0
353.0
160.0
408.0
500.0
259.0
500.0
386.0
500.0
500.0
500.0
500.0
500.0
154.0
251.0
200.0
226.0
134.0
296.0
260.0
219.0
500.0
500.0
500.0
375.0
500.0
500.0
307.0
500.0
339.0
500.0
174.0
202.0
491.0
500.0
500.0
500.0
500.0
500.0
220.0
500.0
500.0
291.0
500.0
188.0
98.0
204.0
500.0
165.0
500.0
500.0
264.0
205.0
487.0
500.0
500.0
249.0
500.0
235.0
290.0
409.0
418.0
210.0
240.0
189.0
161.0
500.0
484.0
500.0
209.0
500.0
500.0
500.0
244.0
257.0
418.0
498.0
500.0
500.0
202.0
500.0
500.0
394.0
274.0
500.0
500.0
184.0
500.0
291.0
52.0
242.0
500.0
312.0
288.0
139.0
475.0
145.0
173.0
185.0
500.0
186.0
500.0
278.0
500.0
500.0
500.0
290.0
176.0
405.0
500.0
500.0
421.0
238.0
500.0
279.0
331.0
500.0
500.0
500.0
320.0
230.0
317.0
500.0
500.0
345.0
212.0
500.0
500.0
294.0
245.0
330.0
314.0
500.0
422.0
500.0
500.0
500.0
336.0
289.0
344.0
353.0
278.0
500.0
210.0
500.0
483.0
500.0
500.0
212.0
500.0
179.0
195.0
202.0
163.0
176.0
414.0
500.0
198.0
143.0
500.0
171.0
270.0
500.0
189.0
500.0
500.0
324.0
109.0
500.0
327.0
500.0
113.0
500.0
500.0
486.0
142.0
212.0
500.0
283.0
500.0
500.0
500.0
500.0
500.0
500.0
283.0
500.0
500.0
146.0
500.0
265.0
500.0
124.0
338.0
500.0
231.0
253.0
500.0
180.0
500.0
246.0
500.0
459.0
500.0
143.0
500.0
246.0
271.0
500.0
500.0
270.0
222.0
500.0
133.0
486.0
500.0
500.0
500.0
218.0
178.0
186.0
500.0
352.0
147.0
500.0
251.0
500.0
324.0
294.0
189.0
146.0
500.0
164.0
260.0
500.0
211.0
148.0
500.0
254.0
500.0
500.0
443.0
295.0
203.0
179.0
172.0
500.0
500.0
249.0
147.0
395.0
293.0
282.0
182.0
310.0
271.0
500.0
221.0
500.0
500.0
319.0
182.0
500.0
290.0
230.0
189.0
197.0
284.0
244.0
500.0
500.0
500.0
500.0
499.0
224.0
266.0
269.0
203.0
355.0
240.0
174.0
500.0
288.0
174.0
167.0
500.0
500.0
414.0
197.0
500.0
500.0
186.0
263.0
154.0
333.0
212.0
163.0
203.0
500.0
500.0
182.0
500.0
302.0
108.0
232.0
203.0
500.0
140.0
500.0
248.0
500.0
500.0
114.0
98.0
200.0
94.0
500.0
225.0
294.0
500.0
119.0
144.0
205.0
307.0
500.0
500.0
128.0
500.0
98.0
500.0
252.0
211.0
321.0
500.0
500.0
319.0
500.0
187.0
220.0
206.0
124.0
500.0
251.0
500.0
187.0
500.0
152.0
500.0
500.0
205.0
500.0
380.0
246.0
133.0
262.0
469.0
500.0
500.0
206.0
340.0
500.0
204.0
153.0
183.0
231.0
306.0
407.0
500.0
300.0
500.0
292.0
249.0
193.0
292.0
500.0
317.0
110.0
413.0
500.0
500.0
500.0
133.0
181.0
500.0
390.0
188.0
500.0
273.0
184.0
500.0
279.0
267.0
312.0
199.0
220.0
438.0
177.0
500.0
412.0
500.0
167.0
500.0
499.0
500.0
500.0
184.0
237.0
241.0
500.0
500.0
349.0
246.0
227.0
500.0
500.0
500.0
253.0
258.0
417.0
500.0
500.0
251.0
84.0
279.0
500.0
500.0
500.0
289.0
500.0
500.0
500.0
382.0
248.0
253.0
266.0
88.0
176.0
500.0
500.0
196.0
500.0
160.0
146.0
126.0
384.0
384.0
500.0
417.0
420.0
500.0
500.0
221.0
225.0
287.0
267.0
282.0
500.0
350.0
500.0
296.0
500.0
500.0
193.0
158.0
500.0
275.0
185.0
500.0
368.0
496.0
193.0
82.0
191.0
500.0
500.0
500.0
114.0
500.0
241.0
231.0
220.0
256.0
500.0
500.0
500.0
135.0
384.0
500.0
233.0
417.0
204.0
500.0
500.0
500.0
500.0
150.0
102.0
274.0
500.0
500.0
248.0
216.0
155.0
108.0
190.0
149.0
163.0
128.0
428.0
380.0
500.0
343.0
500.0
258.0
109.0
119.0
293.0
110.0
404.0
326.0
500.0
500.0
500.0
203.0
500.0
152.0
500.0
500.0
500.0
500.0
500.0
247.0
500.0
339.0
500.0
143.0
338.0
270.0
500.0
161.0
500.0
500.0
339.0
500.0
500.0
172.0
500.0
233.0
500.0
500.0
173.0
500.0
500.0
267.0
170.0
301.0
255.0
500.0
330.0
297.0
231.0
500.0
219.0
500.0
229.0
500.0
178.0
500.0
500.0
500.0
500.0
171.0
405.0
246.0
500.0
500.0
500.0
254.0
166.0
500.0
112.0
500.0
251.0
326.0
422.0
325.0
228.0
500.0
500.0
238.0
500.0
179.0
500.0
274.0
500.0
91.0
500.0
500.0
215.0
329.0
500.0
454.0
500.0
500.0
262.0
90.0
190.0
286.0
191.0
500.0
402.0
297.0
93.0
328.0
305.0
500.0
500.0
500.0
154.0
298.0
100.0
156.0
408.0
201.0
246.0
279.0
188.0
500.0
500.0
155.0
500.0
500.0
269.0
172.0
400.0
473.0
148.0
500.0
500.0
500.0
500.0
500.0
228.0
500.0
500.0
241.0
500.0
500.0
145.0
282.0
500.0
127.0
125.0
500.0
500.0
411.0
213.0
161.0
137.0
500.0
351.0
323.0
329.0
500.0
403.0
204.0
463.0
129.0
244.0
500.0
193.0
500.0
156.0
500.0
219.0
500.0
249.0
500.0
314.0
332.0
500.0
107.0
67.0
110.0
500.0
500.0
500.0
187.0
313.0
254.0
201.0
500.0
78.0
500.0
500.0
132.0
370.0
500.0
378.0
500.0
245.0
167.0
500.0
211.0
500.0
500.0
500.0
229.0
268.0
229.0
500.0
500.0
195.0
265.0
500.0
212.0
500.0
154.0
500.0
500.0
287.0
149.0
340.0
247.0
343.0
500.0
121.0
500.0
337.0
155.0
200.0
500.0
300.0
435.0
500.0
500.0
421.0
172.0
286.0
167.0
500.0
251.0
327.0
500.0
259.0
500.0
342.0
445.0
316.0
443.0
246.0
349.0
147.0
500.0
500.0
374.0
500.0
461.0
254.0
286.0
500.0
224.0
150.0
138.0
500.0
241.0
302.0
500.0
500.0
361.0
500.0
321.0
500.0
254.0
178.0
500.0
168.0
390.0
271.0
184.0
500.0
233.0
302.0
207.0
259.0
198.0
244.0
174.0
500.0
260.0
500.0
500.0
221.0
180.0
422.0
312.0
145.0
500.0
177.0
288.0
500.0
195.0
203.0
500.0
297.0
353.0
500.0
500.0
156.0
500.0
184.0
500.0
256.0
500.0
500.0
376.0
208.0
112.0
500.0
500.0
312.0
500.0
259.0
500.0
500.0
326.0
500.0
51.0
500.0
339.0
500.0
500.0
500.0
500.0
500.0
425.0
500.0
500.0
500.0
450.0
500.0
500.0
500.0
470.0
500.0
220.0
500.0
500.0
500.0
154.0
235.0
500.0
401.0
375.0
391.0
500.0
500.0
500.0
174.0
335.0
149.0
500.0
283.0
500.0
260.0
374.0
500.0
500.0
500.0
207.0
500.0
311.0
156.0
500.0
367.0
217.0
365.0
500.0
291.0
500.0
500.0
500.0
500.0
60.0
184.0
500.0
413.0
185.0
500.0
500.0
370.0
500.0
221.0
223.0
500.0
355.0
500.0
500.0
500.0
384.0
500.0
87.0
500.0
500.0
500.0
256.0
500.0
500.0
500.0
362.0
500.0
220.0
284.0
228.0
376.0
62.0
344.0
500.0
294.0
500.0
208.0
500.0
94.0
245.0
151.0
175.0
500.0
500.0
284.0
500.0
392.0
471.0
159.0
500.0
500.0
500.0
500.0
415.0
453.0
157.0
500.0
126.0
500.0
335.0
500.0
421.0
500.0
500.0
500.0
500.0
500.0
500.0
271.0
500.0
500.0
210.0
343.0
228.0
269.0
414.0
500.0
500.0
223.0
500.0
500.0
500.0
500.0
500.0
500.0
368.0
500.0
500.0
500.0
98.0
175.0
500.0
500.0
500.0
153.0
500.0
500.0
247.0
500.0
172.0
113.0
500.0
86.0
500.0
500.0
500.0
259.0
399.0
500.0
500.0
500.0
500.0
368.0
500.0
500.0
500.0
449.0
291.0
500.0
330.0
500.0
500.0
500.0
500.0
500.0
155.0
500.0
500.0
500.0
500.0
243.0
500.0
500.0
500.0
500.0
500.0
130.0
500.0
500.0
500.0
186.0
500.0
500.0
281.0
500.0
500.0
500.0
500.0
500.0
500.0
500.0
500.0
500.0
500.0
500.0
500.0
500.0
500.0
500.0
500.0
500.0
500.0
500.0
500.0
500.0
500.0
500.0
500.0
500.0
500.0
500.0
500.0
500.0
500.0
500.0
500.0
500.0
500.0
500.0
500.0
500.0
500.0
500.0
500.0
500.0
500.0
500.0
500.0
500.0
500.0
500.0
500.0
500.0
500.0
500.0
500.0
500.0
500.0
500.0
500.0
500.0
500.0
500.0
500.0
500.0
500.0
500.0
500.0
500.0
500.0
500.0
500.0
500.0
500.0
500.0
239.0
500.0
500.0
500.0
500.0
500.0
500.0
500.0
270.0
500.0
500.0
500.0
500.0
500.0
500.0
500.0
451.0
500.0
500.0
500.0
500.0
500.0
500.0
500.0
500.0
500.0
500.0
500.0
500.0
500.0
500.0
500.0
500.0
500.0
500.0
500.0
500.0
500.0
500.0
500.0
500.0
500.0
500.0
500.0
500.0
500.0
500.0
435.0
500.0
500.0
500.0
500.0
500.0
500.0
500.0
500.0
500.0
500.0
500.0
500.0
500.0
500.0
234.0
500.0
500.0
500.0
99.0
500.0
500.0
500.0
500.0
500.0
500.0
500.0
176.0
500.0