8.0
9.0
10.0
9.0
11.0
9.0
9.0
8.0
9.0
10.0
11.0
10.0
9.0
10.0
10.0
9.0
12.0
10.0
10.0
9.0
10.0
12.0
11.0
12.0
11.0
11.0
13.0
10.0
9.0
9.0
13.0
10.0
11.0
12.0
14.0
13.0
16.0
14.0
13.0
16.0
10.0
13.0
26.0
11.0
19.0
11.0
20.0
26.0
24.0
12.0
30.0
31.0
30.0
24.0
15.0
12.0
10.0
20.0
22.0
26.0
68.0
31.0
14.0
58.0
12.0
69.0
31.0
12.0
38.0
62.0
31.0
32.0
35.0
35.0
43.0
43.0
35.0
23.0
39.0
34.0
33.0
28.0
54.0
52.0
51.0
75.0
55.0
48.0
43.0
46.0
18.0
25.0
42.0
43.0
56.0
44.0
66.0
51.0
48.0
49.0
137.0
99.0
17.0
55.0
61.0
72.0
500.0
54.0
154.0
79.0
164.0
36.0
55.0
68.0
103.0
124.0
79.0
41.0
429.0
66.0
129.0
124.0
87.0
95.0
387.0
50.0
120.0
87.0
228.0
89.0
99.0
223.0
117.0
39.0
166.0
96.0
113.0
180.0
181.0
140.0
338.0
111.0
90.0
122.0
157.0
194.0
125.0
500.0
87.0
203.0
238.0
294.0
138.0
64.0
500.0
416.0
206.0
264.0
219.0
277.0
86.0
152.0
88.0
137.0
107.0
229.0
107.0
150.0
133.0
161.0
341.0
233.0
323.0
315.0
319.0
199.0
294.0
398.0
251.0
298.0
302.0
279.0
329.0
375.0
295.0
269.0
320.0
203.0
215.0
381.0
343.0
285.0
235.0
217.0
418.0
189.0
177.0
400.0
253.0
323.0
269.0
178.0
327.0
295.0
396.0
255.0
329.0
259.0
381.0
379.0
338.0
137.0
299.0
451.0
339.0
303.0
256.0
350.0
254.0
283.0
177.0
378.0
156.0
451.0
279.0
261.0
222.0
360.0
269.0
206.0
244.0
178.0
335.0
370.0
235.0
234.0
186.0
266.0
331.0
314.0
171.0
354.0
326.0
338.0
170.0
369.0
367.0
435.0
178.0
439.0
92.0
137.0
214.0
211.0
500.0
265.0
266.0
333.0
318.0
239.0
257.0
199.0
220.0
250.0
257.0
306.0
286.0
243.0
196.0
325.0
150.0
157.0
303.0
207.0
273.0
392.0
175.0
164.0
389.0
446.0
251.0
181.0
386.0
348.0
290.0
196.0
158.0
218.0
500.0
342.0
500.0
267.0
462.0
437.0
167.0
362.0
500.0
500.0
486.0
209.0
273.0
356.0
500.0
270.0
362.0
460.0
447.0
346.0
289.0
500.0
500.0
500.0
355.0
314.0
500.0
500.0
319.0
105.0
295.0
500.0
320.0
253.0
500.0
395.0
500.0
372.0
451.0
310.0
330.0
466.0
464.0
437.0
302.0
480.0
412.0
275.0
379.0
369.0
500.0
273.0
461.0
500.0
252.0
349.0
500.0
364.0
428.0
355.0
296.0
428.0
427.0
500.0
434.0
500.0
500.0
415.0
308.0
500.0
346.0
433.0
390.0
500.0
500.0
500.0
500.0
400.0
500.0
500.0
500.0
500.0
500.0
500.0
500.0
330.0
500.0
500.0
500.0
500.0
500.0
500.0
500.0
201.0
500.0
500.0
500.0
327.0
500.0
500.0
500.0
500.0
500.0
489.0
500.0
500.0
500.0
405.0
500.0
190.0
459.0
500.0
373.0
500.0
500.0
491.0
261.0
341.0
500.0
241.0
301.0
500.0
500.0
500.0
500.0
500.0
475.0
411.0
500.0
500.0
500.0
500.0
500.0
500.0
500.0
500.0
500.0
500.0
500.0
500.0
410.0
426.0
500.0
500.0
500.0
500.0
500.0
469.0
500.0
500.0
500.0
441.0
500.0
500.0
335.0
500.0
500.0
500.0
220.0
500.0
389.0
500.0
500.0
500.0
500.0
500.0
500.0
500.0
500.0
500.0
500.0
500.0
500.0
500.0
500.0
500.0
500.0
500.0
500.0
500.0
500.0
500.0
368.0
500.0
281.0
500.0
500.0
500.0
500.0
69.0
500.0
500.0
500.0
341.0
500.0
500.0
500.0
500.0
500.0
500.0
500.0
500.0
500.0
500.0
500.0
500.0
500.0
500.0
500.0
500.0
500.0
500.0
500.0
500.0
500.0
500.0
500.0
500.0
500.0
500.0
500.0
500.0
500.0
500.0
500.0
500.0
500.0
471.0
500.0
500.0
500.0
500.0
500.0
500.0
500.0
500.0
500.0
500.0
500.0
500.0
500.0
500.0
500.0
500.0
500.0
500.0
500.0
500.0
500.0
500.0
500.0
500.0
342.0
500.0
500.0
500.0
500.0
500.0
500.0
500.0
500.0
370.0
500.0
500.0
500.0
500.0
336.0
500.0
500.0
500.0
500.0
451.0
500.0
500.0
500.0
500.0
500.0
500.0
500.0
500.0
500.0
500.0
500.0
500.0
500.0
500.0
500.0
500.0
500.0
500.0
500.0
500.0
500.0
500.0
500.0
500.0
381.0
500.0
500.0
500.0
500.0
500.0
500.0
500.0
500.0
500.0
500.0
500.0
500.0
500.0
500.0
500.0
500.0
500.0
500.0
500.0
500.0
500.0
500.0
500.0
500.0
500.0
500.0
500.0
500.0
500.0
500.0
500.0
500.0
500.0
500.0
500.0
500.0
500.0
500.0
500.0
500.0
500.0
398.0
500.0
388.0
500.0
500.0
500.0
500.0
500.0
500.0
500.0
500.0
500.0
500.0
500.0
500.0
500.0
500.0
500.0
500.0
500.0
500.0
500.0
500.0
500.0
500.0
500.0
500.0
500.0
500.0
500.0
500.0
500.0
500.0
500.0
500.0
500.0
500.0
500.0
500.0
500.0
500.0
500.0
500.0
500.0
500.0
500.0
500.0
500.0
500.0
500.0
500.0
500.0
351.0
500.0
417.0
500.0
500.0
461.0
500.0
500.0
500.0
500.0
500.0
500.0
500.0
500.0
500.0
500.0
500.0
500.0
500.0
500.0
500.0
500.0
500.0
500.0
500.0
500.0
500.0
500.0
500.0
500.0
500.0
500.0
500.0
500.0
500.0
500.0
500.0
500.0
500.0
500.0
500.0
500.0
500.0
500.0
500.0
500.0
500.0
500.0
500.0
500.0
500.0
500.0
500.0
500.0
500.0
500.0
500.0
500.0
500.0
500.0
500.0
500.0
500.0
500.0
357.0
500.0
500.0
500.0
383.0
500.0
500.0
500.0
500.0
500.0
500.0
500.0
500.0
500.0
500.0
500.0
500.0
500.0
500.0
500.0
500.0
500.0
500.0
500.0
500.0
500.0
500.0
500.0
500.0
500.0
500.0
500.0
500.0
500.0
500.0
500.0
500.0
500.0
500.0
500.0
500.0
500.0
500.0
500.0
500.0
500.0
500.0
500.0
500.0
500.0
500.0
500.0
500.0
500.0
500.0
500.0
500.0
500.0
500.0
500.0
500.0
500.0
500.0
500.0
500.0
500.0
500.0
500.0
500.0
500.0
500.0
500.0
500.0
500.0
500.0
500.0
500.0
500.0
500.0
500.0
500.0
500.0
500.0
500.0
500.0
500.0
500.0
500.0
500.0
500.0
500.0
500.0
500.0
500.0
500.0
500.0
500.0
500.0
500.0
500.0
500.0
500.0
334.0
500.0
500.0
500.0
500.0
500.0
454.0
500.0
500.0
500.0
500.0
500.0
500.0
500.0
500.0
500.0
500.0
500.0
500.0
500.0
500.0
500.0
500.0
500.0
500.0
500.0
500.0
450.0
500.0
500.0
500.0
500.0
500.0
500.0
500.0
500.0
500.0
500.0
500.0
500.0
500.0
500.0
500.0
500.0
500.0
500.0
500.0
500.0
500.0
500.0
500.0
500.0
500.0
500.0
500.0
500.0
500.0
500.0
500.0
500.0
500.0
500.0
500.0
500.0
500.0
500.0
500.0
500.0
500.0
500.0
500.0
500.0
500.0
500.0
500.0
500.0
500.0
500.0
500.0
500.0
500.0
500.0
500.0
500.0
500.0
500.0
500.0
399.0
500.0
500.0
500.0
500.0
500.0
500.0
441.0
500.0
500.0
500.0
500.0
500.0
496.0
500.0
500.0
500.0
500.0
500.0
500.0
500.0
500.0
500.0
500.0
500.0
500.0
500.0
500.0
500.0
500.0
500.0
500.0
500.0
500.0
500.0
500.0
500.0
500.0
500.0
500.0
500.0
500.0
500.0
500.0
500.0
500.0
500.0
500.0
500.0
500.0
500.0
500.0
500.0
500.0
500.0
500.0
500.0
500.0
500.0
500.0
500.0
500.0
500.0
500.0
500.0
500.0
500.0
500.0
500.0
500.0
500.0
500.0
500.0
500.0
500.0
500.0
500.0
500.0
500.0
500.0
500.0
500.0
500.0
500.0
500.0
500.0
500.0
500.0
500.0
500.0
500.0
500.0
500.0
500.0
500.0
500.0
500.0
500.0
500.0
500.0
500.0
500.0
500.0
500.0
500.0
500.0
500.0
500.0
500.0
500.0
500.0
500.0
442.0
500.0
500.0
500.0
500.0
500.0
500.0
500.0
500.0
500.0
500.0
500.0
500.0
500.0
500.0
500.0
500.0
500.0
500.0
500.0
500.0
500.0
500.0
500.0
500.0
500.0
500.0
500.0
472.0
500.0
500.0
500.0
500.0
500.0
379.0
500.0
500.0
500.0
500.0
500.0
500.0
469.0
500.0
500.0
500.0
500.0
500.0
500.0
500.0
500.0
500.0
500.0
500.0
500.0
500.0
500.0
500.0
500.0
500.0
500.0
500.0
500.0
500.0
500.0
500.0
500.0
500.0
315.0
500.0
500.0
500.0
500.0
500.0
500.0
500.0
500.0
500.0
500.0
500.0
500.0
500.0
500.0
500.0
500.0
500.0
500.0
500.0
500.0
500.0
500.0
500.0
500.0
500.0
500.0
500.0
500.0
500.0
500.0
500.0
500.0
500.0
500.0
500.0
500.0
500.0
500.0
500.0
500.0
500.0
500.0
500.0
500.0
500.0
500.0
500.0
500.0
500.0
500.0
500.0
500.0
500.0
500.0
500.0
500.0
500.0
500.0
500.0
500.0
500.0
500.0
500.0
374.0
500.0
500.0
500.0
500.0
500.0
500.0
500.0
500.0
500.0
500.0
500.0
500.0
500.0
500.0
500.0
500.0
355.0
500.0
500.0
500.0
500.0
500.0
500.0
500.0
500.0
500.0
500.0
500.0
500.0
500.0
500.0
500.0
500.0
500.0
500.0
500.0
500.0
500.0
500.0
500.0
500.0
500.0
500.0
500.0
408.0
500.0
500.0
500.0
500.0
500.0
500.0
500.0
500.0
500.0
500.0
500.0
357.0
500.0
500.0
500.0
500.0
500.0
500.0
500.0
500.0
500.0
500.0
500.0
500.0
500.0
500.0
500.0
500.0
500.0
500.0
500.0
500.0
500.0
500.0
500.0
500.0
500.0
500.0
500.0
500.0
500.0
500.0
500.0
500.0
500.0
500.0
500.0
500.0
500.0
500.0
500.0
500.0
500.0
500.0
500.0
500.0
500.0
500.0
500.0
500.0
500.0
500.0
500.0
500.0
500.0
500.0
500.0
500.0
500.0
500.0
500.0
500.0
500.0
500.0
500.0
500.0
500.0
500.0
500.0
500.0
500.0
500.0
500.0
500.0
500.0
500.0
500.0
500.0
500.0
500.0
500.0
500.0
468.0
500.0
500.0
500.0
500.0
500.0
500.0
500.0
500.0
500.0
500.0
500.0
500.0
500.0
500.0
500.0
500.0
500.0
500.0
500.0
465.0
500.0
500.0
500.0
500.0
500.0
500.0
500.0
500.0
500.0
500.0
500.0
500.0
500.0
500.0
500.0
384.0
500.0
500.0
500.0
500.0
500.0
500.0
500.0
500.0
500.0
500.0
500.0
500.0
500.0
500.0
500.0
500.0
500.0
500.0
500.0
500.0
500.0
500.0
500.0
500.0
500.0
500.0
500.0
500.0
500.0
500.0
500.0
500.0
500.0
500.0
500.0
500.0
500.0
500.0
500.0
500.0
500.0
500.0
500.0
500.0
500.0
500.0
500.0
362.0
500.0
500.0
500.0
500.0
500.0
500.0
500.0
500.0
500.0
500.0
500.0
500.0
500.0
500.0
500.0
500.0
500.0
500.0
500.0
500.0
500.0
500.0
500.0
500.0
500.0
500.0
500.0
500.0
500.0
500.0
500.0
500.0
500.0
500.0
500.0
500.0
500.0
500.0
500.0
500.0
500.0
360.0
500.0
500.0
500.0
500.0
500.0
500.0
500.0
500.0
500.0
500.0
500.0
500.0
500.0
500.0
500.0
500.0
500.0
500.0
500.0
500.0
500.0
469.0
500.0
500.0
500.0
500.0
500.0
500.0
500.0
500.0
500.0
500.0
500.0
500.0
500.0
500.0
500.0
500.0
500.0
500.0
500.0
500.0
500.0
500.0
500.0
500.0
500.0
500.0
500.0
500.0
500.0
500.0
500.0
500.0
500.0
500.0
500.0
500.0
500.0
500.0
500.0
500.0
500.0
500.0
500.0
500.0
500.0
500.0
500.0
441.0
500.0
500.0
500.0
359.0
500.0
500.0
500.0
500.0
500.0
500.0
500.0
500.0
500.0
500.0
400.0
500.0
500.0
500.0
500.0
500.0
500.0
500.0
500.0
500.0
500.0
500.0
500.0
500.0
500.0
500.0
500.0
500.0
500.0
500.0
500.0
500.0
500.0
500.0
500.0
500.0
500.0
500.0
500.0
500.0
500.0
500.0
500.0
500.0
500.0
500.0
500.0
500.0
487.0
500.0
500.0
500.0
500.0
500.0
500.0
500.0
500.0
500.0
500.0
500.0
500.0
500.0
500.0
500.0
500.0
423.0
500.0
500.0
500.0
500.0
500.0
500.0
500.0
500.0
500.0
500.0
500.0
500.0
500.0
500.0
500.0
500.0
500.0
500.0
500.0
500.0
500.0
500.0
500.0
500.0
500.0
500.0
500.0
500.0
500.0
500.0
500.0
500.0
500.0
500.0
500.0
500.0
500.0
500.0
500.0
500.0
500.0
500.0
500.0
500.0
500.0
500.0
500.0
500.0
500.0
500.0
500.0
500.0
500.0
500.0
500.0
500.0
500.0
500.0
500.0
500.0
500.0
500.0
500.0
500.0
500.0
500.0
500.0
500.0
500.0
500.0
500.0
500.0
500.0
500.0
500.0
500.0
500.0
500.0
500.0
500.0
500.0
500.0
500.0
500.0
500.0
500.0
500.0
500.0
500.0
500.0
500.0
500.0
500.0
500.0
500.0
500.0
500.0
500.0
500.0
500.0
500.0
500.0
500.0
500.0
500.0
500.0
500.0
395.0
500.0
500.0
500.0
500.0
500.0
500.0
500.0
500.0
500.0
500.0
500.0
500.0
500.0
500.0
500.0
500.0
500.0
500.0
500.0
500.0
500.0
500.0
500.0
500.0
500.0
500.0
500.0
500.0
500.0
500.0
500.0
500.0
500.0
500.0
500.0
329.0
500.0
500.0
500.0
500.0
500.0
500.0
500.0
500.0
500.0
475.0
500.0
500.0
500.0
500.0
500.0
500.0
500.0
500.0
500.0
500.0
500.0
500.0
500.0
500.0
500.0
500.0
500.0
500.0
500.0
500.0
500.0
500.0
500.0
500.0
500.0
500.0
500.0
500.0
500.0
500.0
500.0
500.0
500.0
500.0
500.0
500.0
500.0
500.0
500.0
500.0
500.0
500.0
500.0
500.0
500.0
500.0
500.0
500.0
500.0
500.0
500.0
500.0
500.0
500.0
404.0
500.0
500.0
500.0
500.0
500.0
500.0
500.0
500.0
500.0
500.0
500.0
500.0
500.0
500.0
500.0
500.0
500.0
500.0
500.0
500.0
500.0
500.0
500.0
500.0
500.0
500.0
500.0
500.0
500.0
500.0
500.0
500.0
473.0
500.0
500.0
500.0
500.0
500.0
500.0
500.0
500.0
487.0
500.0
500.0
500.0
500.0
500.0
500.0
500.0
500.0
500.0
500.0
500.0
500.0
500.0
500.0
500.0
500.0
500.0
500.0
500.0
500.0
500.0
500.0
500.0
500.0
500.0
500.0
500.0
500.0
500.0
500.0
500.0
500.0
500.0
500.0
500.0
500.0
500.0
500.0
500.0
500.0
500.0
500.0
500.0
500.0
500.0
500.0
384.0
500.0
500.0
500.0
500.0
500.0
500.0
500.0
500.0
500.0
500.0
500.0
500.0
500.0
500.0
500.0
500.0
500.0
500.0
500.0
500.0
500.0
500.0
500.0
500.0
500.0
500.0
500.0
500.0
500.0
500.0
500.0
500.0
500.0
500.0
500.0
500.0
500.0
500.0
500.0
500.0
500.0
500.0
500.0
500.0
500.0
500.0
500.0
500.0
500.0
500.0
500.0
500.0
500.0
500.0
500.0
500.0
500.0
500.0
500.0
500.0
500.0
500.0
500.0
397.0
500.0
500.0
500.0
500.0
500.0
313.0
500.0
500.0
500.0
500.0
500.0
500.0
500.0
500.0
500.0
500.0
500.0
500.0
438.0
427.0
500.0
500.0
500.0
500.0
500.0
500.0
500.0
500.0
500.0
500.0
500.0
500.0
500.0
500.0
500.0
500.0
500.0
500.0
500.0
500.0
500.0
500.0
500.0
500.0
500.0
500.0
500.0
500.0
500.0
500.0
500.0
500.0
500.0
500.0
500.0
500.0
500.0
500.0
500.0
500.0
500.0
500.0
500.0
500.0
500.0
500.0
500.0
500.0
500.0
500.0
500.0
500.0
500.0
500.0
500.0
500.0
500.0
500.0
500.0
500.0
500.0
500.0
500.0
500.0
500.0
500.0
500.0
500.0
500.0
500.0
500.0
500.0
500.0
500.0
500.0
500.0
500.0
500.0
500.0
500.0
500.0
500.0
500.0
500.0
500.0
500.0
500.0
500.0
500.0
500.0
500.0
500.0
500.0
500.0
500.0
500.0
500.0
500.0
500.0
500.0
500.0
500.0
500.0
500.0
500.0
500.0
500.0
500.0
500.0
500.0
500.0
500.0
500.0
500.0
500.0
500.0
500.0
500.0
337.0
500.0
500.0
500.0
500.0
500.0
500.0
500.0
500.0
500.0
500.0
500.0
500.0
500.0
500.0
500.0
500.0
500.0
500.0
500.0
500.0
500.0
500.0
500.0
500.0
500.0
500.0
500.0
500.0
500.0
500.0
391.0
500.0
500.0
500.0
500.0
500.0
500.0
500.0
500.0
500.0
500.0
500.0
500.0
500.0
500.0
500.0
500.0
500.0
500.0
500.0
500.0
500.0
500.0
500.0
500.0
500.0
500.0
500.0
500.0
500.0
500.0
500.0
500.0
500.0
500.0
500.0
500.0
500.0
500.0
500.0
500.0
427.0
500.0
500.0
500.0
500.0
500.0
500.0
500.0
500.0
500.0
500.0
500.0
500.0
500.0
500.0
500.0
500.0
500.0
500.0
500.0
500.0
500.0
500.0
500.0
500.0
500.0
500.0
500.0
500.0
500.0
500.0
395.0
500.0
500.0
500.0
500.0
500.0
500.0
500.0
500.0
500.0
500.0
500.0
500.0
500.0
500.0
500.0
500.0
500.0
500.0
500.0
500.0
500.0
500.0
500.0
500.0
500.0
500.0
500.0
500.0
500.0
500.0
500.0
500.0
500.0
500.0
500.0
500.0
500.0
500.0
500.0
500.0
500.0
500.0
500.0
500.0
500.0
500.0
500.0
500.0
500.0
500.0
500.0
500.0
500.0
500.0
500.0
500.0
500.0
500.0
372.0
500.0
500.0
500.0
500.0
500.0
500.0
500.0
500.0
500.0
500.0
500.0
500.0
500.0
500.0
500.0
500.0
500.0
353.0
500.0
500.0
500.0
500.0
500.0
500.0
500.0
500.0
500.0
500.0
500.0
500.0
500.0
500.0
500.0
500.0
500.0
500.0
500.0
500.0
500.0
500.0
500.0
500.0
500.0
500.0
500.0
500.0
500.0
500.0
500.0
500.0
500.0
500.0
500.0
500.0
500.0
500.0
500.0
500.0
500.0
500.0
500.0
500.0
500.0
500.0
500.0
500.0
500.0
500.0
500.0
500.0
500.0
500.0
500.0
500.0
500.0
500.0
500.0
500.0
500.0
500.0
500.0
500.0
500.0
500.0
500.0
500.0
500.0
500.0
500.0
500.0
500.0
500.0
500.0
500.0
500.0
500.0
500.0
500.0
500.0
500.0
500.0
500.0
500.0
500.0
500.0
500.0
500.0
500.0
500.0
500.0
500.0
500.0
500.0
500.0
500.0
500.0
500.0
500.0
500.0
500.0
500.0
500.0
500.0
500.0
500.0
500.0
500.0
500.0
500.0
500.0
500.0
500.0
500.0
500.0
500.0
500.0
500.0
500.0
500.0
500.0
500.0
500.0
500.0
500.0
500.0
500.0
500.0
500.0
500.0
500.0
500.0
500.0
500.0
500.0
500.0
500.0
500.0
500.0
500.0
500.0
500.0
500.0
500.0
500.0
500.0
500.0
500.0
500.0
500.0
500.0
500.0
500.0
500.0
500.0
500.0
500.0
500.0
500.0
500.0
500.0
500.0
500.0
500.0
500.0
500.0
500.0
500.0
500.0
500.0
500.0
500.0
500.0
500.0
500.0
500.0
500.0
500.0
500.0
500.0
500.0
500.0
500.0
500.0
500.0
500.0
500.0
500.0
500.0
500.0
500.0
500.0
500.0
500.0
500.0
500.0
500.0
500.0
500.0
500.0
500.0
500.0
500.0
500.0
500.0
500.0
500.0
500.0
500.0
500.0
500.0
500.0
500.0
500.0
500.0
500.0
443.0
500.0
500.0
500.0
500.0
447.0
500.0
500.0
500.0
500.0
500.0
500.0
500.0
500.0
500.0
500.0
500.0
500.0
500.0
500.0
500.0
500.0
500.0
500.0
500.0
500.0
500.0
500.0
500.0
500.0
500.0
500.0
500.0
500.0
500.0
500.0
500.0
500.0
500.0
500.0
500.0
500.0
500.0
500.0
500.0
500.0
500.0
500.0
500.0
500.0
500.0
500.0
500.0
500.0
500.0
500.0
500.0
500.0
500.0
500.0
500.0
500.0
500.0
500.0
500.0
500.0
500.0
500.0
500.0
500.0
500.0
500.0
500.0
500.0
500.0
500.0
500.0
500.0
500.0
500.0
500.0
437.0
500.0
500.0
500.0
500.0
500.0
500.0
500.0
500.0
500.0
500.0
500.0
500.0
500.0
500.0
500.0
500.0
500.0
500.0
500.0
500.0
500.0
500.0
500.0
500.0
500.0
500.0
500.0
500.0
500.0
500.0
500.0
500.0
500.0
500.0
500.0
500.0
500.0
500.0
500.0
500.0
500.0
500.0
500.0
500.0
500.0
500.0
500.0
500.0
500.0
500.0
387.0
500.0
500.0
500.0
500.0
500.0
500.0
500.0
500.0
500.0
500.0
500.0
500.0
500.0
500.0
500.0
500.0
500.0
500.0
500.0
500.0
500.0
500.0
500.0
500.0
500.0
500.0
500.0
500.0
500.0
500.0
500.0
500.0
500.0
500.0
500.0
500.0
500.0
500.0
500.0
500.0
500.0
500.0
500.0
500.0
500.0
500.0
500.0
500.0
379.0
500.0
500.0
500.0
500.0
500.0
354.0
500.0
444.0
500.0
500.0
500.0
500.0
500.0
500.0
500.0
500.0
500.0
500.0
500.0
500.0
500.0
500.0
500.0
500.0
500.0
500.0
500.0
500.0
500.0
500.0
500.0
500.0
500.0
500.0
500.0
500.0
500.0
500.0
500.0
500.0
500.0
500.0
500.0
452.0
500.0
500.0
500.0
500.0
500.0
500.0
500.0
500.0
500.0
500.0
500.0
500.0
500.0
500.0
500.0
500.0
500.0
500.0
500.0
500.0
500.0
500.0
500.0
500.0
500.0
500.0
500.0
500.0
494.0
500.0
500.0
500.0
500.0
500.0
500.0
500.0
500.0
500.0
500.0
500.0
500.0
500.0
500.0
482.0
500.0
500.0
500.0
500.0
500.0
500.0
500.0
500.0
500.0
500.0
500.0
500.0
500.0
500.0
500.0
500.0
500.0
500.0
500.0
500.0
500.0
500.0
500.0
500.0
500.0
500.0
500.0
500.0
500.0
500.0
500.0
500.0
500.0
500.0
500.0
500.0
500.0
500.0
500.0
500.0
500.0
500.0
500.0
500.0
500.0
500.0
500.0
500.0
500.0
411.0
500.0
500.0
500.0
500.0
500.0
500.0
500.0
500.0
500.0
500.0
500.0
500.0
500.0
500.0
500.0
500.0
500.0
500.0
500.0
500.0
500.0
500.0
500.0
500.0
500.0
500.0
500.0
500.0
500.0
500.0
500.0
500.0
500.0
500.0
500.0
500.0
500.0
500.0
500.0
500.0
500.0
500.0
500.0
500.0
500.0
500.0
500.0
500.0
500.0
500.0
500.0
500.0
500.0
500.0
500.0
500.0
500.0
500.0
500.0
500.0
500.0
500.0
500.0
500.0
500.0
500.0
500.0
500.0
500.0
500.0
500.0
500.0
500.0
500.0
500.0
500.0
460.0
500.0
354.0
500.0
500.0
500.0
500.0
500.0
500.0
500.0
500.0
500.0
500.0
500.0
500.0
500.0
500.0
500.0
500.0
500.0
500.0
500.0
500.0
500.0
500.0
500.0
500.0
500.0
500.0
500.0
500.0
500.0
500.0
500.0
500.0
500.0
446.0
500.0
500.0
500.0
500.0
500.0
500.0
500.0
500.0
500.0
500.0
500.0
500.0
500.0
500.0
500.0
500.0
500.0
500.0
500.0
500.0
500.0
500.0
500.0
500.0
500.0
500.0
500.0
500.0
500.0
500.0
500.0
500.0
500.0
500.0
500.0
500.0
500.0
500.0
500.0
500.0
500.0
500.0
500.0
500.0
500.0
500.0
397.0
500.0
500.0
500.0
500.0
500.0
500.0
500.0
500.0
500.0
500.0
500.0
500.0
500.0
500.0
500.0
500.0
500.0
500.0
500.0
500.0
500.0
458.0
500.0
500.0
500.0
500.0
500.0
500.0
500.0
500.0
500.0
500.0
500.0
500.0
500.0
500.0
500.0
500.0
500.0
500.0
500.0
500.0
500.0
500.0
500.0
500.0
500.0
500.0
500.0
500.0
500.0
500.0
500.0
500.0
500.0
500.0
500.0
500.0
500.0
500.0
500.0
500.0
500.0
500.0
500.0
500.0
500.0
500.0
500.0
500.0
500.0
500.0
500.0
500.0
500.0
500.0
500.0
500.0
500.0
500.0
500.0
500.0
500.0
500.0
500.0
500.0
500.0
500.0
500.0
500.0
500.0
500.0
500.0
500.0
500.0
500.0
500.0
500.0
500.0
500.0
500.0
500.0
500.0
500.0
500.0
500.0
500.0
500.0
500.0
500.0
500.0
500.0
500.0
500.0
500.0
500.0
455.0
500.0
500.0
500.0
500.0
500.0
500.0
500.0
500.0
500.0
500.0
500.0
500.0
500.0
500.0
500.0
500.0
500.0
500.0
500.0
500.0
500.0
500.0
500.0
500.0
500.0
500.0
500.0
500.0
500.0
500.0
500.0
500.0
500.0
500.0
500.0
500.0
500.0
500.0
500.0
500.0
500.0
500.0
500.0
500.0
500.0
500.0
500.0
500.0
500.0
500.0
500.0
500.0
500.0
500.0
500.0
500.0
500.0
500.0
448.0
65.0
500.0
500.0
76.0
196.0
500.0
500.0
500.0
500.0
206.0
500.0
500.0
500.0
500.0
500.0
500.0
500.0
500.0
500.0
500.0
500.0
500.0
500.0
500.0
500.0
500.0
500.0
500.0
500.0
500.0
500.0
500.0
500.0
500.0
500.0
182.0
500.0
500.0
500.0
500.0
500.0
418.0
500.0
500.0
500.0
500.0
302.0
500.0
500.0
463.0
500.0
237.0
500.0
500.0
500.0
500.0
500.0
500.0
500.0
500.0
500.0
500.0
500.0
500.0
500.0
234.0
500.0
500.0
500.0
500.0
500.0
500.0
500.0
172.0
500.0
500.0
500.0
500.0
374.0
500.0
500.0
179.0
500.0
442.0
207.0
210.0
500.0
500.0
500.0
500.0
500.0
500.0
500.0
500.0
500.0
235.0
500.0
500.0
235.0
500.0
500.0
452.0
500.0
211.0
500.0
500.0
500.0
500.0
62.0
500.0
475.0
500.0
500.0
500.0
500.0
143.0
500.0
500.0
500.0
500.0
500.0
500.0
500.0
500.0
500.0
238.0
500.0
500.0
375.0
500.0
500.0
500.0
324.0
268.0
160.0
500.0
500.0
500.0
500.0
500.0
500.0
500.0
500.0
500.0
500.0
500.0
500.0
500.0
500.0
415.0
500.0
500.0
245.0
500.0
500.0
500.0
294.0
194.0
269.0
300.0
198.0
175.0
271.0
246.0
275.0
226.0
247.0
183.0
230.0
321.0
254.0
201.0
285.0
204.0
273.0
271.0
262.0
261.0
218.0
279.0
225.0
306.0
218.0
289.0
395.0
183.0
221.0
267.0
182.0
278.0
270.0
265.0
212.0
338.0
203.0
235.0
392.0
321.0
290.0
236.0
206.0
336.0
351.0
369.0
287.0
285.0
326.0
479.0
331.0
325.0
337.0
395.0
225.0
254.0
399.0
313.0
194.0
305.0
90.0
184.0
85.0
233.0
151.0
355.0
275.0
315.0
306.0
115.0
83.0
136.0
140.0
291.0
100.0
78.0
176.0
112.0
195.0
178.0
151.0
79.0
122.0
125.0
349.0
153.0
71.0
168.0
114.0
168.0
114.0
185.0
81.0
132.0
161.0
219.0
110.0
75.0
79.0
182.0
127.0
105.0
199.0
211.0
190.0
170.0
193.0
134.0
223.0
196.0
279.0
152.0
150.0
203.0
189.0
191.0
279.0
236.0
243.0
278.0
175.0
337.0
500.0
417.0
146.0
135.0
142.0
318.0
278.0
262.0
263.0
368.0
252.0
327.0
229.0
370.0
302.0
226.0
305.0
196.0
281.0
217.0
411.0
240.0
320.0
273.0
364.0
280.0
243.0
288.0
259.0
246.0
169.0
186.0
256.0
335.0
431.0
219.0
215.0
320.0
292.0
296.0
238.0
220.0
413.0
236.0
257.0
249.0
343.0
251.0
207.0
300.0
208.0
228.0
283.0
253.0
233.0
263.0
313.0
364.0
243.0
196.0
232.0
226.0
265.0
320.0
273.0
189.0
378.0
369.0
197.0
254.0
330.0
202.0
314.0
279.0
411.0
281.0
326.0
214.0
300.0
314.0
275.0
289.0
398.0
406.0
248.0
223.0
176.0
268.0
188.0
258.0
328.0
237.0
302.0
227.0
213.0
326.0
183.0
269.0
194.0
93.0
129.0
179.0
188.0
306.0
262.0
175.0
103.0
263.0
188.0
219.0
274.0
222.0
262.0
125.0
248.0
213.0
242.0
152.0
384.0
257.0
242.0
219.0
176.0
264.0
238.0
286.0
238.0
177.0
347.0
217.0
174.0
166.0
185.0
384.0
322.0
261.0
206.0
208.0
293.0
194.0
269.0
235.0
247.0
215.0
160.0
163.0
224.0
300.0
323.0
201.0
292.0
253.0
172.0
125.0
282.0
161.0
130.0
273.0
186.0
110.0
202.0
257.0
196.0
240.0
160.0
312.0
217.0
158.0
206.0
210.0
148.0
216.0
138.0
130.0
182.0
186.0
246.0
190.0
235.0
344.0
201.0
126.0
151.0
105.0
176.0
141.0
166.0
199.0
177.0
207.0
352.0
206.0
169.0
115.0
186.0
112.0
271.0
209.0
110.0
205.0
127.0
208.0
110.0
183.0
224.0
296.0
258.0
154.0
201.0
117.0
139.0
138.0
241.0
220.0
206.0
220.0
204.0
192.0
201.0
99.0
169.0
168.0
174.0
177.0
283.0
185.0
103.0
100.0
318.0
196.0
169.0
238.0
154.0
156.0
242.0
184.0
134.0
245.0
186.0
316.0
226.0
172.0
215.0
209.0
124.0
298.0
230.0
123.0
252.0
171.0
125.0
127.0
240.0
245.0
160.0
186.0
181.0
123.0
179.0
173.0
138.0
175.0
217.0
101.0
343.0
184.0
113.0
138.0
310.0
215.0
144.0
162.0
206.0
231.0
287.0
211.0
169.0
174.0
187.0
228.0
319.0
245.0
120.0
155.0
182.0
146.0
147.0
222.0
169.0
178.0
141.0
167.0
324.0
282.0
171.0
241.0
168.0
251.0
151.0
164.0
168.0
168.0
123.0
235.0
157.0
200.0
157.0
213.0
188.0
214.0
298.0
197.0
302.0
310.0
119.0
130.0
163.0
196.0
299.0
200.0
186.0
176.0
241.0
107.0
190.0
291.0
230.0
142.0
272.0
111.0
158.0
178.0
182.0
136.0
304.0
151.0
143.0
235.0
110.0
157.0
233.0
133.0
301.0
129.0
126.0
169.0
88.0
278.0
132.0
98.0
174.0
118.0
146.0
187.0
246.0
80.0
147.0
164.0
175.0
117.0
83.0
97.0
173.0
134.0
217.0
188.0
201.0
163.0
65.0
62.0
190.0
158.0
179.0
170.0
74.0
78.0
180.0
260.0
161.0
197.0
209.0
129.0
174.0
148.0
254.0
148.0
163.0
167.0
221.0
195.0
139.0
136.0
63.0
138.0
163.0
103.0
145.0
160.0
50.0
130.0
147.0
101.0
79.0
156.0
194.0
112.0
76.0
97.0
86.0
307.0
139.0
71.0
171.0
95.0
54.0
108.0
124.0
91.0
205.0
191.0
135.0
102.0
99.0
74.0
63.0
45.0
96.0
57.0
62.0
68.0
56.0
96.0
48.0
26.0
28.0
298.0
79.0
43.0
40.0
165.0
91.0
27.0
19.0
144.0
27.0
135.0
43.0
27.0
29.0
160.0
152.0
140.0
38.0
143.0
148.0
151.0
25.0
16.0
13.0
12.0
16.0
16.0
20.0
101.0
19.0
20.0
11.0
12.0
24.0
20.0
19.0
23.0
16.0
20.0
12.0
12.0
11.0
13.0
20.0
123.0
21.0
37.0
115.0
152.0
102.0
140.0
89.0
67.0
100.0
43.0
72.0
96.0
68.0
64.0
122.0
210.0
110.0
57.0
179.0
132.0
12.0
72.0
157.0
15.0
94.0
405.0
15.0
112.0
141.0
358.0
27.0
342.0
314.0
85.0
23.0
12.0
15.0
373.0
344.0
319.0
392.0
126.0
409.0
117.0
331.0
110.0
500.0
316.0
500.0
333.0
311.0
182.0
327.0
257.0
500.0
318.0
402.0
413.0
328.0
347.0
500.0
500.0
248.0
500.0
500.0
500.0
363.0
500.0
316.0
319.0
500.0
277.0
500.0
500.0
329.0
334.0
500.0
330.0
500.0
500.0
456.0
339.0
296.0
500.0
384.0
349.0
500.0
500.0
500.0
53.0
500.0
500.0
500.0
500.0
368.0
500.0
158.0
500.0
500.0
500.0
153.0
500.0
374.0
500.0
500.0
500.0
500.0
500.0
370.0
212.0
500.0
263.0
500.0
500.0
500.0
500.0
224.0
500.0
489.0
147.0
500.0
500.0
500.0
273.0
345.0
500.0
500.0
500.0
500.0
468.0
500.0
500.0
500.0
395.0
271.0
500.0
500.0
500.0
426.0
500.0
500.0
500.0
119.0
500.0
500.0
500.0
411.0
500.0
500.0
500.0
500.0
500.0
500.0
500.0
296.0
500.0
191.0
500.0
500.0
149.0
500.0
500.0
500.0
382.0
500.0
37.0
500.0
447.0
500.0
372.0
500.0
500.0
500.0
500.0
500.0
500.0
500.0
500.0
500.0
500.0
500.0
500.0
223.0
500.0
36.0
500.0
474.0
482.0
500.0
500.0
500.0
500.0
500.0
500.0
500.0
500.0
41.0
500.0
500.0
487.0
500.0
500.0
500.0
500.0
500.0
500.0
500.0
500.0
500.0
500.0
500.0
500.0
500.0
500.0
500.0
500.0
83.0
500.0
500.0
500.0
500.0
500.0
500.0
500.0
451.0
500.0
500.0
500.0
500.0
500.0
500.0
500.0
500.0
500.0
500.0
500.0
500.0
500.0
500.0
500.0
500.0
500.0
500.0
500.0
500.0
500.0
500.0
500.0
47.0
500.0
500.0
500.0
500.0
500.0
484.0
500.0
500.0
500.0
500.0
500.0
500.0
500.0
500.0
500.0
500.0
500.0
500.0
500.0
500.0
500.0
379.0
500.0
500.0
500.0
500.0
500.0
500.0
500.0
500.0
41.0
500.0
460.0
500.0
500.0
500.0
500.0
500.0
500.0
500.0
500.0
500.0
500.0
500.0
500.0
401.0
500.0
500.0
454.0
500.0
500.0
500.0
500.0
500.0
500.0
39.0
500.0
500.0
500.0
500.0
500.0
409.0
500.0
432.0
500.0
500.0
500.0
500.0
500.0
500.0
500.0
473.0
500.0
500.0
71.0
500.0
500.0
500.0
500.0
500.0
500.0
500.0
500.0
500.0
490.0
500.0
500.0
500.0
500.0
500.0
47.0
500.0
214.0
500.0
500.0
500.0
500.0
500.0
500.0
500.0
500.0
500.0
500.0
463.0
500.0
500.0
500.0
500.0
500.0
500.0
500.0
500.0
500.0
500.0
500.0
500.0
500.0
500.0
500.0
500.0
500.0
500.0
500.0
500.0
500.0
500.0
500.0
500.0
500.0
500.0
500.0
405.0
500.0
500.0
500.0
500.0
500.0
500.0
500.0
500.0
500.0
500.0
500.0
500.0
500.0
500.0
472.0
500.0
500.0
500.0
500.0
500.0
500.0
500.0
480.0
500.0
500.0
500.0
500.0
500.0
500.0
500.0
500.0
500.0
500.0
500.0
500.0
500.0
500.0
500.0
500.0
500.0
500.0
500.0
500.0
500.0
500.0
500.0
500.0
500.0
500.0
500.0
500.0
500.0
500.0
500.0
500.0
500.0
500.0
500.0
500.0
500.0
500.0
391.0
500.0
500.0
500.0
407.0
500.0
500.0
500.0
500.0
500.0
500.0
500.0
500.0
500.0
500.0
500.0
500.0
500.0
500.0
500.0
500.0
500.0
500.0
500.0
500.0
298.0
500.0
444.0
500.0
500.0
500.0
500.0
500.0
500.0
500.0
500.0
500.0
500.0
500.0
500.0
500.0
500.0
500.0
500.0
500.0
500.0
500.0
273.0
500.0
500.0
500.0
486.0
500.0
500.0
500.0
500.0
147.0
376.0
500.0
444.0
500.0
500.0
500.0
500.0
500.0
500.0
500.0
500.0
500.0
500.0
500.0
500.0
500.0
500.0
500.0
500.0
500.0
500.0
500.0
500.0
500.0
500.0
500.0
500.0
500.0
500.0
500.0
500.0
500.0
500.0
490.0
500.0
433.0
500.0
396.0
500.0
500.0
500.0
500.0
500.0
500.0
500.0
500.0
500.0
500.0
500.0
500.0
500.0
500.0
500.0
500.0
500.0
500.0
500.0
500.0
500.0
500.0
500.0
500.0
500.0
500.0
500.0
500.0
500.0
500.0
500.0
500.0
500.0
500.0
500.0
449.0
500.0
500.0
479.0
500.0
500.0
500.0
500.0
500.0
500.0
500.0
500.0
500.0
463.0
500.0
500.0
500.0
500.0
500.0
500.0
417.0
500.0
500.0
500.0
500.0
500.0
336.0
500.0
500.0
500.0
363.0
500.0
165.0
492.0
500.0
500.0
454.0
500.0
407.0
500.0
500.0
500.0
500.0
500.0
500.0
500.0
500.0
500.0
500.0
497.0
500.0
240.0
500.0
500.0
341.0
500.0
500.0
500.0
500.0
500.0
500.0
476.0
500.0
500.0
500.0
500.0
500.0
500.0
500.0
500.0
500.0
500.0
486.0
500.0
440.0
500.0
500.0
500.0
500.0
500.0
500.0
500.0
500.0
500.0
500.0
500.0
497.0
500.0
500.0
500.0
500.0
454.0
500.0
500.0
500.0
500.0
500.0
500.0
500.0
500.0
500.0
500.0
500.0
500.0
500.0
500.0
500.0
500.0
442.0
500.0
500.0
500.0
500.0
500.0
500.0
500.0
500.0
500.0
500.0
500.0
500.0
500.0
500.0
500.0
500.0
500.0
500.0
500.0
500.0
500.0
370.0
500.0
500.0
500.0
500.0
500.0
500.0
500.0
500.0
500.0
391.0
500.0
500.0
500.0
500.0
500.0
500.0
500.0
500.0
500.0
500.0
500.0
500.0
500.0
500.0
500.0
500.0
500.0
500.0
500.0
500.0
500.0
500.0
500.0
500.0
500.0
500.0
500.0
500.0
500.0
500.0
500.0
500.0
500.0
500.0
500.0
500.0
397.0
500.0
390.0
500.0
500.0
500.0
500.0
500.0
500.0
500.0
493.0
500.0
500.0
500.0
500.0
500.0
500.0
500.0
500.0
500.0
500.0
500.0
337.0
500.0
500.0
500.0
398.0
500.0
500.0
500.0
500.0
500.0
500.0
500.0
500.0
500.0
306.0
500.0
298.0
500.0
500.0
500.0
500.0
500.0
500.0
289.0
500.0
500.0
429.0
500.0
500.0
468.0
500.0
500.0
500.0
500.0
500.0
500.0
500.0
500.0
500.0
500.0
500.0
500.0
311.0
500.0
500.0
406.0
500.0
500.0
500.0
500.0
500.0
500.0
500.0
500.0
500.0
415.0
500.0
500.0
500.0
500.0
500.0
500.0
500.0
500.0
500.0
500.0
465.0
500.0
500.0
500.0
500.0
500.0
500.0
500.0
500.0
500.0
500.0
500.0
500.0
500.0
500.0
500.0
500.0
500.0
500.0
500.0
500.0
394.0
500.0
500.0
500.0
500.0
500.0
500.0
500.0
500.0
500.0
500.0
500.0
500.0
500.0
500.0
409.0
500.0
384.0
500.0
500.0
500.0
500.0
500.0
371.0
500.0
500.0
500.0
500.0
500.0
500.0
500.0
500.0
500.0
424.0
500.0
455.0
481.0
500.0
500.0
500.0
328.0
374.0
405.0
500.0
500.0
500.0
500.0
500.0
500.0
500.0
500.0
500.0
500.0
500.0
368.0
500.0
441.0
500.0
500.0
500.0
500.0
500.0
500.0
500.0
489.0
291.0
500.0
193.0
484.0
500.0
500.0
381.0
500.0
500.0
500.0
398.0
500.0
480.0
500.0
394.0
500.0
500.0
500.0
500.0
500.0
323.0
372.0
435.0
500.0
420.0
500.0
500.0
500.0
450.0
500.0
500.0
500.0
500.0
428.0
500.0
500.0
500.0
491.0
500.0
280.0
500.0
500.0
391.0
441.0
500.0
114.0
500.0
500.0
500.0
500.0
500.0
500.0
500.0
348.0
500.0
500.0
367.0
500.0
500.0
500.0
500.0
500.0
500.0
500.0
500.0
500.0
500.0
500.0
337.0
500.0
500.0
500.0
413.0
500.0
430.0
500.0
500.0
500.0
500.0
308.0
500.0
440.0
469.0
500.0
383.0
500.0
500.0
500.0
486.0
500.0
500.0
500.0
500.0
136.0
456.0
369.0
500.0
500.0
500.0
406.0
500.0
500.0
360.0
500.0
500.0
417.0
500.0
500.0
169.0
500.0
500.0
500.0
438.0
500.0
500.0
500.0
465.0
383.0
500.0
500.0
500.0
500.0
500.0
406.0
500.0
500.0
434.0
410.0
446.0
480.0
500.0
500.0
500.0
456.0
111.0
500.0
500.0
500.0
442.0
500.0
143.0
500.0
352.0
500.0
500.0
446.0
402.0
500.0
263.0
331.0
217.0
448.0
397.0
369.0
382.0
401.0
500.0
431.0
500.0
500.0
361.0
281.0
500.0
500.0
500.0
248.0
500.0
325.0
403.0
380.0
500.0
500.0
500.0
357.0
470.0
332.0
309.0
347.0
500.0
253.0
500.0
387.0
308.0
500.0
385.0
353.0
340.0
500.0
380.0
243.0
354.0
374.0
468.0
420.0
384.0
385.0
401.0
384.0
422.0
500.0
500.0
500.0
500.0
338.0
298.0
500.0
500.0
179.0
83.0
333.0
500.0
43.0
366.0
466.0
392.0
500.0
454.0
416.0
500.0
500.0
500.0
349.0
148.0
500.0
438.0
350.0
457.0
372.0
500.0
500.0
500.0
429.0
500.0
468.0
389.0
500.0
500.0
500.0
500.0
500.0
500.0
307.0
500.0
466.0
500.0
292.0
500.0
500.0
500.0
500.0
357.0
446.0
500.0
296.0
500.0
458.0
500.0
500.0
500.0
500.0
500.0
500.0
500.0
500.0
121.0
254.0
500.0
403.0
500.0
404.0
500.0
500.0
332.0
423.0
500.0
500.0
335.0
131.0
500.0
353.0
295.0
500.0
500.0
500.0
500.0
500.0
133.0
310.0
331.0
500.0
141.0
437.0
397.0
500.0
359.0
500.0
500.0
500.0
500.0
500.0
500.0
500.0
500.0
500.0
473.0
446.0
500.0
500.0
500.0
500.0
500.0
500.0
500.0
500.0
500.0
500.0
500.0
417.0
465.0
500.0
500.0
453.0
500.0
500.0
386.0
500.0
418.0
500.0
500.0
500.0
500.0
500.0
500.0
282.0
500.0
500.0
152.0
500.0
500.0
500.0
500.0
422.0
500.0
500.0
500.0
500.0
500.0
500.0
358.0
500.0
500.0
500.0
500.0
500.0
500.0
257.0
500.0
500.0
500.0
500.0
500.0
500.0
500.0
480.0
500.0
500.0
500.0
500.0
500.0
185.0
500.0
500.0
500.0
500.0
403.0
500.0
500.0
500.0
500.0
500.0
500.0
500.0
500.0
500.0
500.0
500.0
500.0
500.0
500.0
478.0
500.0
500.0
500.0
500.0
500.0
465.0
500.0
500.0
427.0
500.0
500.0
476.0
442.0
457.0
500.0
500.0
500.0
500.0
500.0
500.0
500.0
500.0
500.0
500.0
500.0
500.0
500.0
500.0
500.0
410.0
500.0
340.0
500.0
500.0
500.0
214.0
500.0
500.0
415.0
500.0
500.0
500.0
460.0
500.0
500.0
500.0
500.0
500.0
500.0
500.0
500.0
147.0
166.0
360.0
500.0
380.0
418.0
432.0
366.0
500.0
500.0
404.0
500.0
500.0
500.0
500.0
500.0
500.0
392.0
500.0
500.0
419.0
314.0
333.0
500.0
500.0
500.0
442.0
378.0
500.0
369.0
500.0
500.0
500.0
500.0
425.0
500.0
496.0
343.0
268.0
500.0
407.0
500.0
500.0
500.0
432.0
500.0
500.0
500.0
500.0
500.0
500.0
500.0
500.0
500.0
500.0
500.0
500.0
500.0
500.0
500.0
500.0
500.0
391.0
500.0
500.0
500.0
500.0
500.0
500.0
500.0
344.0
500.0
314.0
347.0
500.0
309.0
295.0
388.0
500.0
417.0
500.0
343.0
500.0
411.0
447.0
414.0
500.0
295.0
328.0
500.0
187.0
74.0
152.0
500.0
500.0
500.0
500.0
500.0
500.0
500.0
500.0
500.0
364.0
500.0
500.0
412.0
500.0
500.0
500.0
500.0
500.0
500.0
500.0
486.0
500.0
500.0
500.0
500.0
500.0
500.0
500.0
500.0
399.0
350.0
500.0
500.0
147.0
486.0
500.0
492.0
287.0
500.0
500.0
500.0
500.0
356.0
500.0
459.0
326.0
500.0
500.0
352.0
258.0
500.0
449.0
500.0
500.0
500.0
67.0
500.0
500.0
370.0
468.0
358.0
10.0
500.0
500.0
500.0
194.0
71.0
287.0
500.0
347.0
433.0
351.0
217.0
467.0
200.0
378.0
268.0
311.0
283.0
284.0
191.0
300.0
181.0
187.0
226.0
235.0
238.0
179.0
247.0
246.0
209.0
329.0
153.0
271.0
182.0
418.0
328.0
287.0
301.0
290.0
333.0
264.0
279.0
228.0
238.0
193.0
359.0
247.0
243.0
250.0
232.0
248.0
302.0
130.0
324.0
206.0
222.0
431.0
184.0
214.0
291.0
283.0
473.0
260.0
280.0
298.0
196.0
250.0
255.0
282.0
264.0
318.0
231.0
261.0
322.0
258.0
304.0
266.0
277.0
256.0
267.0
223.0
279.0
295.0
241.0
297.0
340.0
276.0
280.0
230.0
226.0
340.0
292.0
216.0
253.0
327.0
317.0
237.0
324.0
58.0
34.0
316.0
207.0
217.0
442.0
268.0
336.0
275.0
85.0
428.0
314.0
287.0
324.0
240.0
356.0
330.0
142.0
341.0
500.0
500.0
450.0
92.0
325.0
500.0
65.0
500.0
500.0
442.0
86.0
151.0
436.0
294.0
50.0
78.0
500.0
291.0
422.0
48.0
286.0
326.0
500.0
450.0
500.0
500.0
500.0
454.0
500.0
492.0
413.0
417.0
373.0
459.0
258.0
312.0
235.0
239.0
265.0
500.0
97.0
248.0
344.0
353.0
500.0
192.0
236.0
397.0
266.0
399.0
335.0
231.0
358.0
223.0
88.0
298.0
243.0
255.0
302.0
363.0
251.0
283.0
500.0
292.0
384.0
389.0
135.0
236.0
280.0
214.0
500.0
277.0
191.0
450.0
122.0
246.0
246.0
451.0
500.0
207.0
368.0
123.0
266.0
190.0
217.0
500.0
427.0
220.0
138.0
494.0
500.0
500.0
152.0
74.0
289.0
357.0
67.0
500.0
98.0
469.0
262.0
500.0
295.0
294.0
133.0
196.0
141.0
171.0
206.0
500.0
168.0
239.0
372.0
91.0
277.0
235.0
500.0
301.0
332.0
285.0
500.0
500.0
402.0
350.0
500.0
232.0
375.0
274.0
384.0
254.0
353.0
388.0
323.0
240.0
331.0
126.0
201.0
330.0
306.0
500.0
276.0
500.0
500.0
322.0
342.0
306.0
263.0
500.0
257.0
381.0
254.0
273.0
377.0
401.0
319.0
136.0
382.0
169.0
405.0
500.0
370.0
394.0
293.0
246.0
189.0
113.0
314.0
305.0
76.0
254.0
314.0
332.0
208.0
169.0
204.0
307.0
223.0
149.0
312.0
337.0
469.0
239.0
165.0
325.0
196.0
298.0
144.0
179.0
269.0
500.0
377.0
123.0
130.0
272.0
428.0
301.0
141.0
224.0
500.0
155.0
282.0
223.0
321.0
193.0
188.0
263.0
134.0
353.0
290.0
323.0
217.0
207.0
289.0
320.0
120.0
152.0
349.0
208.0
220.0
202.0
202.0
168.0
183.0
235.0
208.0
321.0
184.0
432.0
466.0
238.0
88.0
297.0
326.0
272.0
244.0
320.0
286.0
204.0
500.0
159.0
195.0
300.0
211.0
500.0
180.0
306.0
370.0
447.0
500.0
270.0
365.0
367.0
167.0
193.0
312.0
500.0
247.0
500.0
343.0
181.0
100.0
296.0
368.0
500.0
500.0
500.0
500.0
311.0
500.0
500.0
500.0
176.0
215.0
197.0
189.0
192.0
182.0
206.0
241.0
197.0
181.0
252.0
500.0
500.0
208.0
328.0
196.0
500.0
356.0
233.0
325.0
246.0
274.0
281.0
239.0
500.0
363.0
199.0
121.0
143.0
291.0
250.0
291.0
136.0
384.0
211.0
188.0
411.0
184.0
465.0
268.0
201.0
270.0
500.0
297.0
147.0
222.0
170.0
363.0
249.0
328.0
338.0
322.0
273.0
329.0
212.0
389.0
335.0
265.0
241.0
156.0
303.0
311.0
250.0
352.0
436.0
270.0
316.0
295.0
286.0
271.0
449.0
224.0
173.0
263.0
335.0
370.0
269.0
332.0
295.0
207.0
316.0
291.0
187.0
223.0
417.0
312.0
208.0
183.0
262.0
307.0
208.0
130.0
309.0
221.0
324.0
166.0
248.0
155.0
187.0
202.0
329.0
197.0
386.0
311.0
224.0
256.0
302.0
240.0
285.0
274.0
280.0
455.0
500.0
500.0
500.0
409.0
186.0
249.0
203.0
177.0
425.0
246.0
500.0
175.0
259.0
312.0
262.0
267.0
201.0
163.0
235.0
225.0
278.0
327.0
135.0
298.0
316.0
215.0
144.0
224.0
303.0
226.0
136.0
172.0
265.0
369.0
193.0
232.0
218.0
216.0
211.0
175.0
202.0
203.0
193.0
203.0
157.0
409.0
228.0
225.0
335.0
231.0
355.0
223.0
251.0
298.0
211.0
210.0
191.0
225.0
189.0
308.0
211.0
183.0
224.0
267.0
209.0
180.0
166.0
206.0
227.0
214.0
163.0
210.0
319.0
254.0
177.0
168.0
228.0
342.0
196.0
284.0
217.0
211.0
151.0
160.0
159.0
204.0
212.0
200.0
251.0
212.0
181.0
174.0
209.0
189.0
84.0
213.0
230.0
136.0
230.0
191.0
240.0
164.0
500.0
269.0
500.0
311.0
210.0
126.0
136.0
210.0
158.0
305.0
398.0
153.0
368.0
299.0
308.0
186.0
181.0
149.0
153.0
193.0
176.0
148.0
232.0
260.0
245.0
192.0
466.0
192.0
488.0
497.0
305.0
500.0
500.0
462.0
398.0
500.0
500.0
184.0
500.0
500.0
421.0
168.0
500.0
500.0
500.0
500.0
423.0
176.0
500.0
500.0
263.0
500.0
427.0
500.0
500.0
500.0
205.0
500.0
349.0
500.0
222.0
500.0
196.0
249.0
500.0
456.0
500.0
500.0
500.0
172.0
434.0
500.0
500.0
500.0
255.0
446.0
337.0
197.0
194.0
182.0
221.0
129.0
256.0
328.0
116.0
267.0
333.0
288.0
183.0
363.0
212.0
202.0
184.0
166.0
299.0
201.0
238.0
201.0
425.0
444.0
282.0
410.0
238.0
208.0
440.0
342.0
179.0
245.0
287.0
219.0
500.0
347.0
289.0
455.0
346.0
245.0
291.0
209.0
358.0
365.0
449.0
262.0
366.0
244.0
271.0
427.0
331.0
205.0
364.0
231.0
248.0
333.0
246.0
355.0
227.0
208.0
470.0
417.0
318.0
296.0
278.0
382.0
316.0
500.0
346.0
441.0
295.0
360.0
308.0
238.0
319.0
240.0
500.0
172.0
246.0
276.0
181.0
500.0
272.0
250.0
500.0
210.0
269.0
327.0
264.0
358.0
323.0
333.0
498.0
299.0
334.0
250.0
365.0
335.0
187.0
427.0
274.0
195.0
259.0
326.0
360.0
287.0
436.0
426.0
246.0
271.0
500.0
479.0
493.0
180.0
347.0
303.0
263.0
500.0
439.0
413.0
183.0
458.0
500.0
483.0
351.0
500.0
453.0
302.0
348.0
425.0
487.0
352.0
197.0
206.0
492.0
456.0
500.0
267.0
209.0
240.0
303.0
365.0
214.0
399.0
500.0
500.0
276.0
438.0
500.0
500.0
500.0
500.0
170.0
500.0
239.0
500.0
500.0
500.0
462.0
449.0
381.0
500.0
110.0
169.0
405.0
225.0
464.0
125.0
60.0
186.0
150.0
500.0
500.0
500.0
477.0
500.0
42.0
235.0
95.0
500.0
500.0
235.0
295.0
56.0
500.0
274.0
500.0
270.0
500.0
496.0
51.0
500.0
500.0
500.0
500.0
500.0
491.0
500.0
483.0
500.0
500.0
500.0
448.0
500.0
467.0
500.0
500.0
449.0
500.0
218.0
244.0
453.0
500.0
174.0
478.0
500.0
269.0
460.0
500.0
248.0
500.0
376.0
351.0
443.0
449.0
355.0
332.0
334.0
293.0
343.0
293.0
277.0
500.0
161.0
366.0
391.0
386.0
360.0
333.0
178.0
359.0
291.0
492.0
180.0
160.0
500.0
402.0
273.0
500.0
412.0
298.0
430.0
470.0
440.0
500.0
500.0
222.0
376.0
500.0
316.0
500.0
249.0
314.0
482.0
414.0
397.0
219.0
309.0
500.0
292.0
243.0
421.0
275.0
382.0
303.0
307.0
249.0
320.0
304.0
399.0
311.0
404.0
356.0
298.0
266.0
344.0
270.0
500.0
327.0
357.0
315.0
309.0
352.0
269.0
288.0
229.0
265.0
500.0
342.0
321.0
382.0
316.0
318.0
327.0
364.0
500.0
224.0
282.0
246.0
500.0
383.0
255.0
405.0
352.0
500.0
234.0
309.0
500.0
393.0
294.0
317.0
500.0
364.0
358.0
284.0
379.0
258.0
427.0
371.0
289.0
448.0
500.0
350.0
500.0
382.0
254.0
500.0
500.0
500.0
500.0
500.0
368.0
500.0
272.0
278.0
500.0
500.0
387.0
314.0
420.0
392.0
500.0
286.0
500.0
412.0
500.0
286.0
500.0
500.0
482.0
406.0
500.0
500.0
500.0
361.0
500.0
345.0
338.0
436.0
257.0
500.0
500.0
500.0
500.0
500.0
500.0
227.0
404.0
500.0
500.0
283.0
208.0
500.0
342.0
500.0
500.0
500.0
500.0
484.0
333.0
180.0
500.0
482.0
500.0
500.0
500.0
500.0
322.0
500.0
500.0
107.0
373.0
264.0
500.0
250.0
316.0
480.0
500.0
500.0
500.0
500.0
500.0
500.0
500.0
500.0
500.0
460.0
500.0
500.0
500.0
500.0
500.0
500.0
500.0
500.0
500.0
500.0
500.0
500.0
500.0
500.0
500.0
377.0
500.0
500.0
500.0
500.0
500.0
500.0
500.0
500.0
500.0
500.0
500.0
500.0
500.0
458.0
500.0
500.0
500.0
500.0
500.0
500.0
500.0
500.0
500.0
500.0
500.0
500.0
276.0
500.0
268.0
500.0
500.0
500.0
500.0
500.0
500.0
500.0
500.0
245.0
310.0
500.0
500.0
500.0
500.0
262.0
500.0
500.0
500.0
500.0
500.0
500.0
500.0
150.0
500.0
500.0
500.0
500.0
500.0
500.0
500.0
500.0
500.0
500.0
500.0
500.0
275.0
500.0
500.0
500.0
362.0
500.0
500.0
500.0
479.0
500.0
500.0
187.0
500.0
500.0
500.0
500.0
500.0
500.0
500.0
500.0
246.0
500.0
500.0
500.0
500.0
500.0
500.0
500.0
500.0
500.0
500.0
500.0
500.0
500.0
500.0
500.0
500.0
500.0
500.0
434.0
500.0
500.0
500.0
363.0
500.0
500.0
330.0
500.0
352.0
500.0
500.0
272.0
500.0
500.0
316.0
500.0
433.0
500.0
500.0
360.0
316.0
446.0
500.0
500.0
500.0
500.0
500.0
500.0
500.0
286.0
500.0
500.0
500.0
292.0
500.0
500.0
403.0
500.0
500.0
500.0
272.0
500.0
378.0
234.0
500.0
500.0
416.0
500.0
500.0
242.0
500.0
286.0
376.0
500.0
500.0
500.0
500.0
500.0
500.0
500.0
500.0
500.0
500.0
500.0
500.0
500.0
500.0
500.0
500.0
500.0
500.0
500.0
500.0
500.0
352.0
500.0
496.0
500.0
458.0
500.0
408.0
500.0
500.0
500.0
500.0
333.0
417.0
397.0
500.0
500.0
500.0
500.0
322.0
500.0
484.0
500.0
500.0
500.0
500.0
500.0
320.0
470.0
362.0
500.0
500.0
500.0
461.0
500.0
500.0
500.0
500.0
500.0
500.0
428.0
500.0
500.0
500.0
500.0
442.0
500.0
500.0
455.0
500.0
500.0
480.0
500.0
483.0
500.0
473.0
456.0
500.0
500.0
500.0
500.0
500.0
500.0
485.0
500.0
500.0
500.0
500.0
500.0
500.0
500.0
500.0
500.0
500.0
500.0
500.0
500.0
440.0
500.0
272.0
500.0
496.0
500.0
500.0
344.0
500.0
419.0
500.0
500.0
500.0
500.0
367.0
500.0
500.0
500.0
482.0
288.0
500.0
500.0
500.0
301.0
480.0
500.0
500.0
500.0
500.0
500.0
473.0
500.0
500.0
462.0
500.0
500.0
500.0
500.0
500.0
500.0
380.0
468.0
500.0
500.0
388.0
484.0
500.0
500.0
460.0
500.0
458.0
500.0
500.0
500.0
480.0
500.0
500.0
500.0
481.0
500.0
453.0
500.0
439.0
500.0
500.0
500.0
500.0
454.0
500.0
500.0
500.0
500.0
500.0
500.0
497.0
500.0
500.0
500.0
500.0
470.0
500.0
461.0
395.0
500.0
500.0
500.0
500.0
500.0
477.0
500.0
441.0
466.0
500.0
500.0
500.0
338.0
500.0
500.0
447.0
500.0
500.0
500.0
500.0
397.0
500.0
421.0
500.0
461.0
484.0
500.0
500.0
500.0
500.0
500.0
500.0
444.0
489.0
476.0
500.0
500.0
500.0
493.0
500.0
500.0
500.0
430.0
500.0
500.0
500.0
500.0
500.0
462.0
500.0
497.0
436.0
373.0
500.0
500.0
437.0
500.0
500.0
500.0
500.0
422.0
500.0
428.0
496.0
500.0
500.0
500.0
500.0
500.0
500.0
500.0
500.0
500.0
500.0
500.0
500.0
500.0
500.0
338.0
500.0
500.0
475.0
477.0
500.0
500.0
233.0
500.0
434.0
500.0
500.0
500.0
500.0
457.0
500.0
500.0
500.0
500.0
500.0
500.0
500.0
500.0
500.0
500.0
500.0
500.0
500.0
395.0
500.0
500.0
500.0
500.0
500.0
454.0
334.0
500.0
500.0
500.0
462.0
500.0
500.0
473.0
500.0
500.0
500.0
349.0
500.0
500.0
417.0
500.0
487.0
500.0
500.0
500.0
423.0
500.0
500.0
500.0
500.0
500.0
439.0
500.0
424.0
500.0
500.0
500.0
500.0
500.0
500.0
500.0
500.0
500.0
500.0
500.0
500.0
500.0
500.0
476.0
500.0
500.0
500.0
500.0
500.0
500.0
436.0
500.0
500.0
500.0
500.0
500.0
500.0
500.0
424.0
500.0
500.0
500.0
500.0
500.0
500.0
500.0
500.0
500.0
500.0
500.0
397.0
446.0
500.0
500.0
500.0
500.0
484.0
500.0
500.0
424.0
500.0
500.0
500.0
445.0
500.0
500.0
500.0
500.0
500.0
452.0
500.0
500.0
500.0
500.0
500.0
500.0
419.0
500.0
500.0
500.0
500.0
500.0
500.0
500.0
500.0
500.0
400.0
481.0
500.0
500.0
500.0
500.0
500.0
500.0
500.0
500.0
500.0
500.0
500.0
361.0
500.0
500.0
477.0
500.0
500.0
414.0
500.0
302.0
382.0
500.0
500.0
500.0
500.0
500.0
500.0
500.0
500.0
500.0
500.0
500.0
468.0
500.0
500.0
407.0
500.0
345.0
500.0
500.0
500.0
500.0
500.0
392.0
500.0
500.0
500.0
500.0
500.0
500.0
500.0
336.0
500.0
478.0
500.0
488.0
500.0
500.0
500.0
500.0
500.0
500.0
500.0
500.0
500.0
272.0
353.0
500.0
474.0
500.0
500.0
346.0
500.0
404.0
500.0
500.0
500.0
500.0
500.0
500.0
500.0
500.0
500.0
500.0
500.0
500.0
500.0
500.0
226.0
500.0
500.0
500.0
500.0
384.0
463.0
500.0
500.0
500.0
500.0
500.0
500.0
500.0
429.0
500.0
500.0
500.0
500.0
473.0
500.0
500.0
464.0
459.0
495.0
500.0
500.0
500.0
500.0
500.0
500.0
500.0
459.0
460.0
500.0
500.0
500.0
500.0
500.0
463.0
500.0
500.0
500.0
496.0
456.0
481.0
500.0
500.0
500.0
492.0
500.0
500.0
496.0
500.0
500.0
500.0
433.0
500.0
328.0
461.0
500.0
500.0
500.0
500.0
500.0
354.0
500.0
500.0
411.0
432.0
415.0
382.0
500.0
500.0
358.0
500.0
500.0
500.0
482.0
306.0
500.0
500.0
500.0
371.0
500.0
500.0
500.0
500.0
500.0
500.0
500.0
500.0
415.0
500.0
500.0
500.0
500.0
500.0
500.0
500.0
399.0
367.0
500.0
500.0
500.0
500.0
500.0
466.0
495.0
500.0
500.0
500.0
500.0
500.0
384.0
500.0
500.0
500.0
500.0
500.0
500.0
500.0
500.0
335.0
464.0
424.0
500.0
500.0
500.0
484.0
500.0
500.0
500.0
500.0
423.0
500.0
500.0
500.0
452.0
500.0
320.0
426.0
500.0
385.0
271.0
500.0
500.0
500.0
500.0
355.0
500.0
421.0
500.0
500.0
500.0
500.0
500.0
500.0
359.0
500.0
443.0
500.0
500.0
500.0
500.0
500.0
500.0
403.0
500.0
500.0
378.0
500.0
500.0
500.0
392.0
500.0
500.0
500.0
482.0
487.0
488.0
497.0
500.0
500.0
362.0
500.0
383.0
500.0
500.0
500.0
500.0
500.0
362.0
500.0
500.0
500.0
411.0
500.0
405.0
500.0
500.0
437.0
429.0
500.0
256.0
500.0
500.0
500.0
500.0
500.0
500.0
500.0
500.0
500.0
500.0
500.0
259.0
500.0
389.0
500.0
468.0
437.0
500.0
310.0
500.0
500.0
500.0
500.0
500.0
500.0
296.0
500.0
415.0
500.0
378.0
500.0
500.0
500.0
500.0
467.0
500.0
500.0
429.0
447.0
500.0
485.0
500.0
500.0
500.0
413.0
397.0
500.0
456.0
369.0
500.0
500.0
500.0
500.0
500.0
500.0
500.0
500.0
500.0
500.0
500.0
500.0
278.0
500.0
337.0
473.0
500.0
500.0
500.0
500.0
477.0
500.0
500.0
500.0
500.0
483.0
500.0
438.0
500.0
500.0
500.0
500.0
302.0
500.0
415.0
423.0
500.0
441.0
500.0
500.0
500.0
500.0
500.0
500.0
500.0
500.0
500.0
500.0
500.0
500.0
500.0
500.0
500.0
500.0
500.0
500.0
500.0
420.0
500.0
500.0
500.0
411.0
488.0
500.0
232.0
500.0
500.0
500.0
500.0
500.0
500.0
500.0
433.0
500.0
500.0
500.0
500.0
500.0
500.0
500.0
500.0
500.0
500.0
500.0
403.0
500.0
413.0
500.0
500.0
500.0
500.0
372.0
500.0
500.0
500.0
500.0
500.0
500.0
394.0
500.0
500.0
500.0
500.0
433.0
444.0
499.0
500.0
500.0
364.0
500.0
319.0
500.0
500.0
450.0
500.0
428.0
191.0
500.0
500.0
375.0
500.0
500.0
500.0
500.0
500.0
500.0
500.0
382.0
500.0
500.0
500.0
500.0
500.0
500.0
496.0
500.0
500.0
500.0
500.0
500.0
500.0
500.0
458.0
483.0
500.0
500.0
403.0
417.0
385.0
500.0
500.0
500.0
500.0
500.0
405.0
500.0
500.0
500.0
452.0
408.0
500.0
500.0
439.0
500.0
500.0
469.0
500.0
500.0
500.0
500.0
500.0
445.0
500.0
489.0
500.0
497.0
434.0
216.0
500.0
500.0
500.0
500.0
500.0
300.0
500.0
419.0
383.0
441.0
445.0
445.0
500.0
500.0
500.0
500.0
489.0
459.0
468.0
423.0
500.0
500.0
500.0
500.0
500.0
492.0
500.0
500.0
500.0
415.0
500.0
457.0
444.0
500.0
394.0
500.0
411.0
500.0
497.0
314.0
500.0
500.0
421.0
500.0
500.0
495.0
500.0
500.0
500.0
500.0
500.0
500.0
500.0
500.0
460.0
438.0
500.0
500.0
500.0
500.0
275.0
500.0
481.0
500.0
430.0
341.0
500.0
500.0
500.0
500.0
477.0
500.0
500.0
500.0
483.0
500.0
500.0
500.0
499.0
500.0
485.0
500.0
500.0
500.0
500.0
500.0
453.0
500.0
500.0
388.0
500.0
500.0
500.0
500.0
500.0
500.0
500.0
422.0
500.0
468.0
500.0
500.0
500.0
495.0
484.0
499.0
500.0
339.0
500.0
500.0
415.0
500.0
415.0
500.0
500.0
500.0
500.0
378.0
424.0
431.0
500.0
199.0
404.0
500.0
500.0
500.0
500.0
500.0
500.0
500.0
500.0
500.0
500.0
500.0
500.0
500.0
500.0
500.0
500.0
500.0
500.0
500.0
500.0
500.0
500.0
500.0
500.0
500.0
500.0
500.0
500.0
500.0
500.0
500.0
500.0
500.0
500.0
500.0
500.0
500.0
435.0
500.0
500.0
500.0
500.0
500.0
500.0
500.0
500.0
500.0
346.0
500.0
500.0
500.0
500.0
500.0
500.0
500.0
500.0
305.0
500.0
500.0
500.0
500.0
500.0
500.0
500.0
500.0
500.0
500.0
500.0
394.0
500.0
500.0
500.0
500.0
500.0
500.0
500.0
500.0
500.0
500.0
500.0
500.0
147.0
500.0
500.0
500.0
500.0
500.0
500.0
500.0
450.0
500.0
500.0
500.0
500.0
500.0
500.0
500.0
500.0
266.0
500.0
500.0
500.0
500.0
500.0
500.0
500.0
500.0
500.0
500.0
500.0
500.0
500.0
500.0
500.0
500.0
500.0
500.0
500.0
500.0
500.0
500.0
500.0
500.0
500.0
500.0
500.0
500.0
500.0
500.0
500.0
500.0
500.0
500.0
500.0
500.0
500.0
500.0
500.0
500.0
500.0
500.0
500.0
500.0
500.0
500.0
500.0
500.0
500.0
500.0
500.0
500.0
500.0
500.0
500.0
500.0
500.0
500.0
500.0
500.0
500.0
500.0
500.0
500.0
500.0
500.0
500.0
500.0
500.0
500.0
500.0
500.0
500.0
500.0
500.0
500.0
500.0
500.0
500.0
500.0
500.0
500.0
500.0
500.0
500.0
500.0
500.0
500.0
500.0
500.0
500.0
500.0
500.0
500.0
500.0
500.0
500.0
500.0
500.0
500.0
500.0
500.0
282.0
500.0
500.0
500.0
500.0
500.0
500.0
500.0
500.0
500.0
500.0
500.0
500.0
500.0
500.0
500.0
500.0
500.0
412.0
500.0
500.0
500.0
500.0
500.0
500.0
500.0
500.0
500.0
500.0
500.0
500.0
500.0
500.0
500.0
500.0
500.0
500.0
500.0
500.0
500.0
500.0
500.0
500.0
500.0
500.0
500.0
500.0
500.0
500.0
500.0
500.0
500.0
500.0
500.0
500.0
500.0
500.0
500.0
500.0
500.0
500.0
500.0
500.0
500.0
437.0
500.0
500.0
500.0
500.0
500.0
500.0
500.0
500.0
500.0
500.0
500.0
500.0
500.0
500.0
500.0
500.0
500.0
500.0
500.0
500.0
500.0
500.0
500.0
500.0
500.0
500.0
500.0
500.0
500.0
500.0
500.0
500.0
500.0
500.0
500.0
500.0
500.0
500.0
500.0
500.0
500.0
500.0
500.0
500.0
500.0
452.0
500.0
500.0
500.0
500.0
500.0
500.0
500.0
500.0
500.0
500.0
500.0
500.0
500.0
500.0
500.0
500.0
500.0
500.0
500.0
500.0
500.0
500.0
500.0
500.0
500.0
500.0
500.0
500.0
500.0
500.0
500.0
500.0
500.0
500.0
500.0
500.0
500.0
500.0
500.0
500.0
500.0
500.0
500.0
500.0
500.0
500.0
500.0
428.0
500.0
500.0
500.0
500.0
500.0
500.0
500.0
480.0
500.0
500.0
500.0
500.0
265.0
500.0
500.0
500.0
500.0
500.0
500.0
500.0
500.0
500.0
500.0
500.0
500.0
500.0
500.0
500.0
500.0
500.0
500.0
500.0
500.0
500.0
500.0
500.0
500.0
500.0
500.0
500.0
500.0
500.0
500.0
500.0
500.0
500.0
500.0
500.0
500.0
500.0
500.0
500.0
500.0
500.0
500.0
500.0
500.0
500.0
500.0
500.0
500.0
500.0
500.0
500.0
500.0
500.0
500.0
500.0
500.0
500.0
500.0
500.0
500.0
500.0
500.0
500.0
500.0
500.0
500.0
500.0
500.0
500.0
500.0
500.0
500.0
500.0
500.0
500.0
500.0
500.0
500.0
500.0
500.0
500.0
500.0
500.0
500.0
500.0
500.0
500.0
500.0
500.0
500.0
500.0
500.0
500.0
500.0
500.0
500.0
500.0
500.0
500.0
500.0
500.0
500.0
500.0
500.0
500.0
500.0
500.0
500.0
500.0
500.0
500.0
500.0
500.0
500.0
500.0
500.0
500.0
500.0
500.0
500.0
500.0
500.0
500.0
500.0
500.0
500.0
500.0
500.0
500.0
500.0
500.0
500.0
500.0
500.0
500.0
500.0
500.0
500.0
500.0
500.0
500.0
500.0
500.0
500.0
500.0
500.0
500.0
500.0
500.0
500.0
500.0
500.0
500.0
500.0
500.0
500.0
500.0
500.0
500.0
500.0
500.0
500.0
500.0
499.0
500.0
500.0
500.0
500.0
500.0
500.0
500.0
500.0
500.0
500.0
500.0
500.0
500.0
500.0
500.0
500.0
500.0
500.0
500.0
500.0
500.0
500.0
500.0
500.0
500.0
500.0
500.0
500.0
500.0
500.0
500.0
500.0
500.0
477.0
500.0
500.0
500.0
500.0
500.0
500.0
500.0
500.0
500.0
500.0
500.0
500.0
500.0
500.0
500.0
500.0
500.0
500.0
500.0
500.0
500.0
500.0
500.0
500.0
500.0
500.0
500.0
500.0
438.0
500.0
500.0
500.0
500.0
500.0
500.0
500.0
500.0
500.0
500.0
500.0
500.0
500.0
500.0
500.0
500.0
500.0
500.0
500.0
500.0
500.0
500.0
500.0
500.0
500.0
500.0
500.0
500.0
500.0
500.0
500.0
500.0
500.0
500.0
500.0
500.0
500.0
500.0
500.0
500.0
500.0
500.0
500.0
500.0
500.0
500.0
500.0
500.0
500.0
500.0
500.0
500.0
500.0
500.0
500.0
500.0
500.0
500.0
500.0
500.0
500.0
500.0
500.0
500.0
500.0
500.0
500.0
500.0
500.0
500.0
500.0
500.0
500.0
500.0
500.0
500.0
478.0
500.0
500.0
500.0
500.0
500.0
500.0
500.0
500.0
500.0
500.0
500.0
500.0
500.0
500.0
500.0
500.0
500.0
500.0
500.0
500.0
500.0
500.0
500.0
500.0
500.0
500.0
500.0
500.0
500.0
500.0
500.0
500.0
500.0
500.0
500.0
500.0
500.0
500.0
500.0
500.0
500.0
500.0
500.0
500.0
500.0
500.0
500.0
500.0
500.0
500.0
500.0
500.0
500.0
500.0
500.0
500.0
500.0
500.0
500.0
500.0
500.0
500.0
500.0
500.0
500.0
500.0
500.0
500.0
500.0
500.0
500.0
500.0
500.0
500.0
500.0
500.0
500.0
500.0
500.0
500.0
500.0
500.0
500.0
500.0
500.0
500.0
500.0
500.0
500.0
500.0
500.0
500.0
500.0
500.0
500.0
500.0
500.0
500.0
500.0
500.0
500.0
500.0
500.0
500.0
500.0
500.0
500.0
500.0
500.0
500.0
500.0
500.0
500.0
500.0
500.0
500.0
500.0
500.0
500.0
500.0
500.0
500.0
500.0
500.0
500.0
500.0
500.0
500.0
500.0
500.0
500.0
500.0
500.0
500.0
500.0
500.0
500.0
500.0
500.0
500.0
500.0
500.0
500.0
500.0
500.0
500.0
500.0
500.0
500.0
500.0
500.0
500.0
500.0
500.0
500.0
500.0
500.0
500.0
500.0
500.0
500.0
500.0
500.0
500.0
500.0
500.0
500.0
500.0
500.0
500.0
500.0
500.0
500.0
500.0
500.0
500.0
500.0
500.0
500.0
500.0
500.0
500.0
500.0
500.0
500.0
500.0
500.0
500.0
500.0
500.0
500.0
500.0
500.0
500.0
500.0
500.0
500.0
500.0
500.0
500.0
500.0
500.0
500.0
500.0
500.0
500.0
500.0
500.0
500.0
500.0
500.0
500.0
500.0
500.0
500.0
500.0
500.0
500.0
500.0
500.0
500.0
500.0
500.0
500.0
500.0
500.0
500.0
500.0
500.0
500.0
500.0
500.0
500.0
500.0
500.0
500.0
500.0
500.0
500.0
500.0
500.0
500.0
500.0
500.0
500.0
500.0
391.0
500.0
500.0
500.0
500.0
500.0
500.0
500.0
500.0
500.0
500.0
500.0
500.0
500.0
500.0
500.0
500.0
500.0
500.0
500.0
500.0
500.0
500.0
500.0
500.0
500.0
500.0
500.0
500.0
500.0
500.0
500.0
500.0
500.0
500.0
500.0
500.0
500.0
500.0
500.0
500.0
500.0
500.0
500.0
500.0
500.0
500.0
500.0
500.0
500.0
500.0
500.0
500.0
500.0
500.0
500.0
500.0
500.0
500.0
500.0
500.0
500.0
500.0
500.0
500.0
500.0
500.0
500.0
500.0
500.0
500.0
500.0
500.0
500.0
500.0
500.0
500.0
500.0
500.0
500.0
500.0
500.0
500.0
500.0
500.0
500.0
500.0
500.0
500.0
500.0
500.0
500.0
500.0
500.0
500.0
500.0
500.0
500.0
500.0
500.0
500.0
500.0
500.0
500.0
500.0
500.0
500.0
500.0
500.0
500.0
500.0
500.0
500.0
500.0
500.0
500.0
500.0
500.0
500.0
500.0
500.0
500.0
500.0
500.0
500.0
500.0
500.0
500.0
500.0
500.0
500.0
500.0
500.0
500.0
500.0
500.0
500.0
500.0
500.0
500.0
500.0
500.0
500.0
500.0
500.0
500.0
500.0
500.0
500.0
500.0
500.0
500.0
500.0
500.0
500.0
500.0
500.0
500.0
500.0
500.0
500.0
500.0
500.0
500.0
500.0
500.0
500.0
500.0
500.0
500.0
500.0
500.0
500.0
500.0
500.0
500.0
500.0
500.0
500.0
500.0
500.0
500.0
500.0
500.0
500.0
500.0
500.0
500.0
500.0
500.0
500.0
500.0
500.0
500.0
500.0
500.0
500.0
500.0
500.0
500.0
500.0
500.0
500.0
500.0
500.0
500.0
500.0
500.0
500.0
500.0
500.0
500.0
500.0
500.0
500.0
500.0
500.0
500.0
500.0
500.0
500.0
500.0
500.0
500.0
500.0
500.0
500.0
500.0
500.0
500.0
500.0
500.0
500.0
500.0
500.0
500.0
500.0
500.0
500.0
500.0
500.0
500.0
500.0
500.0
500.0
500.0
500.0
500.0
500.0
500.0
500.0
500.0
500.0
500.0
500.0
500.0
500.0
500.0
500.0
500.0
500.0
500.0
500.0
500.0
500.0
500.0
500.0
500.0
500.0
500.0
500.0
500.0
500.0
500.0
500.0
500.0
500.0
500.0
500.0
500.0
500.0
500.0
500.0
500.0
500.0
500.0
500.0
500.0
500.0
500.0
500.0
500.0
500.0
500.0
500.0
500.0
500.0
500.0
500.0
500.0
500.0
500.0
500.0
500.0
500.0
500.0
500.0
500.0
500.0
359.0
500.0
500.0
500.0
500.0
500.0
500.0
500.0
500.0
500.0
500.0
500.0
500.0
500.0
500.0
500.0
500.0
500.0
500.0
500.0
500.0
500.0
500.0
500.0
500.0
500.0
500.0
500.0
500.0
500.0
500.0
500.0
500.0
500.0
500.0
500.0
500.0
500.0
500.0
500.0
500.0
489.0
500.0
500.0
500.0
500.0
500.0
500.0
500.0
500.0
500.0
500.0
500.0
500.0
500.0
500.0
500.0
500.0
500.0
500.0
500.0
500.0
500.0
500.0
500.0
500.0
500.0
500.0
500.0
500.0
500.0
500.0
500.0
500.0
500.0
500.0
500.0
500.0
500.0
500.0
500.0
500.0
500.0
500.0
500.0
500.0
500.0
500.0
500.0
500.0
500.0
500.0
500.0
500.0
500.0
500.0
500.0
500.0
500.0
500.0
500.0
500.0
500.0
500.0
500.0
500.0
500.0
500.0
500.0
500.0
500.0
500.0
500.0
500.0
500.0
500.0
500.0
500.0
500.0
500.0
500.0
500.0
500.0
500.0
500.0
500.0
500.0
500.0
500.0
500.0
500.0
500.0
500.0
500.0
500.0
500.0
500.0
500.0
500.0
500.0
500.0
500.0
500.0
500.0
500.0
500.0
500.0
500.0
500.0
500.0
500.0
500.0
500.0
500.0
500.0
500.0
500.0
500.0
500.0
500.0
400.0
500.0
500.0
500.0
500.0
500.0
500.0
500.0
500.0
500.0
500.0
500.0
500.0
500.0
500.0
500.0
500.0
500.0
500.0
500.0
500.0
500.0
500.0
500.0
500.0
500.0
500.0
500.0
500.0
500.0
500.0
500.0
500.0
500.0
500.0
500.0
500.0
500.0
500.0
500.0
500.0
500.0
500.0
500.0
500.0
500.0
500.0
500.0
500.0
500.0
500.0
500.0
500.0
500.0
500.0
500.0
500.0
500.0
500.0
500.0
500.0
500.0
500.0
500.0
500.0
500.0
500.0
500.0
500.0
500.0
500.0
500.0
500.0
500.0
500.0
500.0
500.0
500.0
500.0
500.0
500.0
500.0
500.0
500.0
500.0
500.0
500.0
500.0
500.0
500.0
500.0
500.0
500.0
500.0
500.0
500.0
500.0
500.0
500.0
500.0
500.0
382.0
500.0
500.0
500.0
230.0
500.0
500.0
500.0
500.0
500.0
500.0
500.0
500.0
500.0
500.0
500.0
500.0
500.0
500.0
500.0
500.0
500.0
500.0
500.0
500.0
500.0
500.0
500.0
500.0
500.0
500.0
500.0
500.0
500.0
500.0
500.0
500.0
500.0
500.0
500.0
500.0
500.0
500.0
500.0
500.0
500.0
500.0
500.0
500.0
500.0
500.0
500.0
500.0
500.0
500.0
500.0
500.0
500.0
500.0
500.0
500.0
500.0
500.0
500.0
500.0
500.0
500.0
500.0
500.0
500.0
500.0
500.0
500.0
500.0
500.0
500.0
500.0
500.0
500.0
500.0
500.0
500.0
500.0
500.0
500.0
500.0
500.0
500.0
500.0
500.0
500.0
500.0
500.0
500.0
500.0
500.0
500.0
500.0
500.0
500.0
500.0
500.0
500.0
500.0
500.0
500.0
500.0
500.0
500.0
500.0
500.0
500.0
500.0
500.0
500.0
500.0
500.0
500.0
500.0
500.0
500.0
500.0
500.0
500.0
500.0
500.0
500.0
500.0
500.0
500.0
500.0
500.0
500.0
500.0
500.0
500.0
500.0
500.0
500.0
500.0
500.0
500.0
500.0
500.0
500.0
500.0
500.0
500.0
500.0
500.0
500.0
500.0
500.0
500.0
500.0
500.0
500.0
409.0
500.0
500.0
500.0
500.0
500.0
500.0
500.0
500.0
500.0
500.0
500.0
500.0
500.0
500.0
500.0
500.0
500.0
500.0
500.0
500.0
500.0
500.0
500.0
500.0
500.0
500.0
500.0
500.0
500.0
500.0
500.0
500.0
500.0
500.0
500.0
500.0
500.0
500.0
500.0
500.0
500.0
500.0
500.0
500.0
500.0
500.0
500.0
500.0
500.0
500.0
500.0
500.0
500.0
500.0
500.0
500.0
500.0
500.0
500.0
500.0
500.0
500.0
500.0
500.0
500.0
500.0
500.0
500.0
500.0
500.0
500.0
500.0
500.0
500.0
500.0
500.0
500.0
500.0
500.0
500.0
500.0
500.0
500.0
500.0
500.0
500.0
500.0
500.0
500.0
500.0
500.0
500.0
500.0
500.0
500.0
500.0
500.0
500.0
500.0
500.0
500.0
500.0
500.0
500.0
500.0
500.0
500.0
500.0
500.0
500.0
500.0
500.0
500.0
500.0
500.0
500.0
500.0
500.0
500.0
500.0
500.0
500.0
500.0
500.0
500.0
500.0
500.0
500.0
500.0
500.0
500.0
500.0
500.0
500.0
500.0
500.0
500.0
500.0
500.0
500.0
500.0
500.0
500.0
500.0
500.0
500.0
500.0
500.0
500.0
500.0
500.0
500.0
500.0
500.0
500.0
500.0
500.0
500.0
500.0
500.0
500.0
500.0
500.0
500.0
500.0
500.0
500.0
500.0
500.0
500.0
500.0
500.0
500.0
500.0
500.0
500.0
500.0
500.0
500.0
500.0
500.0
500.0
500.0
500.0
500.0
500.0
500.0
500.0
500.0
500.0
500.0
500.0
500.0
500.0
500.0
500.0
500.0
500.0
500.0
500.0
500.0
500.0
500.0
500.0
500.0
500.0
500.0
500.0
500.0
500.0
500.0
500.0
500.0
500.0
500.0
500.0
500.0
500.0
500.0
500.0
500.0
500.0
500.0
500.0
500.0
500.0
500.0
500.0
500.0
500.0
500.0
500.0
500.0
500.0
500.0
500.0
500.0
500.0
500.0
500.0
500.0
500.0
500.0
500.0
500.0
500.0
500.0
500.0
500.0
500.0
500.0
500.0
500.0
500.0
500.0
500.0
500.0
500.0
500.0
500.0
500.0
500.0
500.0
500.0
500.0
500.0
500.0
500.0
500.0
500.0
500.0
500.0
500.0
500.0
500.0
500.0
500.0
500.0
500.0
500.0
500.0
500.0
500.0
500.0
500.0
500.0
500.0
500.0
500.0
500.0
500.0
500.0
500.0
500.0
500.0
500.0
500.0
500.0
500.0
500.0
500.0
500.0
500.0
500.0
500.0
500.0
500.0
500.0
500.0
500.0
500.0
500.0
500.0
500.0
500.0
500.0
500.0
500.0
500.0
500.0
500.0
500.0
500.0
500.0
500.0
500.0
500.0
500.0
500.0
500.0
500.0
500.0
500.0
500.0
500.0
500.0
500.0
500.0
500.0
500.0
500.0
500.0
500.0
462.0
500.0
500.0
500.0
500.0
500.0
500.0
500.0
500.0
500.0
500.0
500.0
500.0
500.0
500.0
500.0
500.0
500.0
500.0
500.0
500.0
500.0
500.0
500.0
500.0
500.0
500.0
500.0
500.0
500.0
500.0
500.0
500.0
500.0
500.0
500.0
500.0
500.0
500.0
500.0
500.0
500.0
500.0
500.0
500.0
500.0
500.0
500.0
500.0
500.0
500.0
500.0
500.0
500.0
500.0
500.0
500.0
500.0
500.0
500.0
500.0
500.0
500.0
500.0
500.0
500.0
500.0
500.0
500.0
500.0
500.0
500.0
500.0
500.0
500.0
500.0
500.0
500.0
500.0
500.0
500.0
500.0
500.0
500.0
500.0
500.0
500.0
500.0
500.0
500.0
500.0
500.0
500.0
500.0
500.0
500.0
500.0
500.0
500.0
500.0
500.0
500.0
500.0
500.0
500.0
500.0
500.0
500.0
500.0
500.0
500.0
500.0
500.0
500.0
500.0
500.0
500.0
500.0
500.0
500.0
500.0
500.0
500.0
500.0
500.0
500.0
500.0
500.0
500.0
500.0
500.0
500.0
500.0
500.0
500.0
500.0
500.0
500.0
500.0
500.0
500.0
500.0
500.0
500.0
500.0
500.0
500.0
500.0
500.0
500.0
500.0
500.0
500.0
500.0
500.0
500.0
500.0
500.0
500.0
500.0
500.0
500.0
500.0
500.0
500.0
500.0
500.0
500.0
500.0
500.0
500.0
500.0
500.0
500.0
500.0
500.0
500.0
500.0
500.0
500.0
500.0
500.0
500.0
500.0
500.0
500.0
500.0
500.0
500.0
500.0
500.0
500.0
500.0
500.0
500.0
500.0
500.0
500.0
500.0
500.0
500.0
500.0
500.0
500.0
500.0
500.0
500.0
500.0
500.0
500.0
500.0
500.0
500.0
500.0
500.0
500.0
500.0
500.0
500.0
500.0
500.0
500.0
500.0
500.0
500.0
500.0
500.0
500.0
500.0
500.0
500.0
500.0
500.0
500.0
500.0
500.0
500.0
500.0
500.0
500.0
500.0
500.0
500.0
500.0
500.0
500.0
500.0
500.0
500.0
500.0
500.0
500.0
500.0
500.0
500.0
500.0
500.0
500.0
500.0
500.0
500.0
500.0
500.0
500.0
500.0
500.0
500.0
500.0
500.0
500.0
500.0
500.0
500.0
500.0
500.0
500.0
500.0
500.0
500.0
500.0
500.0
500.0
500.0